area,avgPrice,color,entertime,market,maxPrice,minPrice,name,province,standard,time,typy,unit
华中,1.90,none,2018-08-25,湖北省洪湖农贸市场,2.40,1.30,芋头,湖北,none,2018-08-13,蔬菜,元/斤
华中,1.90,none,2018-08-25,湖北省洪湖农贸市场,2.40,1.30,芋头,湖北,none,2018-08-09,蔬菜,元/斤
华中,1.90,none,2018-08-25,湖北省洪湖农贸市场,2.40,1.30,芋头,湖北,none,2018-08-08,蔬菜,元/斤
华中,1.90,none,2018-08-25,湖北省洪湖农贸市场,2.40,1.30,芋头,湖北,none,2018-08-06,蔬菜,元/斤
华中,1.90,none,2018-08-25,湖北省洪湖农贸市场,2.60,1.50,芋头,湖北,none,2018-08-03,蔬菜,元/斤
华中,1.90,none,2018-08-25,湖北省洪湖农贸市场,2.60,1.50,芋头,湖北,none,2018-08-02,蔬菜,元/斤
华中,1.90,none,2018-08-25,湖北省洪湖农贸市场,2.60,1.50,芋头,湖北,none,2018-08-01,蔬菜,元/斤
华中,1.90,none,2018-08-25,湖北省洪湖农贸市场,2.60,1.50,芋头,湖北,none,2018-07-31,蔬菜,元/斤
华中,1.90,none,2018-08-25,湖北省洪湖农贸市场,2.60,1.50,芋头,湖北,none,2018-07-07,蔬菜,元/斤
华中,1.90,none,2018-08-25,湖北省洪湖农贸市场,2.60,1.50,芋头,湖北,none,2018-07-01,蔬菜,元/斤
华中,1.90,none,2018-08-25,湖北省洪湖农贸市场,2.60,1.50,芋头,湖北,none,2018-06-03,蔬菜,元/斤
华中,1.90,none,2018-08-25,湖北省洪湖农贸市场,2.60,1.50,芋头,湖北,none,2018-05-29,蔬菜,元/斤
华中,1.90,none,2018-08-25,湖北省洪湖农贸市场,2.60,1.50,芋头,湖北,none,2018-05-25,蔬菜,元/斤
华中,1.90,none,2018-08-25,湖北省洪湖农贸市场,2.60,1.50,芋头,湖北,none,2018-05-24,蔬菜,元/斤
华中,1.90,none,2018-08-25,湖北省洪湖农贸市场,2.60,1.50,芋头,湖北,none,2018-05-23,蔬菜,元/斤
华中,1.90,none,2018-08-25,湖北省洪湖农贸市场,2.60,1.50,芋头,湖北,none,2018-05-22,蔬菜,元/斤
华中,1.90,none,2018-08-25,湖北省洪湖农贸市场,2.60,1.50,芋头,湖北,none,2018-05-16,蔬菜,元/斤
华中,1.90,none,2018-08-25,湖北省洪湖农贸市场,2.60,1.50,芋头,湖北,none,2018-05-15,蔬菜,元/斤
华中,1.90,none,2018-08-25,湖北省洪湖农贸市场,2.60,1.50,芋头,湖北,none,2018-05-14,蔬菜,元/斤
华中,1.90,none,2018-08-25,湖北省洪湖农贸市场,2.40,1.50,芋头,湖北,none,2018-05-08,蔬菜,元/斤
华中,1.90,none,2018-08-25,湖北省洪湖农贸市场,2.40,1.50,芋头,湖北,none,2018-05-03,蔬菜,元/斤
华中,1.90,none,2018-08-25,湖北省洪湖农贸市场,2.40,1.50,芋头,湖北,none,2018-05-02,蔬菜,元/斤
华中,1.90,none,2018-08-25,湖北省洪湖农贸市场,2.40,1.50,芋头,湖北,none,2018-04-28,蔬菜,元/斤
华中,1.90,none,2018-08-25,湖北省洪湖农贸市场,2.40,1.50,芋头,湖北,none,2018-04-27,蔬菜,元/斤
华中,1.90,none,2018-08-25,湖北省洪湖农贸市场,2.40,1.50,芋头,湖北,none,2018-04-26,蔬菜,元/斤
华中,1.10,none,2018-08-25,湖北省洪湖农贸市场,1.30,0.90,绿豆芽,湖北,none,2018-08-13,蔬菜,元/斤
华中,1.10,none,2018-08-25,湖北省洪湖农贸市场,1.30,0.90,绿豆芽,湖北,none,2018-08-08,蔬菜,元/斤
华中,1.10,none,2018-08-25,湖北省洪湖农贸市场,1.30,0.90,绿豆芽,湖北,none,2018-08-06,蔬菜,元/斤
华中,1.10,none,2018-08-25,湖北省洪湖农贸市场,1.30,0.90,绿豆芽,湖北,none,2018-08-03,蔬菜,元/斤
华中,1.10,none,2018-08-25,湖北省洪湖农贸市场,1.30,0.90,绿豆芽,湖北,none,2018-08-02,蔬菜,元/斤
华中,1.10,none,2018-08-25,湖北省洪湖农贸市场,1.30,0.90,绿豆芽,湖北,none,2018-08-01,蔬菜,元/斤
华中,1.10,none,2018-08-25,湖北省洪湖农贸市场,1.30,0.90,绿豆芽,湖北,none,2018-07-31,蔬菜,元/斤
华中,1.10,none,2018-08-25,湖北省洪湖农贸市场,1.30,0.90,绿豆芽,湖北,none,2018-07-07,蔬菜,元/斤
华中,1.10,none,2018-08-25,湖北省洪湖农贸市场,1.30,0.90,绿豆芽,湖北,none,2018-07-01,蔬菜,元/斤
华中,1.10,none,2018-08-25,湖北省洪湖农贸市场,1.30,0.90,绿豆芽,湖北,none,2018-06-03,蔬菜,元/斤
华中,1.10,none,2018-08-25,湖北省洪湖农贸市场,1.30,0.90,绿豆芽,湖北,none,2018-05-29,蔬菜,元/斤
华中,1.10,none,2018-08-25,湖北省洪湖农贸市场,1.30,0.90,绿豆芽,湖北,none,2018-05-25,蔬菜,元/斤
华中,1.10,none,2018-08-25,湖北省洪湖农贸市场,1.30,0.90,绿豆芽,湖北,none,2018-05-24,蔬菜,元/斤
华中,1.10,none,2018-08-25,湖北省洪湖农贸市场,1.30,0.90,绿豆芽,湖北,none,2018-05-23,蔬菜,元/斤
华中,1.10,none,2018-08-25,湖北省洪湖农贸市场,1.30,0.90,绿豆芽,湖北,none,2018-05-22,蔬菜,元/斤
华中,1.10,none,2018-08-25,湖北省洪湖农贸市场,1.30,0.90,绿豆芽,湖北,none,2018-05-16,蔬菜,元/斤
华中,1.10,none,2018-08-25,湖北省洪湖农贸市场,1.30,0.90,绿豆芽,湖北,none,2018-05-08,蔬菜,元/斤
华中,1.10,none,2018-08-25,湖北省洪湖农贸市场,1.30,0.90,绿豆芽,湖北,none,2018-05-03,蔬菜,元/斤
华中,1.10,none,2018-08-25,湖北省洪湖农贸市场,1.30,0.90,绿豆芽,湖北,none,2018-05-02,蔬菜,元/斤
华中,1.10,none,2018-08-25,湖北省洪湖农贸市场,1.30,0.90,绿豆芽,湖北,none,2018-04-28,蔬菜,元/斤
华中,1.10,none,2018-08-25,湖北省洪湖农贸市场,1.30,0.90,绿豆芽,湖北,none,2018-04-27,蔬菜,元/斤
华中,1.10,none,2018-08-25,湖北省洪湖农贸市场,1.30,0.90,绿豆芽,湖北,none,2018-04-26,蔬菜,元/斤
华中,1.10,none,2018-08-25,湖北省洪湖农贸市场,1.30,0.90,绿豆芽,湖北,none,2018-04-25,蔬菜,元/斤
华中,1.10,none,2018-08-25,湖北省洪湖农贸市场,1.30,0.90,绿豆芽,湖北,none,2018-04-24,蔬菜,元/斤
华中,1.10,none,2018-08-25,湖北省洪湖农贸市场,1.30,0.90,绿豆芽,湖北,none,2018-04-20,蔬菜,元/斤
华中,1.90,none,2018-08-25,湖北省洪湖农贸市场,2.30,1.60,丝瓜,湖北,none,2018-08-08,蔬菜,元/斤
华中,1.90,none,2018-08-25,湖北省洪湖农贸市场,2.30,1.60,丝瓜,湖北,none,2018-08-06,蔬菜,元/斤
华中,1.70,none,2018-08-25,湖北省洪湖农贸市场,2.00,1.50,丝瓜,湖北,none,2018-08-03,蔬菜,元/斤
华中,1.70,none,2018-08-25,湖北省洪湖农贸市场,2.00,1.50,丝瓜,湖北,none,2018-08-02,蔬菜,元/斤
华中,1.70,none,2018-08-25,湖北省洪湖农贸市场,2.00,1.50,丝瓜,湖北,none,2018-08-01,蔬菜,元/斤
华中,1.70,none,2018-08-25,湖北省洪湖农贸市场,2.00,1.50,丝瓜,湖北,none,2018-07-31,蔬菜,元/斤
华中,2.30,none,2018-08-25,湖北省洪湖农贸市场,2.80,1.90,丝瓜,湖北,none,2018-06-03,蔬菜,元/斤
华中,2.10,none,2018-08-25,湖北省洪湖农贸市场,2.60,1.90,丝瓜,湖北,none,2018-05-29,蔬菜,元/斤
华中,1.70,none,2018-08-25,湖北省洪湖农贸市场,1.90,1.50,丝瓜,湖北,none,2018-05-25,蔬菜,元/斤
华中,1.70,none,2018-08-25,湖北省洪湖农贸市场,1.90,1.50,丝瓜,湖北,none,2018-05-24,蔬菜,元/斤
华中,1.70,none,2018-08-25,湖北省洪湖农贸市场,1.90,1.50,丝瓜,湖北,none,2018-05-16,蔬菜,元/斤
华中,2.70,none,2018-08-25,湖北省洪湖农贸市场,2.90,2.40,丝瓜,湖北,none,2018-05-08,蔬菜,元/斤
华中,2.70,none,2018-08-25,湖北省洪湖农贸市场,2.90,2.40,丝瓜,湖北,none,2018-05-03,蔬菜,元/斤
华中,2.70,none,2018-08-25,湖北省洪湖农贸市场,2.90,2.40,丝瓜,湖北,none,2018-05-02,蔬菜,元/斤
华中,2.70,none,2018-08-25,湖北省洪湖农贸市场,2.90,2.40,丝瓜,湖北,none,2018-04-28,蔬菜,元/斤
华中,2.70,none,2018-08-25,湖北省洪湖农贸市场,2.90,2.40,丝瓜,湖北,none,2018-04-27,蔬菜,元/斤
华中,2.70,none,2018-08-25,湖北省洪湖农贸市场,2.90,2.40,丝瓜,湖北,none,2018-04-26,蔬菜,元/斤
华中,2.70,none,2018-08-25,湖北省洪湖农贸市场,2.90,2.40,丝瓜,湖北,none,2018-04-25,蔬菜,元/斤
华中,2.70,none,2018-08-25,湖北省洪湖农贸市场,2.90,2.40,丝瓜,湖北,none,2018-04-24,蔬菜,元/斤
华中,2.70,none,2018-08-25,湖北省洪湖农贸市场,2.90,2.40,丝瓜,湖北,none,2018-04-20,蔬菜,元/斤
华中,2.70,none,2018-08-25,湖北省洪湖农贸市场,2.90,2.40,丝瓜,湖北,none,2018-04-19,蔬菜,元/斤
华中,2.70,none,2018-08-25,湖北省洪湖农贸市场,2.90,2.40,丝瓜,湖北,none,2018-04-16,蔬菜,元/斤
华中,2.70,none,2018-08-25,湖北省洪湖农贸市场,2.90,2.40,丝瓜,湖北,none,2018-04-13,蔬菜,元/斤
华中,2.80,none,2018-08-25,湖北省洪湖农贸市场,3.10,2.50,丝瓜,湖北,none,2018-04-12,蔬菜,元/斤
华中,2.80,none,2018-08-25,湖北省洪湖农贸市场,3.10,2.50,丝瓜,湖北,none,2018-04-08,蔬菜,元/斤
华中,1.30,none,2018-08-25,湖北省洪湖农贸市场,1.60,1.00,苦瓜,湖北,none,2018-08-08,蔬菜,元/斤
华中,1.30,none,2018-08-25,湖北省洪湖农贸市场,1.60,1.00,苦瓜,湖北,none,2018-08-06,蔬菜,元/斤
华中,1.30,none,2018-08-25,湖北省洪湖农贸市场,1.60,1.00,苦瓜,湖北,none,2018-08-03,蔬菜,元/斤
华中,1.30,none,2018-08-25,湖北省洪湖农贸市场,1.60,1.00,苦瓜,湖北,none,2018-08-02,蔬菜,元/斤
华中,1.30,none,2018-08-25,湖北省洪湖农贸市场,1.60,1.00,苦瓜,湖北,none,2018-08-01,蔬菜,元/斤
华中,1.30,none,2018-08-25,湖北省洪湖农贸市场,1.60,1.00,苦瓜,湖北,none,2018-07-31,蔬菜,元/斤
华中,2.40,none,2018-08-25,湖北省洪湖农贸市场,3.00,1.80,苦瓜,湖北,none,2018-06-03,蔬菜,元/斤
华中,2.30,none,2018-08-25,湖北省洪湖农贸市场,2.80,1.80,苦瓜,湖北,none,2018-05-29,蔬菜,元/斤
华中,1.50,none,2018-08-25,湖北省洪湖农贸市场,1.80,1.30,苦瓜,湖北,none,2018-05-25,蔬菜,元/斤
华中,1.50,none,2018-08-25,湖北省洪湖农贸市场,1.80,1.30,苦瓜,湖北,none,2018-05-24,蔬菜,元/斤
华中,1.50,none,2018-08-25,湖北省洪湖农贸市场,1.60,1.30,苦瓜,湖北,none,2018-05-16,蔬菜,元/斤
华中,2.10,none,2018-08-25,湖北省洪湖农贸市场,2.25,1.90,苦瓜,湖北,none,2018-05-08,蔬菜,元/斤
华中,2.10,none,2018-08-25,湖北省洪湖农贸市场,2.25,1.90,苦瓜,湖北,none,2018-05-03,蔬菜,元/斤
华中,2.10,none,2018-08-25,湖北省洪湖农贸市场,2.25,1.90,苦瓜,湖北,none,2018-05-02,蔬菜,元/斤
华中,2.30,none,2018-08-25,湖北省洪湖农贸市场,2.50,2.20,苦瓜,湖北,none,2018-04-28,蔬菜,元/斤
华中,2.30,none,2018-08-25,湖北省洪湖农贸市场,2.50,2.20,苦瓜,湖北,none,2018-04-27,蔬菜,元/斤
华中,2.30,none,2018-08-25,湖北省洪湖农贸市场,2.50,2.20,苦瓜,湖北,none,2018-04-26,蔬菜,元/斤
华中,2.30,none,2018-08-25,湖北省洪湖农贸市场,2.50,2.20,苦瓜,湖北,none,2018-04-25,蔬菜,元/斤
华中,2.30,none,2018-08-25,湖北省洪湖农贸市场,2.50,2.20,苦瓜,湖北,none,2018-04-24,蔬菜,元/斤
华中,2.30,none,2018-08-25,湖北省洪湖农贸市场,2.50,2.20,苦瓜,湖北,none,2018-04-20,蔬菜,元/斤
华中,2.30,none,2018-08-25,湖北省洪湖农贸市场,2.50,2.20,苦瓜,湖北,none,2018-04-19,蔬菜,元/斤
华中,2.30,none,2018-08-25,湖北省洪湖农贸市场,2.50,2.20,苦瓜,湖北,none,2018-04-16,蔬菜,元/斤
华中,2.30,none,2018-08-25,湖北省洪湖农贸市场,2.50,2.20,苦瓜,湖北,none,2018-04-13,蔬菜,元/斤
华中,2.30,none,2018-08-25,湖北省洪湖农贸市场,2.50,2.20,苦瓜,湖北,none,2018-04-12,蔬菜,元/斤
华中,2.30,none,2018-08-25,湖北省洪湖农贸市场,2.50,2.20,苦瓜,湖北,none,2018-04-08,蔬菜,元/斤
华中,2.00,none,2018-08-25,湖北省洪湖农贸市场,2.60,1.60,莲藕,湖北,none,2018-08-13,蔬菜,元/斤
华中,2.00,none,2018-08-25,湖北省洪湖农贸市场,2.60,1.60,莲藕,湖北,none,2018-08-08,蔬菜,元/斤
华中,2.00,none,2018-08-25,湖北省洪湖农贸市场,2.60,1.60,莲藕,湖北,none,2018-08-06,蔬菜,元/斤
华中,2.10,none,2018-08-25,湖北省洪湖农贸市场,2.80,1.70,莲藕,湖北,none,2018-08-03,蔬菜,元/斤
华中,2.10,none,2018-08-25,湖北省洪湖农贸市场,2.80,1.70,莲藕,湖北,none,2018-08-02,蔬菜,元/斤
华中,2.10,none,2018-08-25,湖北省洪湖农贸市场,2.80,1.70,莲藕,湖北,none,2018-08-01,蔬菜,元/斤
华中,2.10,none,2018-08-25,湖北省洪湖农贸市场,2.80,1.70,莲藕,湖北,none,2018-07-31,蔬菜,元/斤
华中,3.00,none,2018-08-25,湖北省洪湖农贸市场,4.00,2.50,莲藕,湖北,none,2018-07-07,蔬菜,元/斤
华中,3.40,none,2018-08-25,湖北省洪湖农贸市场,4.40,2.90,莲藕,湖北,none,2018-07-01,蔬菜,元/斤
华中,1.40,none,2018-08-25,湖北省洪湖农贸市场,1.70,0.80,莲藕,湖北,none,2018-06-03,蔬菜,元/斤
华中,1.40,none,2018-08-25,湖北省洪湖农贸市场,1.70,0.80,莲藕,湖北,none,2018-05-29,蔬菜,元/斤
华中,1.40,none,2018-08-25,湖北省洪湖农贸市场,1.70,0.80,莲藕,湖北,none,2018-05-25,蔬菜,元/斤
华中,1.40,none,2018-08-25,湖北省洪湖农贸市场,1.70,0.80,莲藕,湖北,none,2018-05-24,蔬菜,元/斤
华中,1.40,none,2018-08-25,湖北省洪湖农贸市场,1.70,0.80,莲藕,湖北,none,2018-05-23,蔬菜,元/斤
华中,1.40,none,2018-08-25,湖北省洪湖农贸市场,1.70,0.80,莲藕,湖北,none,2018-05-22,蔬菜,元/斤
华中,1.40,none,2018-08-25,湖北省洪湖农贸市场,1.80,0.80,莲藕,湖北,none,2018-05-16,蔬菜,元/斤
华中,1.40,none,2018-08-25,湖北省洪湖农贸市场,1.80,0.80,莲藕,湖北,none,2018-05-08,蔬菜,元/斤
华中,1.40,none,2018-08-25,湖北省洪湖农贸市场,1.80,0.80,莲藕,湖北,none,2018-05-03,蔬菜,元/斤
华中,1.40,none,2018-08-25,湖北省洪湖农贸市场,1.80,0.80,莲藕,湖北,none,2018-05-02,蔬菜,元/斤
华中,1.40,none,2018-08-25,湖北省洪湖农贸市场,1.80,0.80,莲藕,湖北,none,2018-04-28,蔬菜,元/斤
华中,1.40,none,2018-08-25,湖北省洪湖农贸市场,1.80,0.80,莲藕,湖北,none,2018-04-27,蔬菜,元/斤
华中,1.40,none,2018-08-25,湖北省洪湖农贸市场,1.80,0.80,莲藕,湖北,none,2018-04-26,蔬菜,元/斤
华中,1.40,none,2018-08-25,湖北省洪湖农贸市场,1.80,0.80,莲藕,湖北,none,2018-04-25,蔬菜,元/斤
华中,1.40,none,2018-08-25,湖北省洪湖农贸市场,1.80,0.80,莲藕,湖北,none,2018-04-24,蔬菜,元/斤
华中,1.40,none,2018-08-25,湖北省洪湖农贸市场,1.80,0.80,莲藕,湖北,none,2018-04-20,蔬菜,元/斤
华中,11.50,none,2018-08-25,湖北省洪湖农贸市场,12.00,10.50,香菜,湖北,none,2018-08-13,蔬菜,元/斤
华中,9.50,none,2018-08-25,湖北省洪湖农贸市场,10.00,8.50,香菜,湖北,none,2018-08-09,蔬菜,元/斤
华中,9.50,none,2018-08-25,湖北省洪湖农贸市场,10.00,8.50,香菜,湖北,none,2018-08-08,蔬菜,元/斤
华中,9.50,none,2018-08-25,湖北省洪湖农贸市场,10.00,8.50,香菜,湖北,none,2018-08-06,蔬菜,元/斤
华中,9.50,none,2018-08-25,湖北省洪湖农贸市场,10.00,8.50,香菜,湖北,none,2018-08-03,蔬菜,元/斤
华中,9.50,none,2018-08-25,湖北省洪湖农贸市场,10.00,8.50,香菜,湖北,none,2018-08-02,蔬菜,元/斤
华中,9.50,none,2018-08-25,湖北省洪湖农贸市场,10.00,8.50,香菜,湖北,none,2018-08-01,蔬菜,元/斤
华中,9.50,none,2018-08-25,湖北省洪湖农贸市场,10.00,8.50,香菜,湖北,none,2018-07-31,蔬菜,元/斤
华中,5.00,none,2018-08-25,湖北省洪湖农贸市场,5.50,4.50,香菜,湖北,none,2018-07-07,蔬菜,元/斤
华中,5.00,none,2018-08-25,湖北省洪湖农贸市场,5.50,4.50,香菜,湖北,none,2018-07-01,蔬菜,元/斤
华中,5.00,none,2018-08-25,湖北省洪湖农贸市场,5.50,4.50,香菜,湖北,none,2018-06-03,蔬菜,元/斤
华中,5.00,none,2018-08-25,湖北省洪湖农贸市场,5.50,4.50,香菜,湖北,none,2018-05-31,蔬菜,元/斤
华中,5.00,none,2018-08-25,湖北省洪湖农贸市场,5.50,4.50,香菜,湖北,none,2018-05-29,蔬菜,元/斤
华中,4.40,none,2018-08-25,湖北省洪湖农贸市场,5.10,3.90,香菜,湖北,none,2018-05-25,蔬菜,元/斤
华中,4.40,none,2018-08-25,湖北省洪湖农贸市场,5.10,3.90,香菜,湖北,none,2018-05-24,蔬菜,元/斤
华中,4.40,none,2018-08-25,湖北省洪湖农贸市场,5.10,3.90,香菜,湖北,none,2018-05-23,蔬菜,元/斤
华中,4.40,none,2018-08-25,湖北省洪湖农贸市场,5.10,3.90,香菜,湖北,none,2018-05-22,蔬菜,元/斤
华中,4.50,none,2018-08-25,湖北省洪湖农贸市场,5.50,4.00,香菜,湖北,none,2018-05-16,蔬菜,元/斤
华中,4.40,none,2018-08-25,湖北省洪湖农贸市场,4.90,3.90,香菜,湖北,none,2018-05-15,蔬菜,元/斤
华中,4.20,none,2018-08-25,湖北省洪湖农贸市场,4.70,3.70,香菜,湖北,none,2018-05-14,蔬菜,元/斤
华中,2.60,none,2018-08-25,湖北省洪湖农贸市场,3.10,2.10,香菜,湖北,none,2018-05-08,蔬菜,元/斤
华中,2.60,none,2018-08-25,湖北省洪湖农贸市场,3.10,2.10,香菜,湖北,none,2018-05-07,蔬菜,元/斤
华中,2.60,none,2018-08-25,湖北省洪湖农贸市场,3.10,2.10,香菜,湖北,none,2018-05-03,蔬菜,元/斤
华中,2.60,none,2018-08-25,湖北省洪湖农贸市场,3.10,2.10,香菜,湖北,none,2018-05-02,蔬菜,元/斤
华中,2.60,none,2018-08-25,湖北省洪湖农贸市场,3.10,2.10,香菜,湖北,none,2018-04-28,蔬菜,元/斤
华中,3.00,none,2018-08-25,湖北省洪湖农贸市场,3.40,2.70,生姜,湖北,none,2018-08-13,蔬菜,元/斤
华中,3.00,none,2018-08-25,湖北省洪湖农贸市场,3.40,2.70,生姜,湖北,none,2018-08-09,蔬菜,元/斤
华中,3.00,none,2018-08-25,湖北省洪湖农贸市场,3.40,2.70,生姜,湖北,none,2018-08-08,蔬菜,元/斤
华中,3.00,none,2018-08-25,湖北省洪湖农贸市场,3.40,2.70,生姜,湖北,none,2018-08-06,蔬菜,元/斤
华中,3.30,none,2018-08-25,湖北省洪湖农贸市场,3.70,3.00,生姜,湖北,none,2018-08-03,蔬菜,元/斤
华中,3.30,none,2018-08-25,湖北省洪湖农贸市场,3.70,3.00,生姜,湖北,none,2018-08-02,蔬菜,元/斤
华中,3.30,none,2018-08-25,湖北省洪湖农贸市场,3.70,3.00,生姜,湖北,none,2018-08-01,蔬菜,元/斤
华中,3.30,none,2018-08-25,湖北省洪湖农贸市场,3.70,3.00,生姜,湖北,none,2018-07-31,蔬菜,元/斤
华中,3.00,none,2018-08-25,湖北省洪湖农贸市场,3.30,2.80,生姜,湖北,none,2018-07-07,蔬菜,元/斤
华中,3.00,none,2018-08-25,湖北省洪湖农贸市场,3.50,2.80,生姜,湖北,none,2018-07-01,蔬菜,元/斤
华中,3.00,none,2018-08-25,湖北省洪湖农贸市场,3.50,2.50,生姜,湖北,none,2018-06-03,蔬菜,元/斤
华中,3.00,none,2018-08-25,湖北省洪湖农贸市场,3.50,2.50,生姜,湖北,none,2018-05-29,蔬菜,元/斤
华中,3.00,none,2018-08-25,湖北省洪湖农贸市场,3.50,2.50,生姜,湖北,none,2018-05-25,蔬菜,元/斤
华中,3.00,none,2018-08-25,湖北省洪湖农贸市场,3.50,2.50,生姜,湖北,none,2018-05-24,蔬菜,元/斤
华中,3.00,none,2018-08-25,湖北省洪湖农贸市场,3.50,2.50,生姜,湖北,none,2018-05-23,蔬菜,元/斤
华中,3.00,none,2018-08-25,湖北省洪湖农贸市场,3.50,2.50,生姜,湖北,none,2018-05-22,蔬菜,元/斤
华中,3.00,none,2018-08-25,湖北省洪湖农贸市场,3.50,2.50,生姜,湖北,none,2018-05-16,蔬菜,元/斤
华中,3.00,none,2018-08-25,湖北省洪湖农贸市场,3.50,2.50,生姜,湖北,none,2018-05-15,蔬菜,元/斤
华中,3.00,none,2018-08-25,湖北省洪湖农贸市场,3.50,2.50,生姜,湖北,none,2018-05-08,蔬菜,元/斤
华中,3.00,none,2018-08-25,湖北省洪湖农贸市场,3.50,2.50,生姜,湖北,none,2018-05-03,蔬菜,元/斤
华中,3.00,none,2018-08-25,湖北省洪湖农贸市场,3.50,2.50,生姜,湖北,none,2018-05-02,蔬菜,元/斤
华中,3.50,none,2018-08-25,湖北省洪湖农贸市场,3.80,3.00,生姜,湖北,none,2018-04-28,蔬菜,元/斤
华中,3.50,none,2018-08-25,湖北省洪湖农贸市场,3.80,3.00,生姜,湖北,none,2018-04-27,蔬菜,元/斤
华中,3.50,none,2018-08-25,湖北省洪湖农贸市场,3.80,3.00,生姜,湖北,none,2018-04-26,蔬菜,元/斤
华中,3.50,none,2018-08-25,湖北省洪湖农贸市场,3.80,3.00,生姜,湖北,none,2018-04-25,蔬菜,元/斤
华中,2.20,none,2018-08-25,湖北省洪湖农贸市场,2.60,1.90,生菜,湖北,none,2018-08-17,蔬菜,元/斤
华中,2.20,none,2018-08-25,湖北省洪湖农贸市场,2.60,1.90,生菜,湖北,none,2018-08-13,蔬菜,元/斤
华中,2.20,none,2018-08-25,湖北省洪湖农贸市场,2.60,1.90,生菜,湖北,none,2018-08-09,蔬菜,元/斤
华中,2.20,none,2018-08-25,湖北省洪湖农贸市场,2.60,1.90,生菜,湖北,none,2018-08-08,蔬菜,元/斤
华中,2.20,none,2018-08-25,湖北省洪湖农贸市场,2.60,1.90,生菜,湖北,none,2018-08-06,蔬菜,元/斤
华中,1.80,none,2018-08-25,湖北省洪湖农贸市场,2.40,1.60,生菜,湖北,none,2018-08-03,蔬菜,元/斤
华中,1.80,none,2018-08-25,湖北省洪湖农贸市场,2.40,1.60,生菜,湖北,none,2018-08-02,蔬菜,元/斤
华中,1.80,none,2018-08-25,湖北省洪湖农贸市场,2.40,1.60,生菜,湖北,none,2018-08-01,蔬菜,元/斤
华中,1.80,none,2018-08-25,湖北省洪湖农贸市场,2.40,1.60,生菜,湖北,none,2018-07-31,蔬菜,元/斤
华中,2.00,none,2018-08-25,湖北省洪湖农贸市场,2.30,1.60,生菜,湖北,none,2018-07-07,蔬菜,元/斤
华中,2.30,none,2018-08-25,湖北省洪湖农贸市场,2.70,2.00,生菜,湖北,none,2018-07-01,蔬菜,元/斤
华中,1.80,none,2018-08-25,湖北省洪湖农贸市场,2.00,1.50,生菜,湖北,none,2018-06-03,蔬菜,元/斤
华中,1.80,none,2018-08-25,湖北省洪湖农贸市场,2.00,1.50,生菜,湖北,none,2018-05-31,蔬菜,元/斤
华中,1.80,none,2018-08-25,湖北省洪湖农贸市场,2.00,1.50,生菜,湖北,none,2018-05-29,蔬菜,元/斤
华中,1.80,none,2018-08-25,湖北省洪湖农贸市场,2.00,1.50,生菜,湖北,none,2018-05-25,蔬菜,元/斤
华中,1.80,none,2018-08-25,湖北省洪湖农贸市场,2.00,1.50,生菜,湖北,none,2018-05-24,蔬菜,元/斤
华中,1.80,none,2018-08-25,湖北省洪湖农贸市场,2.00,1.50,生菜,湖北,none,2018-05-23,蔬菜,元/斤
华中,1.80,none,2018-08-25,湖北省洪湖农贸市场,2.00,1.50,生菜,湖北,none,2018-05-22,蔬菜,元/斤
华中,1.80,none,2018-08-25,湖北省洪湖农贸市场,2.00,1.50,生菜,湖北,none,2018-05-16,蔬菜,元/斤
华中,1.80,none,2018-08-25,湖北省洪湖农贸市场,2.00,1.50,生菜,湖北,none,2018-05-15,蔬菜,元/斤
华中,1.80,none,2018-08-25,湖北省洪湖农贸市场,2.00,1.50,生菜,湖北,none,2018-05-14,蔬菜,元/斤
华中,1.50,none,2018-08-25,湖北省洪湖农贸市场,1.80,1.30,生菜,湖北,none,2018-05-08,蔬菜,元/斤
华中,1.50,none,2018-08-25,湖北省洪湖农贸市场,1.80,1.30,生菜,湖北,none,2018-05-07,蔬菜,元/斤
华中,1.50,none,2018-08-25,湖北省洪湖农贸市场,1.80,1.30,生菜,湖北,none,2018-05-04,蔬菜,元/斤
华中,1.50,none,2018-08-25,湖北省洪湖农贸市场,1.80,1.30,生菜,湖北,none,2018-05-03,蔬菜,元/斤
华中,2.50,none,2018-08-25,湖北省洪湖农贸市场,2.80,2.25,大蒜,湖北,none,2018-08-13,蔬菜,元/斤
华中,2.50,none,2018-08-25,湖北省洪湖农贸市场,2.80,2.25,大蒜,湖北,none,2018-08-09,蔬菜,元/斤
华中,2.50,none,2018-08-25,湖北省洪湖农贸市场,2.80,2.25,大蒜,湖北,none,2018-08-08,蔬菜,元/斤
华中,2.50,none,2018-08-25,湖北省洪湖农贸市场,2.80,2.25,大蒜,湖北,none,2018-08-06,蔬菜,元/斤
华中,2.50,none,2018-08-25,湖北省洪湖农贸市场,2.80,2.25,大蒜,湖北,none,2018-08-03,蔬菜,元/斤
华中,2.50,none,2018-08-25,湖北省洪湖农贸市场,2.80,2.25,大蒜,湖北,none,2018-08-02,蔬菜,元/斤
华中,2.50,none,2018-08-25,湖北省洪湖农贸市场,2.80,2.25,大蒜,湖北,none,2018-08-01,蔬菜,元/斤
华中,2.50,none,2018-08-25,湖北省洪湖农贸市场,2.80,2.25,大蒜,湖北,none,2018-07-31,蔬菜,元/斤
华中,2.50,none,2018-08-25,湖北省洪湖农贸市场,2.80,2.25,大蒜,湖北,none,2018-07-07,蔬菜,元/斤
华中,2.50,none,2018-08-25,湖北省洪湖农贸市场,2.80,2.25,大蒜,湖北,none,2018-07-01,蔬菜,元/斤
华中,2.50,none,2018-08-25,湖北省洪湖农贸市场,2.80,2.25,大蒜,湖北,none,2018-06-03,蔬菜,元/斤
华中,2.50,none,2018-08-25,湖北省洪湖农贸市场,2.80,2.25,大蒜,湖北,none,2018-05-29,蔬菜,元/斤
华中,2.50,none,2018-08-25,湖北省洪湖农贸市场,2.80,2.25,大蒜,湖北,none,2018-05-25,蔬菜,元/斤
华中,2.50,none,2018-08-25,湖北省洪湖农贸市场,2.80,2.25,大蒜,湖北,none,2018-05-24,蔬菜,元/斤
华中,2.50,none,2018-08-25,湖北省洪湖农贸市场,2.80,2.25,大蒜,湖北,none,2018-05-23,蔬菜,元/斤
华中,2.50,none,2018-08-25,湖北省洪湖农贸市场,2.80,2.25,大蒜,湖北,none,2018-05-22,蔬菜,元/斤
华中,2.50,none,2018-08-25,湖北省洪湖农贸市场,2.80,2.25,大蒜,湖北,none,2018-05-16,蔬菜,元/斤
华中,2.50,none,2018-08-25,湖北省洪湖农贸市场,2.80,2.25,大蒜,湖北,none,2018-05-15,蔬菜,元/斤
华中,2.50,none,2018-08-25,湖北省洪湖农贸市场,2.80,2.25,大蒜,湖北,none,2018-05-08,蔬菜,元/斤
华中,2.50,none,2018-08-25,湖北省洪湖农贸市场,2.80,2.25,大蒜,湖北,none,2018-05-03,蔬菜,元/斤
华中,2.50,none,2018-08-25,湖北省洪湖农贸市场,2.80,2.25,大蒜,湖北,none,2018-05-02,蔬菜,元/斤
华中,2.50,none,2018-08-25,湖北省洪湖农贸市场,2.80,2.25,大蒜,湖北,none,2018-04-28,蔬菜,元/斤
华中,2.50,none,2018-08-25,湖北省洪湖农贸市场,2.80,2.25,大蒜,湖北,none,2018-04-27,蔬菜,元/斤
华中,2.50,none,2018-08-25,湖北省洪湖农贸市场,2.80,2.25,大蒜,湖北,none,2018-04-26,蔬菜,元/斤
华中,2.50,none,2018-08-25,湖北省洪湖农贸市场,2.80,2.25,大蒜,湖北,none,2018-04-25,蔬菜,元/斤
华中,2.80,none,2018-08-25,湖北省洪湖农贸市场,3.40,2.20,菜花,湖北,none,2018-08-08,蔬菜,元/斤
华中,2.80,none,2018-08-25,湖北省洪湖农贸市场,3.40,2.20,菜花,湖北,none,2018-08-06,蔬菜,元/斤
华中,2.70,none,2018-08-25,湖北省洪湖农贸市场,3.20,2.20,菜花,湖北,none,2018-08-03,蔬菜,元/斤
华中,2.70,none,2018-08-25,湖北省洪湖农贸市场,3.20,2.20,菜花,湖北,none,2018-08-02,蔬菜,元/斤
华中,2.70,none,2018-08-25,湖北省洪湖农贸市场,3.20,2.20,菜花,湖北,none,2018-08-01,蔬菜,元/斤
华中,2.70,none,2018-08-25,湖北省洪湖农贸市场,3.20,2.20,菜花,湖北,none,2018-07-31,蔬菜,元/斤
华中,2.00,none,2018-08-25,湖北省洪湖农贸市场,2.50,1.50,菜花,湖北,none,2018-07-07,蔬菜,元/斤
华中,2.50,none,2018-08-25,湖北省洪湖农贸市场,3.40,2.00,菜花,湖北,none,2018-07-01,蔬菜,元/斤
华中,1.90,none,2018-08-25,湖北省洪湖农贸市场,2.40,1.40,菜花,湖北,none,2018-06-03,蔬菜,元/斤
华中,1.90,none,2018-08-25,湖北省洪湖农贸市场,2.40,1.40,菜花,湖北,none,2018-05-29,蔬菜,元/斤
华中,1.90,none,2018-08-25,湖北省洪湖农贸市场,2.40,1.40,菜花,湖北,none,2018-05-25,蔬菜,元/斤
华中,1.90,none,2018-08-25,湖北省洪湖农贸市场,2.40,1.40,菜花,湖北,none,2018-05-24,蔬菜,元/斤
华中,1.90,none,2018-08-25,湖北省洪湖农贸市场,2.40,1.40,菜花,湖北,none,2018-05-23,蔬菜,元/斤
华中,1.90,none,2018-08-25,湖北省洪湖农贸市场,2.40,1.40,菜花,湖北,none,2018-05-22,蔬菜,元/斤
华中,1.90,none,2018-08-25,湖北省洪湖农贸市场,2.40,1.40,菜花,湖北,none,2018-05-16,蔬菜,元/斤
华中,2.50,none,2018-08-25,湖北省洪湖农贸市场,3.00,1.50,菜花,湖北,none,2018-05-08,蔬菜,元/斤
华中,2.50,none,2018-08-25,湖北省洪湖农贸市场,3.00,1.50,菜花,湖北,none,2018-05-03,蔬菜,元/斤
华中,2.50,none,2018-08-25,湖北省洪湖农贸市场,3.00,1.50,菜花,湖北,none,2018-05-02,蔬菜,元/斤
华中,2.50,none,2018-08-25,湖北省洪湖农贸市场,3.00,1.50,菜花,湖北,none,2018-04-28,蔬菜,元/斤
华中,2.50,none,2018-08-25,湖北省洪湖农贸市场,3.00,1.50,菜花,湖北,none,2018-04-27,蔬菜,元/斤
华中,2.50,none,2018-08-25,湖北省洪湖农贸市场,3.00,1.50,菜花,湖北,none,2018-04-26,蔬菜,元/斤
华中,2.50,none,2018-08-25,湖北省洪湖农贸市场,3.00,1.50,菜花,湖北,none,2018-04-25,蔬菜,元/斤
华中,2.50,none,2018-08-25,湖北省洪湖农贸市场,3.00,1.50,菜花,湖北,none,2018-04-24,蔬菜,元/斤
华中,2.50,none,2018-08-25,湖北省洪湖农贸市场,3.00,1.50,菜花,湖北,none,2018-04-20,蔬菜,元/斤
华中,2.50,none,2018-08-25,湖北省洪湖农贸市场,3.00,1.50,菜花,湖北,none,2018-04-19,蔬菜,元/斤
华中,0.30,none,2018-08-25,湖北省洪湖农贸市场,0.40,0.20,冬瓜,湖北,none,2018-08-08,蔬菜,元/斤
华中,0.30,none,2018-08-25,湖北省洪湖农贸市场,0.40,0.20,冬瓜,湖北,none,2018-08-06,蔬菜,元/斤
华中,0.30,none,2018-08-25,湖北省洪湖农贸市场,0.40,0.20,冬瓜,湖北,none,2018-08-03,蔬菜,元/斤
华中,0.30,none,2018-08-25,湖北省洪湖农贸市场,0.40,0.20,冬瓜,湖北,none,2018-08-02,蔬菜,元/斤
华中,0.30,none,2018-08-25,湖北省洪湖农贸市场,0.40,0.20,冬瓜,湖北,none,2018-08-01,蔬菜,元/斤
华中,0.30,none,2018-08-25,湖北省洪湖农贸市场,0.40,0.20,冬瓜,湖北,none,2018-07-31,蔬菜,元/斤
华中,0.80,none,2018-08-25,湖北省洪湖农贸市场,1.10,0.60,冬瓜,湖北,none,2018-06-03,蔬菜,元/斤
华中,0.80,none,2018-08-25,湖北省洪湖农贸市场,1.10,0.60,冬瓜,湖北,none,2018-05-29,蔬菜,元/斤
华中,0.80,none,2018-08-25,湖北省洪湖农贸市场,1.10,0.60,冬瓜,湖北,none,2018-05-25,蔬菜,元/斤
华中,0.80,none,2018-08-25,湖北省洪湖农贸市场,1.10,0.60,冬瓜,湖北,none,2018-05-24,蔬菜,元/斤
华中,0.80,none,2018-08-25,湖北省洪湖农贸市场,1.10,0.60,冬瓜,湖北,none,2018-05-16,蔬菜,元/斤
华中,1.10,none,2018-08-25,湖北省洪湖农贸市场,1.30,0.90,冬瓜,湖北,none,2018-05-08,蔬菜,元/斤
华中,1.10,none,2018-08-25,湖北省洪湖农贸市场,1.30,0.90,冬瓜,湖北,none,2018-05-03,蔬菜,元/斤
华中,1.10,none,2018-08-25,湖北省洪湖农贸市场,1.30,0.90,冬瓜,湖北,none,2018-05-02,蔬菜,元/斤
华中,1.30,none,2018-08-25,湖北省洪湖农贸市场,1.50,1.00,冬瓜,湖北,none,2018-04-28,蔬菜,元/斤
华中,1.30,none,2018-08-25,湖北省洪湖农贸市场,1.50,1.00,冬瓜,湖北,none,2018-04-27,蔬菜,元/斤
华中,1.30,none,2018-08-25,湖北省洪湖农贸市场,1.50,1.00,冬瓜,湖北,none,2018-04-26,蔬菜,元/斤
华中,1.30,none,2018-08-25,湖北省洪湖农贸市场,1.50,1.00,冬瓜,湖北,none,2018-04-25,蔬菜,元/斤
华中,1.30,none,2018-08-25,湖北省洪湖农贸市场,1.50,1.00,冬瓜,湖北,none,2018-04-24,蔬菜,元/斤
华中,1.30,none,2018-08-25,湖北省洪湖农贸市场,1.50,1.00,冬瓜,湖北,none,2018-04-20,蔬菜,元/斤
华中,1.30,none,2018-08-25,湖北省洪湖农贸市场,1.50,1.00,冬瓜,湖北,none,2018-04-19,蔬菜,元/斤
华中,1.30,none,2018-08-25,湖北省洪湖农贸市场,1.50,1.00,冬瓜,湖北,none,2018-04-16,蔬菜,元/斤
华中,1.30,none,2018-08-25,湖北省洪湖农贸市场,1.50,1.00,冬瓜,湖北,none,2018-04-13,蔬菜,元/斤
华中,1.30,none,2018-08-25,湖北省洪湖农贸市场,1.50,1.00,冬瓜,湖北,none,2018-04-12,蔬菜,元/斤
华中,1.30,none,2018-08-25,湖北省洪湖农贸市场,1.50,1.00,冬瓜,湖北,none,2018-04-08,蔬菜,元/斤
华中,1.80,none,2018-08-25,湖北省洪湖农贸市场,2.10,1.60,茄子,湖北,none,2018-08-08,蔬菜,元/斤
华中,1.80,none,2018-08-25,湖北省洪湖农贸市场,2.10,1.60,茄子,湖北,none,2018-08-06,蔬菜,元/斤
华中,1.60,none,2018-08-25,湖北省洪湖农贸市场,1.90,1.30,茄子,湖北,none,2018-08-03,蔬菜,元/斤
华中,1.60,none,2018-08-25,湖北省洪湖农贸市场,1.90,1.30,茄子,湖北,none,2018-08-02,蔬菜,元/斤
华中,1.60,none,2018-08-25,湖北省洪湖农贸市场,1.90,1.30,茄子,湖北,none,2018-08-01,蔬菜,元/斤
华中,1.60,none,2018-08-25,湖北省洪湖农贸市场,1.90,1.30,茄子,湖北,none,2018-07-31,蔬菜,元/斤
华中,1.20,none,2018-08-25,湖北省洪湖农贸市场,1.50,0.90,茄子,湖北,none,2018-07-01,蔬菜,元/斤
华中,2.40,none,2018-08-25,湖北省洪湖农贸市场,2.90,1.80,茄子,湖北,none,2018-06-03,蔬菜,元/斤
华中,2.40,none,2018-08-25,湖北省洪湖农贸市场,2.90,1.80,茄子,湖北,none,2018-05-29,蔬菜,元/斤
华中,2.40,none,2018-08-25,湖北省洪湖农贸市场,2.90,1.80,茄子,湖北,none,2018-05-25,蔬菜,元/斤
华中,2.40,none,2018-08-25,湖北省洪湖农贸市场,2.90,1.80,茄子,湖北,none,2018-05-24,蔬菜,元/斤
华中,3.00,none,2018-08-25,湖北省洪湖农贸市场,3.80,2.30,茄子,湖北,none,2018-05-16,蔬菜,元/斤
华中,2.50,none,2018-08-25,湖北省洪湖农贸市场,3.10,2.30,茄子,湖北,none,2018-05-08,蔬菜,元/斤
华中,2.50,none,2018-08-25,湖北省洪湖农贸市场,3.10,2.30,茄子,湖北,none,2018-05-03,蔬菜,元/斤
华中,2.50,none,2018-08-25,湖北省洪湖农贸市场,3.10,2.30,茄子,湖北,none,2018-05-02,蔬菜,元/斤
华中,2.50,none,2018-08-25,湖北省洪湖农贸市场,3.00,2.30,茄子,湖北,none,2018-04-28,蔬菜,元/斤
华中,2.50,none,2018-08-25,湖北省洪湖农贸市场,3.00,2.30,茄子,湖北,none,2018-04-27,蔬菜,元/斤
华中,2.50,none,2018-08-25,湖北省洪湖农贸市场,3.00,2.30,茄子,湖北,none,2018-04-26,蔬菜,元/斤
华中,2.50,none,2018-08-25,湖北省洪湖农贸市场,3.00,2.30,茄子,湖北,none,2018-04-25,蔬菜,元/斤
华中,2.50,none,2018-08-25,湖北省洪湖农贸市场,3.00,2.30,茄子,湖北,none,2018-04-24,蔬菜,元/斤
华中,2.50,none,2018-08-25,湖北省洪湖农贸市场,3.00,2.30,茄子,湖北,none,2018-04-20,蔬菜,元/斤
华中,2.50,none,2018-08-25,湖北省洪湖农贸市场,3.00,2.30,茄子,湖北,none,2018-04-19,蔬菜,元/斤
华中,2.50,none,2018-08-25,湖北省洪湖农贸市场,3.00,2.30,茄子,湖北,none,2018-04-16,蔬菜,元/斤
华中,2.50,none,2018-08-25,湖北省洪湖农贸市场,2.80,2.30,茄子,湖北,none,2018-04-13,蔬菜,元/斤
华中,2.60,none,2018-08-25,湖北省洪湖农贸市场,2.90,2.40,茄子,湖北,none,2018-04-12,蔬菜,元/斤
华中,0.40,none,2018-08-25,湖北省洪湖农贸市场,0.50,0.30,白萝卜,湖北,none,2018-08-13,蔬菜,元/斤
华中,0.40,none,2018-08-25,湖北省洪湖农贸市场,0.50,0.30,白萝卜,湖北,none,2018-08-09,蔬菜,元/斤
华中,0.40,none,2018-08-25,湖北省洪湖农贸市场,0.50,0.30,白萝卜,湖北,none,2018-08-08,蔬菜,元/斤
华中,0.40,none,2018-08-25,湖北省洪湖农贸市场,0.50,0.30,白萝卜,湖北,none,2018-08-06,蔬菜,元/斤
华中,0.40,none,2018-08-25,湖北省洪湖农贸市场,0.50,0.30,白萝卜,湖北,none,2018-08-03,蔬菜,元/斤
华中,0.40,none,2018-08-25,湖北省洪湖农贸市场,0.50,0.30,白萝卜,湖北,none,2018-08-01,蔬菜,元/斤
华中,0.40,none,2018-08-25,湖北省洪湖农贸市场,0.50,0.30,白萝卜,湖北,none,2018-07-31,蔬菜,元/斤
华中,0.50,none,2018-08-25,湖北省洪湖农贸市场,0.60,0.40,白萝卜,湖北,none,2018-07-07,蔬菜,元/斤
华中,0.50,none,2018-08-25,湖北省洪湖农贸市场,0.60,0.40,白萝卜,湖北,none,2018-07-01,蔬菜,元/斤
华中,0.70,none,2018-08-25,湖北省洪湖农贸市场,0.80,0.40,白萝卜,湖北,none,2018-06-03,蔬菜,元/斤
华中,0.70,none,2018-08-25,湖北省洪湖农贸市场,0.80,0.40,白萝卜,湖北,none,2018-05-29,蔬菜,元/斤
华中,0.70,none,2018-08-25,湖北省洪湖农贸市场,0.80,0.40,白萝卜,湖北,none,2018-05-25,蔬菜,元/斤
华中,0.70,none,2018-08-25,湖北省洪湖农贸市场,0.80,0.40,白萝卜,湖北,none,2018-05-24,蔬菜,元/斤
华中,0.70,none,2018-08-25,湖北省洪湖农贸市场,0.80,0.40,白萝卜,湖北,none,2018-05-23,蔬菜,元/斤
华中,0.70,none,2018-08-25,湖北省洪湖农贸市场,0.80,0.40,白萝卜,湖北,none,2018-05-22,蔬菜,元/斤
华中,0.70,none,2018-08-25,湖北省洪湖农贸市场,0.80,0.40,白萝卜,湖北,none,2018-05-16,蔬菜,元/斤
华中,0.70,none,2018-08-25,湖北省洪湖农贸市场,0.80,0.40,白萝卜,湖北,none,2018-05-15,蔬菜,元/斤
华中,0.70,none,2018-08-25,湖北省洪湖农贸市场,0.80,0.40,白萝卜,湖北,none,2018-05-14,蔬菜,元/斤
华中,0.70,none,2018-08-25,湖北省洪湖农贸市场,0.80,0.40,白萝卜,湖北,none,2018-05-08,蔬菜,元/斤
华中,0.70,none,2018-08-25,湖北省洪湖农贸市场,0.80,0.40,白萝卜,湖北,none,2018-05-03,蔬菜,元/斤
华中,0.70,none,2018-08-25,湖北省洪湖农贸市场,0.80,0.40,白萝卜,湖北,none,2018-05-02,蔬菜,元/斤
华中,0.70,none,2018-08-25,湖北省洪湖农贸市场,0.80,0.40,白萝卜,湖北,none,2018-04-28,蔬菜,元/斤
华中,0.70,none,2018-08-25,湖北省洪湖农贸市场,0.80,0.40,白萝卜,湖北,none,2018-04-27,蔬菜,元/斤
华中,0.70,none,2018-08-25,湖北省洪湖农贸市场,0.80,0.40,白萝卜,湖北,none,2018-04-26,蔬菜,元/斤
华中,0.70,none,2018-08-25,湖北省洪湖农贸市场,0.80,0.40,白萝卜,湖北,none,2018-04-25,蔬菜,元/斤
华中,4.30,none,2018-08-25,湖北省洪湖农贸市场,5.00,3.00,韭菜,湖北,none,2018-08-13,蔬菜,元/斤
华中,4.30,none,2018-08-25,湖北省洪湖农贸市场,5.00,3.00,韭菜,湖北,none,2018-08-09,蔬菜,元/斤
华中,4.30,none,2018-08-25,湖北省洪湖农贸市场,5.00,3.00,韭菜,湖北,none,2018-08-08,蔬菜,元/斤
华中,3.80,none,2018-08-25,湖北省洪湖农贸市场,4.50,3.00,韭菜,湖北,none,2018-08-06,蔬菜,元/斤
华中,2.20,none,2018-08-25,湖北省洪湖农贸市场,2.50,2.00,韭菜,湖北,none,2018-08-03,蔬菜,元/斤
华中,2.20,none,2018-08-25,湖北省洪湖农贸市场,2.50,2.00,韭菜,湖北,none,2018-08-02,蔬菜,元/斤
华中,2.20,none,2018-08-25,湖北省洪湖农贸市场,2.50,2.00,韭菜,湖北,none,2018-08-01,蔬菜,元/斤
华中,2.20,none,2018-08-25,湖北省洪湖农贸市场,2.50,2.00,韭菜,湖北,none,2018-07-31,蔬菜,元/斤
华中,1.70,none,2018-08-25,湖北省洪湖农贸市场,2.00,1.50,韭菜,湖北,none,2018-07-07,蔬菜,元/斤
华中,1.50,none,2018-08-25,湖北省洪湖农贸市场,1.80,1.30,韭菜,湖北,none,2018-07-01,蔬菜,元/斤
华中,1.50,none,2018-08-25,湖北省洪湖农贸市场,1.60,1.00,韭菜,湖北,none,2018-06-03,蔬菜,元/斤
华中,1.50,none,2018-08-25,湖北省洪湖农贸市场,1.60,1.00,韭菜,湖北,none,2018-05-29,蔬菜,元/斤
华中,1.50,none,2018-08-25,湖北省洪湖农贸市场,1.60,1.00,韭菜,湖北,none,2018-05-25,蔬菜,元/斤
华中,1.50,none,2018-08-25,湖北省洪湖农贸市场,1.60,1.00,韭菜,湖北,none,2018-05-24,蔬菜,元/斤
华中,1.50,none,2018-08-25,湖北省洪湖农贸市场,1.60,1.00,韭菜,湖北,none,2018-05-23,蔬菜,元/斤
华中,1.50,none,2018-08-25,湖北省洪湖农贸市场,1.60,1.00,韭菜,湖北,none,2018-05-22,蔬菜,元/斤
华中,1.50,none,2018-08-25,湖北省洪湖农贸市场,1.60,1.00,韭菜,湖北,none,2018-05-16,蔬菜,元/斤
华中,1.50,none,2018-08-25,湖北省洪湖农贸市场,1.60,1.00,韭菜,湖北,none,2018-05-15,蔬菜,元/斤
华中,1.50,none,2018-08-25,湖北省洪湖农贸市场,1.60,1.00,韭菜,湖北,none,2018-05-14,蔬菜,元/斤
华中,1.50,none,2018-08-25,湖北省洪湖农贸市场,1.90,1.00,韭菜,湖北,none,2018-05-08,蔬菜,元/斤
华中,1.50,none,2018-08-25,湖北省洪湖农贸市场,1.90,1.00,韭菜,湖北,none,2018-05-07,蔬菜,元/斤
华中,1.50,none,2018-08-25,湖北省洪湖农贸市场,1.90,1.00,韭菜,湖北,none,2018-05-03,蔬菜,元/斤
华中,1.50,none,2018-08-25,湖北省洪湖农贸市场,1.90,1.00,韭菜,湖北,none,2018-05-02,蔬菜,元/斤
华中,1.50,none,2018-08-25,湖北省洪湖农贸市场,1.90,1.00,韭菜,湖北,none,2018-04-28,蔬菜,元/斤
华中,1.50,none,2018-08-25,湖北省洪湖农贸市场,1.90,1.00,韭菜,湖北,none,2018-04-27,蔬菜,元/斤
华中,1.50,none,2018-08-25,湖北省洪湖农贸市场,2.00,1.00,青椒,湖北,none,2018-08-08,蔬菜,元/斤
华中,1.50,none,2018-08-25,湖北省洪湖农贸市场,2.00,1.00,青椒,湖北,none,2018-08-06,蔬菜,元/斤
华中,1.50,none,2018-08-25,湖北省洪湖农贸市场,2.00,1.00,青椒,湖北,none,2018-08-03,蔬菜,元/斤
华中,1.50,none,2018-08-25,湖北省洪湖农贸市场,2.00,1.00,青椒,湖北,none,2018-08-02,蔬菜,元/斤
华中,1.50,none,2018-08-25,湖北省洪湖农贸市场,2.00,1.00,青椒,湖北,none,2018-08-01,蔬菜,元/斤
华中,1.50,none,2018-08-25,湖北省洪湖农贸市场,2.00,1.00,青椒,湖北,none,2018-07-31,蔬菜,元/斤
华中,1.40,none,2018-08-25,湖北省洪湖农贸市场,1.80,0.90,青椒,湖北,none,2018-07-07,蔬菜,元/斤
华中,1.40,none,2018-08-25,湖北省洪湖农贸市场,1.80,1.00,青椒,湖北,none,2018-07-01,蔬菜,元/斤
华中,1.40,none,2018-08-25,湖北省洪湖农贸市场,1.70,0.80,青椒,湖北,none,2018-06-03,蔬菜,元/斤
华中,1.40,none,2018-08-25,湖北省洪湖农贸市场,1.70,0.80,青椒,湖北,none,2018-05-29,蔬菜,元/斤
华中,1.50,none,2018-08-25,湖北省洪湖农贸市场,2.00,1.10,青椒,湖北,none,2018-05-25,蔬菜,元/斤
华中,1.50,none,2018-08-25,湖北省洪湖农贸市场,2.00,1.10,青椒,湖北,none,2018-05-24,蔬菜,元/斤
华中,2.00,none,2018-08-25,湖北省洪湖农贸市场,2.50,1.80,青椒,湖北,none,2018-05-16,蔬菜,元/斤
华中,2.10,none,2018-08-25,湖北省洪湖农贸市场,2.50,1.90,青椒,湖北,none,2018-05-08,蔬菜,元/斤
华中,2.10,none,2018-08-25,湖北省洪湖农贸市场,2.50,1.90,青椒,湖北,none,2018-05-03,蔬菜,元/斤
华中,2.10,none,2018-08-25,湖北省洪湖农贸市场,2.50,1.90,青椒,湖北,none,2018-05-02,蔬菜,元/斤
华中,2.10,none,2018-08-25,湖北省洪湖农贸市场,2.50,1.90,青椒,湖北,none,2018-04-28,蔬菜,元/斤
华中,2.10,none,2018-08-25,湖北省洪湖农贸市场,2.50,1.90,青椒,湖北,none,2018-04-27,蔬菜,元/斤
华中,2.10,none,2018-08-25,湖北省洪湖农贸市场,2.60,1.90,青椒,湖北,none,2018-04-26,蔬菜,元/斤
华中,2.10,none,2018-08-25,湖北省洪湖农贸市场,2.60,1.90,青椒,湖北,none,2018-04-25,蔬菜,元/斤
华中,2.10,none,2018-08-25,湖北省洪湖农贸市场,2.60,1.90,青椒,湖北,none,2018-04-24,蔬菜,元/斤
华中,2.10,none,2018-08-25,湖北省洪湖农贸市场,2.60,1.90,青椒,湖北,none,2018-04-20,蔬菜,元/斤
华中,2.10,none,2018-08-25,湖北省洪湖农贸市场,2.60,1.90,青椒,湖北,none,2018-04-19,蔬菜,元/斤
华中,2.10,none,2018-08-25,湖北省洪湖农贸市场,2.60,1.90,青椒,湖北,none,2018-04-17,蔬菜,元/斤
华中,2.10,none,2018-08-25,湖北省洪湖农贸市场,2.60,1.90,青椒,湖北,none,2018-04-16,蔬菜,元/斤
华中,1.50,none,2018-08-25,湖北省洪湖农贸市场,1.70,1.30,黄瓜,湖北,none,2018-08-08,蔬菜,元/斤
华中,1.50,none,2018-08-25,湖北省洪湖农贸市场,1.70,1.30,黄瓜,湖北,none,2018-08-06,蔬菜,元/斤
华中,1.30,none,2018-08-25,湖北省洪湖农贸市场,1.50,1.10,黄瓜,湖北,none,2018-08-03,蔬菜,元/斤
华中,1.30,none,2018-08-25,湖北省洪湖农贸市场,1.50,1.10,黄瓜,湖北,none,2018-08-02,蔬菜,元/斤
华中,1.30,none,2018-08-25,湖北省洪湖农贸市场,1.50,1.10,黄瓜,湖北,none,2018-08-01,蔬菜,元/斤
华中,1.30,none,2018-08-25,湖北省洪湖农贸市场,1.50,1.10,黄瓜,湖北,none,2018-07-31,蔬菜,元/斤
华中,1.00,none,2018-08-25,湖北省洪湖农贸市场,1.30,0.80,黄瓜,湖北,none,2018-06-03,蔬菜,元/斤
华中,1.00,none,2018-08-25,湖北省洪湖农贸市场,1.30,0.80,黄瓜,湖北,none,2018-05-29,蔬菜,元/斤
华中,1.10,none,2018-08-25,湖北省洪湖农贸市场,1.40,0.90,黄瓜,湖北,none,2018-05-25,蔬菜,元/斤
华中,1.10,none,2018-08-25,湖北省洪湖农贸市场,1.40,0.90,黄瓜,湖北,none,2018-05-24,蔬菜,元/斤
华中,1.50,none,2018-08-25,湖北省洪湖农贸市场,1.60,1.10,黄瓜,湖北,none,2018-05-16,蔬菜,元/斤
华中,1.50,none,2018-08-25,湖北省洪湖农贸市场,1.70,1.10,黄瓜,湖北,none,2018-05-08,蔬菜,元/斤
华中,1.50,none,2018-08-25,湖北省洪湖农贸市场,1.70,1.10,黄瓜,湖北,none,2018-05-03,蔬菜,元/斤
华中,1.50,none,2018-08-25,湖北省洪湖农贸市场,1.70,1.10,黄瓜,湖北,none,2018-05-02,蔬菜,元/斤
华中,1.60,none,2018-08-25,湖北省洪湖农贸市场,1.90,1.20,黄瓜,湖北,none,2018-04-28,蔬菜,元/斤
华中,1.60,none,2018-08-25,湖北省洪湖农贸市场,1.90,1.20,黄瓜,湖北,none,2018-04-27,蔬菜,元/斤
华中,1.60,none,2018-08-25,湖北省洪湖农贸市场,1.90,1.20,黄瓜,湖北,none,2018-04-26,蔬菜,元/斤
华中,1.60,none,2018-08-25,湖北省洪湖农贸市场,1.90,1.20,黄瓜,湖北,none,2018-04-25,蔬菜,元/斤
华中,1.60,none,2018-08-25,湖北省洪湖农贸市场,1.90,1.20,黄瓜,湖北,none,2018-04-24,蔬菜,元/斤
华中,1.70,none,2018-08-25,湖北省洪湖农贸市场,2.10,1.40,黄瓜,湖北,none,2018-04-20,蔬菜,元/斤
华中,1.70,none,2018-08-25,湖北省洪湖农贸市场,2.10,1.40,黄瓜,湖北,none,2018-04-19,蔬菜,元/斤
华中,1.70,none,2018-08-25,湖北省洪湖农贸市场,2.10,1.40,黄瓜,湖北,none,2018-04-16,蔬菜,元/斤
华中,1.50,none,2018-08-25,湖北省洪湖农贸市场,1.90,1.20,黄瓜,湖北,none,2018-04-13,蔬菜,元/斤
华中,1.90,none,2018-08-25,湖北省洪湖农贸市场,2.10,1.30,黄瓜,湖北,none,2018-04-12,蔬菜,元/斤
华中,1.90,none,2018-08-25,湖北省洪湖农贸市场,2.10,1.30,黄瓜,湖北,none,2018-04-08,蔬菜,元/斤
华中,3.30,none,2018-08-25,湖北省洪湖农贸市场,3.50,3.00,金针菇,湖北,none,2018-08-08,蔬菜,元/斤
华中,3.30,none,2018-08-25,湖北省洪湖农贸市场,3.50,3.00,金针菇,湖北,none,2018-08-06,蔬菜,元/斤
华中,3.30,none,2018-08-25,湖北省洪湖农贸市场,3.50,3.00,金针菇,湖北,none,2018-08-03,蔬菜,元/斤
华中,3.30,none,2018-08-25,湖北省洪湖农贸市场,3.50,3.00,金针菇,湖北,none,2018-08-02,蔬菜,元/斤
华中,3.30,none,2018-08-25,湖北省洪湖农贸市场,3.50,3.00,金针菇,湖北,none,2018-08-01,蔬菜,元/斤
华中,3.30,none,2018-08-25,湖北省洪湖农贸市场,3.50,3.00,金针菇,湖北,none,2018-07-31,蔬菜,元/斤
华中,2.80,none,2018-08-25,湖北省洪湖农贸市场,3.10,2.50,金针菇,湖北,none,2018-06-03,蔬菜,元/斤
华中,2.80,none,2018-08-25,湖北省洪湖农贸市场,3.10,2.50,金针菇,湖北,none,2018-05-29,蔬菜,元/斤
华中,2.80,none,2018-08-25,湖北省洪湖农贸市场,3.10,2.50,金针菇,湖北,none,2018-05-25,蔬菜,元/斤
华中,2.80,none,2018-08-25,湖北省洪湖农贸市场,3.10,2.50,金针菇,湖北,none,2018-05-24,蔬菜,元/斤
华中,2.80,none,2018-08-25,湖北省洪湖农贸市场,3.10,2.50,金针菇,湖北,none,2018-05-16,蔬菜,元/斤
华中,2.80,none,2018-08-25,湖北省洪湖农贸市场,3.10,2.50,金针菇,湖北,none,2018-05-08,蔬菜,元/斤
华中,2.80,none,2018-08-25,湖北省洪湖农贸市场,3.10,2.50,金针菇,湖北,none,2018-05-03,蔬菜,元/斤
华中,2.80,none,2018-08-25,湖北省洪湖农贸市场,3.10,2.50,金针菇,湖北,none,2018-05-02,蔬菜,元/斤
华中,2.80,none,2018-08-25,湖北省洪湖农贸市场,3.10,2.50,金针菇,湖北,none,2018-04-28,蔬菜,元/斤
华中,2.80,none,2018-08-25,湖北省洪湖农贸市场,3.10,2.50,金针菇,湖北,none,2018-04-27,蔬菜,元/斤
华中,2.80,none,2018-08-25,湖北省洪湖农贸市场,3.10,2.50,金针菇,湖北,none,2018-04-26,蔬菜,元/斤
华中,2.80,none,2018-08-25,湖北省洪湖农贸市场,3.10,2.50,金针菇,湖北,none,2018-04-25,蔬菜,元/斤
华中,2.80,none,2018-08-25,湖北省洪湖农贸市场,3.10,2.50,金针菇,湖北,none,2018-04-24,蔬菜,元/斤
华中,2.80,none,2018-08-25,湖北省洪湖农贸市场,3.10,2.50,金针菇,湖北,none,2018-04-20,蔬菜,元/斤
华中,2.80,none,2018-08-25,湖北省洪湖农贸市场,3.10,2.50,金针菇,湖北,none,2018-04-19,蔬菜,元/斤
华中,2.80,none,2018-08-25,湖北省洪湖农贸市场,3.10,2.50,金针菇,湖北,none,2018-04-16,蔬菜,元/斤
华中,2.80,none,2018-08-25,湖北省洪湖农贸市场,3.10,2.50,金针菇,湖北,none,2018-04-13,蔬菜,元/斤
华中,2.80,none,2018-08-25,湖北省洪湖农贸市场,3.10,2.50,金针菇,湖北,none,2018-04-12,蔬菜,元/斤
华中,2.80,none,2018-08-25,湖北省洪湖农贸市场,3.10,2.50,金针菇,湖北,none,2018-04-08,蔬菜,元/斤
华中,2.00,none,2018-08-25,湖北省洪湖农贸市场,2.50,1.50,芋头,湖北,none,2017-01-10,蔬菜,元/斤
华中,2.00,none,2018-08-25,湖北省洪湖农贸市场,2.50,1.50,芋头,湖北,none,2017-01-09,蔬菜,元/斤
华中,2.00,none,2018-08-25,湖北省洪湖农贸市场,2.50,1.50,芋头,湖北,none,2017-01-06,蔬菜,元/斤
华中,2.00,none,2018-08-25,湖北省洪湖农贸市场,2.50,1.50,芋头,湖北,none,2017-01-04,蔬菜,元/斤
华中,2.00,none,2018-08-25,湖北省洪湖农贸市场,2.50,1.50,芋头,湖北,none,2017-01-03,蔬菜,元/斤
华中,1.20,none,2018-08-25,湖北省洪湖农贸市场,1.50,0.90,绿豆芽,湖北,none,2017-01-06,蔬菜,元/斤
华中,1.20,none,2018-08-25,湖北省洪湖农贸市场,1.50,0.90,绿豆芽,湖北,none,2017-01-04,蔬菜,元/斤
华中,1.20,none,2018-08-25,湖北省洪湖农贸市场,1.50,0.90,绿豆芽,湖北,none,2017-01-03,蔬菜,元/斤
华中,4.30,none,2018-08-25,湖北省洪湖农贸市场,4.50,4.00,丝瓜,湖北,none,2017-02-21,蔬菜,元/斤
华中,4.80,none,2018-08-25,湖北省洪湖农贸市场,5.00,4.50,丝瓜,湖北,none,2017-02-20,蔬菜,元/斤
华中,5.30,none,2018-08-25,湖北省洪湖农贸市场,5.50,5.00,丝瓜,湖北,none,2017-02-17,蔬菜,元/斤
华中,5.30,none,2018-08-25,湖北省洪湖农贸市场,5.50,5.00,丝瓜,湖北,none,2017-02-16,蔬菜,元/斤
华中,5.30,none,2018-08-25,湖北省洪湖农贸市场,5.50,5.00,丝瓜,湖北,none,2017-02-15,蔬菜,元/斤
华中,5.30,none,2018-08-25,湖北省洪湖农贸市场,5.50,5.00,丝瓜,湖北,none,2017-02-14,蔬菜,元/斤
华中,5.30,none,2018-08-25,湖北省洪湖农贸市场,5.50,5.00,丝瓜,湖北,none,2017-02-13,蔬菜,元/斤
华中,5.30,none,2018-08-25,湖北省洪湖农贸市场,5.50,5.00,丝瓜,湖北,none,2017-02-10,蔬菜,元/斤
华中,5.30,none,2018-08-25,湖北省洪湖农贸市场,5.50,5.00,丝瓜,湖北,none,2017-02-08,蔬菜,元/斤
华中,5.30,none,2018-08-25,湖北省洪湖农贸市场,5.50,5.00,丝瓜,湖北,none,2017-02-07,蔬菜,元/斤
华中,5.50,none,2018-08-25,湖北省洪湖农贸市场,6.00,5.00,丝瓜,湖北,none,2017-01-30,蔬菜,元/斤
华中,5.50,none,2018-08-25,湖北省洪湖农贸市场,6.00,5.00,丝瓜,湖北,none,2017-01-26,蔬菜,元/斤
华中,5.50,none,2018-08-25,湖北省洪湖农贸市场,6.00,5.00,丝瓜,湖北,none,2017-01-22,蔬菜,元/斤
华中,5.50,none,2018-08-25,湖北省洪湖农贸市场,6.00,5.00,丝瓜,湖北,none,2017-01-20,蔬菜,元/斤
华中,5.80,none,2018-08-25,湖北省洪湖农贸市场,6.30,5.30,丝瓜,湖北,none,2017-01-19,蔬菜,元/斤
华中,5.80,none,2018-08-25,湖北省洪湖农贸市场,6.30,5.30,丝瓜,湖北,none,2017-01-18,蔬菜,元/斤
华中,5.80,none,2018-08-25,湖北省洪湖农贸市场,6.30,5.30,丝瓜,湖北,none,2017-01-16,蔬菜,元/斤
华中,5.80,none,2018-08-25,湖北省洪湖农贸市场,6.30,5.30,丝瓜,湖北,none,2017-01-13,蔬菜,元/斤
华中,5.80,none,2018-08-25,湖北省洪湖农贸市场,6.30,5.30,丝瓜,湖北,none,2017-01-12,蔬菜,元/斤
华中,5.70,none,2018-08-25,湖北省洪湖农贸市场,6.20,5.20,丝瓜,湖北,none,2017-01-10,蔬菜,元/斤
华中,5.50,none,2018-08-25,湖北省洪湖农贸市场,6.00,5.00,丝瓜,湖北,none,2017-01-09,蔬菜,元/斤
华中,4.70,none,2018-08-25,湖北省洪湖农贸市场,5.00,4.40,丝瓜,湖北,none,2017-01-06,蔬菜,元/斤
华中,4.70,none,2018-08-25,湖北省洪湖农贸市场,5.00,4.40,丝瓜,湖北,none,2017-01-04,蔬菜,元/斤
华中,4.70,none,2018-08-25,湖北省洪湖农贸市场,5.00,4.40,丝瓜,湖北,none,2017-01-03,蔬菜,元/斤
华中,4.70,none,2018-08-25,湖北省洪湖农贸市场,5.00,4.50,苦瓜,湖北,none,2017-01-03,蔬菜,元/斤
华中,2.00,none,2018-08-25,湖北省洪湖农贸市场,2.50,1.50,莲藕,湖北,none,2017-01-13,蔬菜,元/斤
华中,2.00,none,2018-08-25,湖北省洪湖农贸市场,2.50,1.50,莲藕,湖北,none,2017-01-12,蔬菜,元/斤
华中,2.00,none,2018-08-25,湖北省洪湖农贸市场,2.50,1.50,莲藕,湖北,none,2017-01-10,蔬菜,元/斤
华中,2.00,none,2018-08-25,湖北省洪湖农贸市场,2.50,1.50,莲藕,湖北,none,2017-01-09,蔬菜,元/斤
华中,2.00,none,2018-08-25,湖北省洪湖农贸市场,2.50,1.50,莲藕,湖北,none,2017-01-06,蔬菜,元/斤
华中,2.00,none,2018-08-25,湖北省洪湖农贸市场,2.50,1.50,莲藕,湖北,none,2017-01-04,蔬菜,元/斤
华中,2.00,none,2018-08-25,湖北省洪湖农贸市场,2.50,1.50,莲藕,湖北,none,2017-01-03,蔬菜,元/斤
华中,3.70,none,2018-08-25,湖北省洪湖农贸市场,4.20,3.20,香菜,湖北,none,2017-02-07,蔬菜,元/斤
华中,3.70,none,2018-08-25,湖北省洪湖农贸市场,4.20,3.20,香菜,湖北,none,2017-02-06,蔬菜,元/斤
华中,3.40,none,2018-08-25,湖北省洪湖农贸市场,3.90,2.90,香菜,湖北,none,2017-01-30,蔬菜,元/斤
华中,3.40,none,2018-08-25,湖北省洪湖农贸市场,3.90,2.90,香菜,湖北,none,2017-01-26,蔬菜,元/斤
华中,3.40,none,2018-08-25,湖北省洪湖农贸市场,3.90,2.90,香菜,湖北,none,2017-01-22,蔬菜,元/斤
华中,3.40,none,2018-08-25,湖北省洪湖农贸市场,3.90,2.90,香菜,湖北,none,2017-01-20,蔬菜,元/斤
华中,3.10,none,2018-08-25,湖北省洪湖农贸市场,3.40,2.70,香菜,湖北,none,2017-01-19,蔬菜,元/斤
华中,3.10,none,2018-08-25,湖北省洪湖农贸市场,3.40,2.70,香菜,湖北,none,2017-01-18,蔬菜,元/斤
华中,3.10,none,2018-08-25,湖北省洪湖农贸市场,3.40,2.70,香菜,湖北,none,2017-01-17,蔬菜,元/斤
华中,3.10,none,2018-08-25,湖北省洪湖农贸市场,3.40,2.70,香菜,湖北,none,2017-01-16,蔬菜,元/斤
华中,3.10,none,2018-08-25,湖北省洪湖农贸市场,3.40,2.70,香菜,湖北,none,2017-01-13,蔬菜,元/斤
华中,3.10,none,2018-08-25,湖北省洪湖农贸市场,3.40,2.70,香菜,湖北,none,2017-01-12,蔬菜,元/斤
华中,3.10,none,2018-08-25,湖北省洪湖农贸市场,3.40,2.70,香菜,湖北,none,2017-01-10,蔬菜,元/斤
华中,3.30,none,2018-08-25,湖北省洪湖农贸市场,3.50,2.80,香菜,湖北,none,2017-01-09,蔬菜,元/斤
华中,3.30,none,2018-08-25,湖北省洪湖农贸市场,3.50,2.80,香菜,湖北,none,2017-01-06,蔬菜,元/斤
华中,3.30,none,2018-08-25,湖北省洪湖农贸市场,3.50,2.80,香菜,湖北,none,2017-01-04,蔬菜,元/斤
华中,3.30,none,2018-08-25,湖北省洪湖农贸市场,3.50,2.80,香菜,湖北,none,2017-01-03,蔬菜,元/斤
华中,2.90,none,2018-08-25,湖北省洪湖农贸市场,3.10,2.60,生姜,湖北,none,2017-02-16,蔬菜,元/斤
华中,2.90,none,2018-08-25,湖北省洪湖农贸市场,3.10,2.60,生姜,湖北,none,2017-02-15,蔬菜,元/斤
华中,2.90,none,2018-08-25,湖北省洪湖农贸市场,3.10,2.60,生姜,湖北,none,2017-02-14,蔬菜,元/斤
华中,2.90,none,2018-08-25,湖北省洪湖农贸市场,3.10,2.60,生姜,湖北,none,2017-02-13,蔬菜,元/斤
华中,3.10,none,2018-08-25,湖北省洪湖农贸市场,3.30,2.80,生姜,湖北,none,2017-02-10,蔬菜,元/斤
华中,3.10,none,2018-08-25,湖北省洪湖农贸市场,3.30,2.80,生姜,湖北,none,2017-02-08,蔬菜,元/斤
华中,3.10,none,2018-08-25,湖北省洪湖农贸市场,3.30,2.80,生姜,湖北,none,2017-02-07,蔬菜,元/斤
华中,3.10,none,2018-08-25,湖北省洪湖农贸市场,3.30,2.80,生姜,湖北,none,2017-02-06,蔬菜,元/斤
华中,3.10,none,2018-08-25,湖北省洪湖农贸市场,3.30,2.80,生姜,湖北,none,2017-01-30,蔬菜,元/斤
华中,3.10,none,2018-08-25,湖北省洪湖农贸市场,3.30,2.80,生姜,湖北,none,2017-01-26,蔬菜,元/斤
华中,3.10,none,2018-08-25,湖北省洪湖农贸市场,3.30,2.80,生姜,湖北,none,2017-01-22,蔬菜,元/斤
华中,3.30,none,2018-08-25,湖北省洪湖农贸市场,3.50,3.00,生姜,湖北,none,2017-01-19,蔬菜,元/斤
华中,3.30,none,2018-08-25,湖北省洪湖农贸市场,3.50,3.00,生姜,湖北,none,2017-01-18,蔬菜,元/斤
华中,3.30,none,2018-08-25,湖北省洪湖农贸市场,3.50,3.00,生姜,湖北,none,2017-01-17,蔬菜,元/斤
华中,3.30,none,2018-08-25,湖北省洪湖农贸市场,3.50,3.00,生姜,湖北,none,2017-01-16,蔬菜,元/斤
华中,3.30,none,2018-08-25,湖北省洪湖农贸市场,3.50,3.00,生姜,湖北,none,2017-01-13,蔬菜,元/斤
华中,3.30,none,2018-08-25,湖北省洪湖农贸市场,3.50,3.00,生姜,湖北,none,2017-01-12,蔬菜,元/斤
华中,3.30,none,2018-08-25,湖北省洪湖农贸市场,3.50,3.00,生姜,湖北,none,2017-01-10,蔬菜,元/斤
华中,3.30,none,2018-08-25,湖北省洪湖农贸市场,3.50,3.00,生姜,湖北,none,2017-01-09,蔬菜,元/斤
华中,3.30,none,2018-08-25,湖北省洪湖农贸市场,3.50,3.00,生姜,湖北,none,2017-01-06,蔬菜,元/斤
华中,3.30,none,2018-08-25,湖北省洪湖农贸市场,3.50,3.00,生姜,湖北,none,2017-01-04,蔬菜,元/斤
华中,3.30,none,2018-08-25,湖北省洪湖农贸市场,3.50,3.00,生姜,湖北,none,2017-01-03,蔬菜,元/斤
华中,1.70,none,2018-08-25,湖北省洪湖农贸市场,2.00,1.40,生菜,湖北,none,2017-01-09,蔬菜,元/斤
华中,2.20,none,2018-08-25,湖北省洪湖农贸市场,2.50,1.80,生菜,湖北,none,2017-01-06,蔬菜,元/斤
华中,2.20,none,2018-08-25,湖北省洪湖农贸市场,2.50,1.80,生菜,湖北,none,2017-01-04,蔬菜,元/斤
华中,2.20,none,2018-08-25,湖北省洪湖农贸市场,2.50,1.80,生菜,湖北,none,2017-01-03,蔬菜,元/斤
华中,7.90,none,2018-08-25,湖北省洪湖农贸市场,8.40,7.40,大蒜,湖北,none,2017-02-14,蔬菜,元/斤
华中,7.90,none,2018-08-25,湖北省洪湖农贸市场,8.40,7.40,大蒜,湖北,none,2017-02-13,蔬菜,元/斤
华中,7.90,none,2018-08-25,湖北省洪湖农贸市场,8.40,7.40,大蒜,湖北,none,2017-02-10,蔬菜,元/斤
华中,8.00,none,2018-08-25,湖北省洪湖农贸市场,8.50,7.50,大蒜,湖北,none,2017-02-08,蔬菜,元/斤
华中,8.00,none,2018-08-25,湖北省洪湖农贸市场,8.50,7.50,大蒜,湖北,none,2017-02-07,蔬菜,元/斤
华中,8.00,none,2018-08-25,湖北省洪湖农贸市场,8.50,7.50,大蒜,湖北,none,2017-02-06,蔬菜,元/斤
华中,8.00,none,2018-08-25,湖北省洪湖农贸市场,8.50,7.50,大蒜,湖北,none,2017-01-30,蔬菜,元/斤
华中,8.00,none,2018-08-25,湖北省洪湖农贸市场,8.50,7.50,大蒜,湖北,none,2017-01-26,蔬菜,元/斤
华中,8.00,none,2018-08-25,湖北省洪湖农贸市场,8.50,7.50,大蒜,湖北,none,2017-01-22,蔬菜,元/斤
华中,8.00,none,2018-08-25,湖北省洪湖农贸市场,8.50,7.50,大蒜,湖北,none,2017-01-20,蔬菜,元/斤
华中,7.80,none,2018-08-25,湖北省洪湖农贸市场,8.30,7.30,大蒜,湖北,none,2017-01-19,蔬菜,元/斤
华中,7.80,none,2018-08-25,湖北省洪湖农贸市场,8.30,7.30,大蒜,湖北,none,2017-01-18,蔬菜,元/斤
华中,7.80,none,2018-08-25,湖北省洪湖农贸市场,8.30,7.30,大蒜,湖北,none,2017-01-17,蔬菜,元/斤
华中,7.80,none,2018-08-25,湖北省洪湖农贸市场,8.30,7.30,大蒜,湖北,none,2017-01-16,蔬菜,元/斤
华中,7.80,none,2018-08-25,湖北省洪湖农贸市场,8.30,7.30,大蒜,湖北,none,2017-01-13,蔬菜,元/斤
华中,7.80,none,2018-08-25,湖北省洪湖农贸市场,8.30,7.30,大蒜,湖北,none,2017-01-12,蔬菜,元/斤
华中,7.80,none,2018-08-25,湖北省洪湖农贸市场,8.30,7.30,大蒜,湖北,none,2017-01-10,蔬菜,元/斤
华中,7.80,none,2018-08-25,湖北省洪湖农贸市场,8.30,7.30,大蒜,湖北,none,2017-01-09,蔬菜,元/斤
华中,7.80,none,2018-08-25,湖北省洪湖农贸市场,8.30,7.30,大蒜,湖北,none,2017-01-06,蔬菜,元/斤
华中,7.80,none,2018-08-25,湖北省洪湖农贸市场,8.30,7.30,大蒜,湖北,none,2017-01-04,蔬菜,元/斤
华中,7.80,none,2018-08-25,湖北省洪湖农贸市场,8.30,7.30,大蒜,湖北,none,2017-01-03,蔬菜,元/斤
华中,1.30,none,2018-08-25,湖北省洪湖农贸市场,1.50,1.00,菜花,湖北,none,2017-02-17,蔬菜,元/斤
华中,1.30,none,2018-08-25,湖北省洪湖农贸市场,1.50,1.00,菜花,湖北,none,2017-02-16,蔬菜,元/斤
华中,1.30,none,2018-08-25,湖北省洪湖农贸市场,1.50,1.00,菜花,湖北,none,2017-02-15,蔬菜,元/斤
华中,1.30,none,2018-08-25,湖北省洪湖农贸市场,1.50,1.00,菜花,湖北,none,2017-02-14,蔬菜,元/斤
华中,1.30,none,2018-08-25,湖北省洪湖农贸市场,1.50,1.00,菜花,湖北,none,2017-02-13,蔬菜,元/斤
华中,1.30,none,2018-08-25,湖北省洪湖农贸市场,1.50,1.00,菜花,湖北,none,2017-02-10,蔬菜,元/斤
华中,1.30,none,2018-08-25,湖北省洪湖农贸市场,1.50,1.00,菜花,湖北,none,2017-02-08,蔬菜,元/斤
华中,1.30,none,2018-08-25,湖北省洪湖农贸市场,1.50,1.00,菜花,湖北,none,2017-02-07,蔬菜,元/斤
华中,1.30,none,2018-08-25,湖北省洪湖农贸市场,1.50,1.00,菜花,湖北,none,2017-02-06,蔬菜,元/斤
华中,1.50,none,2018-08-25,湖北省洪湖农贸市场,1.80,1.20,菜花,湖北,none,2017-01-30,蔬菜,元/斤
华中,1.50,none,2018-08-25,湖北省洪湖农贸市场,1.80,1.20,菜花,湖北,none,2017-01-26,蔬菜,元/斤
华中,1.50,none,2018-08-25,湖北省洪湖农贸市场,1.80,1.20,菜花,湖北,none,2017-01-22,蔬菜,元/斤
华中,1.50,none,2018-08-25,湖北省洪湖农贸市场,1.80,1.20,菜花,湖北,none,2017-01-20,蔬菜,元/斤
华中,1.50,none,2018-08-25,湖北省洪湖农贸市场,1.80,1.20,菜花,湖北,none,2017-01-19,蔬菜,元/斤
华中,1.50,none,2018-08-25,湖北省洪湖农贸市场,1.80,1.20,菜花,湖北,none,2017-01-18,蔬菜,元/斤
华中,1.50,none,2018-08-25,湖北省洪湖农贸市场,1.80,1.20,菜花,湖北,none,2017-01-17,蔬菜,元/斤
华中,1.50,none,2018-08-25,湖北省洪湖农贸市场,1.80,1.20,菜花,湖北,none,2017-01-16,蔬菜,元/斤
华中,1.50,none,2018-08-25,湖北省洪湖农贸市场,1.80,1.20,菜花,湖北,none,2017-01-13,蔬菜,元/斤
华中,1.50,none,2018-08-25,湖北省洪湖农贸市场,1.80,1.20,菜花,湖北,none,2017-01-12,蔬菜,元/斤
华中,1.60,none,2018-08-25,湖北省洪湖农贸市场,1.90,1.30,菜花,湖北,none,2017-01-10,蔬菜,元/斤
华中,2.00,none,2018-08-25,湖北省洪湖农贸市场,2.30,1.80,菜花,湖北,none,2017-01-09,蔬菜,元/斤
华中,2.60,none,2018-08-25,湖北省洪湖农贸市场,2.80,2.30,菜花,湖北,none,2017-01-06,蔬菜,元/斤
华中,2.60,none,2018-08-25,湖北省洪湖农贸市场,2.80,2.30,菜花,湖北,none,2017-01-04,蔬菜,元/斤
华中,2.60,none,2018-08-25,湖北省洪湖农贸市场,2.80,2.30,菜花,湖北,none,2017-01-03,蔬菜,元/斤
华中,0.60,none,2018-08-25,湖北省洪湖农贸市场,0.80,0.50,冬瓜,湖北,none,2017-01-03,蔬菜,元/斤
华中,3.40,none,2018-08-25,湖北省洪湖农贸市场,4.10,2.90,茄子,湖北,none,2017-01-16,蔬菜,元/斤
华中,3.00,none,2018-08-25,湖北省洪湖农贸市场,3.80,2.50,茄子,湖北,none,2017-01-13,蔬菜,元/斤
华中,3.00,none,2018-08-25,湖北省洪湖农贸市场,3.80,2.50,茄子,湖北,none,2017-01-12,蔬菜,元/斤
华中,3.00,none,2018-08-25,湖北省洪湖农贸市场,3.80,2.50,茄子,湖北,none,2017-01-10,蔬菜,元/斤
华中,3.00,none,2018-08-25,湖北省洪湖农贸市场,3.80,2.50,茄子,湖北,none,2017-01-09,蔬菜,元/斤
华中,3.00,none,2018-08-25,湖北省洪湖农贸市场,3.80,2.50,茄子,湖北,none,2017-01-06,蔬菜,元/斤
华中,3.00,none,2018-08-25,湖北省洪湖农贸市场,3.80,2.50,茄子,湖北,none,2017-01-04,蔬菜,元/斤
华中,3.00,none,2018-08-25,湖北省洪湖农贸市场,3.80,2.50,茄子,湖北,none,2017-01-03,蔬菜,元/斤
华中,0.70,none,2018-08-25,湖北省洪湖农贸市场,0.90,0.50,白萝卜,湖北,none,2017-01-12,蔬菜,元/斤
华中,0.70,none,2018-08-25,湖北省洪湖农贸市场,0.90,0.50,白萝卜,湖北,none,2017-01-10,蔬菜,元/斤
华中,0.70,none,2018-08-25,湖北省洪湖农贸市场,0.90,0.50,白萝卜,湖北,none,2017-01-09,蔬菜,元/斤
华中,0.70,none,2018-08-25,湖北省洪湖农贸市场,0.90,0.50,白萝卜,湖北,none,2017-01-06,蔬菜,元/斤
华中,0.70,none,2018-08-25,湖北省洪湖农贸市场,0.90,0.50,白萝卜,湖北,none,2017-01-04,蔬菜,元/斤
华中,0.70,none,2018-08-25,湖北省洪湖农贸市场,0.90,0.50,白萝卜,湖北,none,2017-01-03,蔬菜,元/斤
华中,3.00,none,2018-08-25,湖北省洪湖农贸市场,3.30,2.80,韭菜,湖北,none,2017-01-22,蔬菜,元/斤
华中,3.00,none,2018-08-25,湖北省洪湖农贸市场,3.30,2.80,韭菜,湖北,none,2017-01-20,蔬菜,元/斤
华中,3.00,none,2018-08-25,湖北省洪湖农贸市场,3.30,2.80,韭菜,湖北,none,2017-01-19,蔬菜,元/斤
华中,3.00,none,2018-08-25,湖北省洪湖农贸市场,3.30,2.80,韭菜,湖北,none,2017-01-18,蔬菜,元/斤
华中,3.00,none,2018-08-25,湖北省洪湖农贸市场,3.30,2.80,韭菜,湖北,none,2017-01-17,蔬菜,元/斤
华中,3.00,none,2018-08-25,湖北省洪湖农贸市场,3.30,2.80,韭菜,湖北,none,2017-01-16,蔬菜,元/斤
华中,3.00,none,2018-08-25,湖北省洪湖农贸市场,3.30,2.80,韭菜,湖北,none,2017-01-13,蔬菜,元/斤
华中,3.00,none,2018-08-25,湖北省洪湖农贸市场,3.30,2.80,韭菜,湖北,none,2017-01-12,蔬菜,元/斤
华中,3.00,none,2018-08-25,湖北省洪湖农贸市场,3.30,2.80,韭菜,湖北,none,2017-01-10,蔬菜,元/斤
华中,3.00,none,2018-08-25,湖北省洪湖农贸市场,3.30,2.80,韭菜,湖北,none,2017-01-09,蔬菜,元/斤
华中,3.00,none,2018-08-25,湖北省洪湖农贸市场,3.30,2.80,韭菜,湖北,none,2017-01-06,蔬菜,元/斤
华中,3.00,none,2018-08-25,湖北省洪湖农贸市场,3.30,2.80,韭菜,湖北,none,2017-01-04,蔬菜,元/斤
华中,3.00,none,2018-08-25,湖北省洪湖农贸市场,3.30,2.80,韭菜,湖北,none,2017-01-03,蔬菜,元/斤
华中,1.80,none,2018-08-25,湖北省洪湖农贸市场,2.20,1.50,青椒,湖北,none,2017-01-19,蔬菜,元/斤
华中,1.80,none,2018-08-25,湖北省洪湖农贸市场,2.20,1.50,青椒,湖北,none,2017-01-18,蔬菜,元/斤
华中,1.80,none,2018-08-25,湖北省洪湖农贸市场,2.20,1.50,青椒,湖北,none,2017-01-17,蔬菜,元/斤
华中,1.80,none,2018-08-25,湖北省洪湖农贸市场,2.20,1.50,青椒,湖北,none,2017-01-16,蔬菜,元/斤
华中,1.80,none,2018-08-25,湖北省洪湖农贸市场,2.00,1.50,青椒,湖北,none,2017-01-13,蔬菜,元/斤
华中,1.80,none,2018-08-25,湖北省洪湖农贸市场,2.00,1.50,青椒,湖北,none,2017-01-12,蔬菜,元/斤
华中,1.80,none,2018-08-25,湖北省洪湖农贸市场,2.00,1.50,青椒,湖北,none,2017-01-10,蔬菜,元/斤
华中,1.80,none,2018-08-25,湖北省洪湖农贸市场,2.00,1.50,青椒,湖北,none,2017-01-09,蔬菜,元/斤
华中,1.80,none,2018-08-25,湖北省洪湖农贸市场,2.00,1.50,青椒,湖北,none,2017-01-06,蔬菜,元/斤
华中,1.80,none,2018-08-25,湖北省洪湖农贸市场,2.00,1.50,青椒,湖北,none,2017-01-04,蔬菜,元/斤
华中,1.80,none,2018-08-25,湖北省洪湖农贸市场,2.00,1.50,青椒,湖北,none,2017-01-03,蔬菜,元/斤
华中,2.00,none,2018-08-25,湖北省洪湖农贸市场,2.30,1.80,黄瓜,湖北,none,2017-01-09,蔬菜,元/斤
华中,1.70,none,2018-08-25,湖北省洪湖农贸市场,2.00,1.50,黄瓜,湖北,none,2017-01-06,蔬菜,元/斤
华中,1.70,none,2018-08-25,湖北省洪湖农贸市场,2.00,1.50,黄瓜,湖北,none,2017-01-04,蔬菜,元/斤
华中,1.70,none,2018-08-25,湖北省洪湖农贸市场,2.00,1.50,黄瓜,湖北,none,2017-01-03,蔬菜,元/斤
华中,4.50,none,2018-08-25,湖北省洪湖农贸市场,5.00,4.00,金针菇,湖北,none,2017-01-26,蔬菜,元/斤
华中,4.50,none,2018-08-25,湖北省洪湖农贸市场,5.00,4.00,金针菇,湖北,none,2017-01-22,蔬菜,元/斤
华中,4.50,none,2018-08-25,湖北省洪湖农贸市场,5.00,4.00,金针菇,湖北,none,2017-01-20,蔬菜,元/斤
华中,3.50,none,2018-08-25,湖北省洪湖农贸市场,4.00,3.00,金针菇,湖北,none,2017-01-19,蔬菜,元/斤
华中,3.50,none,2018-08-25,湖北省洪湖农贸市场,4.00,3.00,金针菇,湖北,none,2017-01-18,蔬菜,元/斤
华中,3.50,none,2018-08-25,湖北省洪湖农贸市场,4.00,3.00,金针菇,湖北,none,2017-01-13,蔬菜,元/斤
华中,3.50,none,2018-08-25,湖北省洪湖农贸市场,4.00,3.00,金针菇,湖北,none,2017-01-12,蔬菜,元/斤
华中,3.50,none,2018-08-25,湖北省洪湖农贸市场,4.00,3.00,金针菇,湖北,none,2017-01-10,蔬菜,元/斤
华中,3.50,none,2018-08-25,湖北省洪湖农贸市场,4.00,3.00,金针菇,湖北,none,2017-01-09,蔬菜,元/斤
华中,3.50,none,2018-08-25,湖北省洪湖农贸市场,4.00,3.00,金针菇,湖北,none,2017-01-06,蔬菜,元/斤
华中,3.50,none,2018-08-25,湖北省洪湖农贸市场,4.00,3.00,金针菇,湖北,none,2017-01-04,蔬菜,元/斤
华中,3.50,none,2018-08-25,湖北省洪湖农贸市场,4.00,3.00,金针菇,湖北,none,2017-01-03,蔬菜,元/斤
华中,2.00,none,2018-08-25,湖北省洪湖农贸市场,2.50,1.50,芋头,湖北,none,2017-02-27,蔬菜,元/斤
华中,2.00,none,2018-08-25,湖北省洪湖农贸市场,2.50,1.50,芋头,湖北,none,2017-02-24,蔬菜,元/斤
华中,2.00,none,2018-08-25,湖北省洪湖农贸市场,2.50,1.50,芋头,湖北,none,2017-02-23,蔬菜,元/斤
华中,2.00,none,2018-08-25,湖北省洪湖农贸市场,2.50,1.50,芋头,湖北,none,2017-02-22,蔬菜,元/斤
华中,2.00,none,2018-08-25,湖北省洪湖农贸市场,2.50,1.50,芋头,湖北,none,2017-02-21,蔬菜,元/斤
华中,2.00,none,2018-08-25,湖北省洪湖农贸市场,2.50,1.50,芋头,湖北,none,2017-02-20,蔬菜,元/斤
华中,2.00,none,2018-08-25,湖北省洪湖农贸市场,2.50,1.50,芋头,湖北,none,2017-02-17,蔬菜,元/斤
华中,2.00,none,2018-08-25,湖北省洪湖农贸市场,2.50,1.50,芋头,湖北,none,2017-02-16,蔬菜,元/斤
华中,2.00,none,2018-08-25,湖北省洪湖农贸市场,2.50,1.50,芋头,湖北,none,2017-02-15,蔬菜,元/斤
华中,2.00,none,2018-08-25,湖北省洪湖农贸市场,2.50,1.50,芋头,湖北,none,2017-02-14,蔬菜,元/斤
华中,2.00,none,2018-08-25,湖北省洪湖农贸市场,2.50,1.50,芋头,湖北,none,2017-02-13,蔬菜,元/斤
华中,2.00,none,2018-08-25,湖北省洪湖农贸市场,2.50,1.50,芋头,湖北,none,2017-02-10,蔬菜,元/斤
华中,2.00,none,2018-08-25,湖北省洪湖农贸市场,2.50,1.50,芋头,湖北,none,2017-02-08,蔬菜,元/斤
华中,2.00,none,2018-08-25,湖北省洪湖农贸市场,2.50,1.50,芋头,湖北,none,2017-02-07,蔬菜,元/斤
华中,2.00,none,2018-08-25,湖北省洪湖农贸市场,2.50,1.50,芋头,湖北,none,2017-02-06,蔬菜,元/斤
华中,2.00,none,2018-08-25,湖北省洪湖农贸市场,2.50,1.50,芋头,湖北,none,2017-01-30,蔬菜,元/斤
华中,2.00,none,2018-08-25,湖北省洪湖农贸市场,2.50,1.50,芋头,湖北,none,2017-01-26,蔬菜,元/斤
华中,2.00,none,2018-08-25,湖北省洪湖农贸市场,2.50,1.50,芋头,湖北,none,2017-01-22,蔬菜,元/斤
华中,2.00,none,2018-08-25,湖北省洪湖农贸市场,2.50,1.50,芋头,湖北,none,2017-01-20,蔬菜,元/斤
华中,2.00,none,2018-08-25,湖北省洪湖农贸市场,2.50,1.50,芋头,湖北,none,2017-01-19,蔬菜,元/斤
华中,2.00,none,2018-08-25,湖北省洪湖农贸市场,2.50,1.50,芋头,湖北,none,2017-01-18,蔬菜,元/斤
华中,2.00,none,2018-08-25,湖北省洪湖农贸市场,2.50,1.50,芋头,湖北,none,2017-01-17,蔬菜,元/斤
华中,2.00,none,2018-08-25,湖北省洪湖农贸市场,2.50,1.50,芋头,湖北,none,2017-01-16,蔬菜,元/斤
华中,2.00,none,2018-08-25,湖北省洪湖农贸市场,2.50,1.50,芋头,湖北,none,2017-01-13,蔬菜,元/斤
华中,2.00,none,2018-08-25,湖北省洪湖农贸市场,2.50,1.50,芋头,湖北,none,2017-01-12,蔬菜,元/斤
华中,1.10,none,2018-08-25,湖北省洪湖农贸市场,1.30,0.90,绿豆芽,湖北,none,2018-08-13,蔬菜,元/斤
华中,1.10,none,2018-08-25,湖北省洪湖农贸市场,1.30,0.90,绿豆芽,湖北,none,2018-08-08,蔬菜,元/斤
华中,1.10,none,2018-08-25,湖北省洪湖农贸市场,1.30,0.90,绿豆芽,湖北,none,2018-08-06,蔬菜,元/斤
华中,1.10,none,2018-08-25,湖北省洪湖农贸市场,1.30,0.90,绿豆芽,湖北,none,2018-08-03,蔬菜,元/斤
华中,1.10,none,2018-08-25,湖北省洪湖农贸市场,1.30,0.90,绿豆芽,湖北,none,2018-08-02,蔬菜,元/斤
华中,1.10,none,2018-08-25,湖北省洪湖农贸市场,1.30,0.90,绿豆芽,湖北,none,2018-08-01,蔬菜,元/斤
华中,1.10,none,2018-08-25,湖北省洪湖农贸市场,1.30,0.90,绿豆芽,湖北,none,2018-07-31,蔬菜,元/斤
华中,1.10,none,2018-08-25,湖北省洪湖农贸市场,1.30,0.90,绿豆芽,湖北,none,2018-07-07,蔬菜,元/斤
华中,1.10,none,2018-08-25,湖北省洪湖农贸市场,1.30,0.90,绿豆芽,湖北,none,2018-07-01,蔬菜,元/斤
华中,1.10,none,2018-08-25,湖北省洪湖农贸市场,1.30,0.90,绿豆芽,湖北,none,2018-06-03,蔬菜,元/斤
华中,1.10,none,2018-08-25,湖北省洪湖农贸市场,1.30,0.90,绿豆芽,湖北,none,2018-05-29,蔬菜,元/斤
华中,1.10,none,2018-08-25,湖北省洪湖农贸市场,1.30,0.90,绿豆芽,湖北,none,2018-05-25,蔬菜,元/斤
华中,1.10,none,2018-08-25,湖北省洪湖农贸市场,1.30,0.90,绿豆芽,湖北,none,2018-05-24,蔬菜,元/斤
华中,1.10,none,2018-08-25,湖北省洪湖农贸市场,1.30,0.90,绿豆芽,湖北,none,2018-05-23,蔬菜,元/斤
华中,1.10,none,2018-08-25,湖北省洪湖农贸市场,1.30,0.90,绿豆芽,湖北,none,2018-05-22,蔬菜,元/斤
华中,1.10,none,2018-08-25,湖北省洪湖农贸市场,1.30,0.90,绿豆芽,湖北,none,2018-05-16,蔬菜,元/斤
华中,1.10,none,2018-08-25,湖北省洪湖农贸市场,1.30,0.90,绿豆芽,湖北,none,2018-05-08,蔬菜,元/斤
华中,1.10,none,2018-08-25,湖北省洪湖农贸市场,1.30,0.90,绿豆芽,湖北,none,2018-05-03,蔬菜,元/斤
华中,1.10,none,2018-08-25,湖北省洪湖农贸市场,1.30,0.90,绿豆芽,湖北,none,2018-05-02,蔬菜,元/斤
华中,1.10,none,2018-08-25,湖北省洪湖农贸市场,1.30,0.90,绿豆芽,湖北,none,2018-04-28,蔬菜,元/斤
华中,1.10,none,2018-08-25,湖北省洪湖农贸市场,1.30,0.90,绿豆芽,湖北,none,2018-04-27,蔬菜,元/斤
华中,1.10,none,2018-08-25,湖北省洪湖农贸市场,1.30,0.90,绿豆芽,湖北,none,2018-04-26,蔬菜,元/斤
华中,1.10,none,2018-08-25,湖北省洪湖农贸市场,1.30,0.90,绿豆芽,湖北,none,2018-04-25,蔬菜,元/斤
华中,1.10,none,2018-08-25,湖北省洪湖农贸市场,1.30,0.90,绿豆芽,湖北,none,2018-04-24,蔬菜,元/斤
华中,1.10,none,2018-08-25,湖北省洪湖农贸市场,1.30,0.90,绿豆芽,湖北,none,2018-04-20,蔬菜,元/斤
华中,1.90,none,2018-08-25,湖北省洪湖农贸市场,2.30,1.60,丝瓜,湖北,none,2018-08-08,蔬菜,元/斤
华中,1.90,none,2018-08-25,湖北省洪湖农贸市场,2.30,1.60,丝瓜,湖北,none,2018-08-06,蔬菜,元/斤
华中,1.70,none,2018-08-25,湖北省洪湖农贸市场,2.00,1.50,丝瓜,湖北,none,2018-08-03,蔬菜,元/斤
华中,1.70,none,2018-08-25,湖北省洪湖农贸市场,2.00,1.50,丝瓜,湖北,none,2018-08-02,蔬菜,元/斤
华中,1.70,none,2018-08-25,湖北省洪湖农贸市场,2.00,1.50,丝瓜,湖北,none,2018-08-01,蔬菜,元/斤
华中,1.70,none,2018-08-25,湖北省洪湖农贸市场,2.00,1.50,丝瓜,湖北,none,2018-07-31,蔬菜,元/斤
华中,2.30,none,2018-08-25,湖北省洪湖农贸市场,2.80,1.90,丝瓜,湖北,none,2018-06-03,蔬菜,元/斤
华中,2.10,none,2018-08-25,湖北省洪湖农贸市场,2.60,1.90,丝瓜,湖北,none,2018-05-29,蔬菜,元/斤
华中,1.70,none,2018-08-25,湖北省洪湖农贸市场,1.90,1.50,丝瓜,湖北,none,2018-05-25,蔬菜,元/斤
华中,1.70,none,2018-08-25,湖北省洪湖农贸市场,1.90,1.50,丝瓜,湖北,none,2018-05-24,蔬菜,元/斤
华中,1.70,none,2018-08-25,湖北省洪湖农贸市场,1.90,1.50,丝瓜,湖北,none,2018-05-16,蔬菜,元/斤
华中,2.70,none,2018-08-25,湖北省洪湖农贸市场,2.90,2.40,丝瓜,湖北,none,2018-05-08,蔬菜,元/斤
华中,2.70,none,2018-08-25,湖北省洪湖农贸市场,2.90,2.40,丝瓜,湖北,none,2018-05-03,蔬菜,元/斤
华中,2.70,none,2018-08-25,湖北省洪湖农贸市场,2.90,2.40,丝瓜,湖北,none,2018-05-02,蔬菜,元/斤
华中,2.70,none,2018-08-25,湖北省洪湖农贸市场,2.90,2.40,丝瓜,湖北,none,2018-04-28,蔬菜,元/斤
华中,2.70,none,2018-08-25,湖北省洪湖农贸市场,2.90,2.40,丝瓜,湖北,none,2018-04-27,蔬菜,元/斤
华中,2.70,none,2018-08-25,湖北省洪湖农贸市场,2.90,2.40,丝瓜,湖北,none,2018-04-26,蔬菜,元/斤
华中,2.70,none,2018-08-25,湖北省洪湖农贸市场,2.90,2.40,丝瓜,湖北,none,2018-04-25,蔬菜,元/斤
华中,2.70,none,2018-08-25,湖北省洪湖农贸市场,2.90,2.40,丝瓜,湖北,none,2018-04-24,蔬菜,元/斤
华中,2.70,none,2018-08-25,湖北省洪湖农贸市场,2.90,2.40,丝瓜,湖北,none,2018-04-20,蔬菜,元/斤
华中,2.70,none,2018-08-25,湖北省洪湖农贸市场,2.90,2.40,丝瓜,湖北,none,2018-04-19,蔬菜,元/斤
华中,2.70,none,2018-08-25,湖北省洪湖农贸市场,2.90,2.40,丝瓜,湖北,none,2018-04-16,蔬菜,元/斤
华中,2.70,none,2018-08-25,湖北省洪湖农贸市场,2.90,2.40,丝瓜,湖北,none,2018-04-13,蔬菜,元/斤
华中,2.80,none,2018-08-25,湖北省洪湖农贸市场,3.10,2.50,丝瓜,湖北,none,2018-04-12,蔬菜,元/斤
华中,2.80,none,2018-08-25,湖北省洪湖农贸市场,3.10,2.50,丝瓜,湖北,none,2018-04-08,蔬菜,元/斤
华中,1.30,none,2018-08-25,湖北省洪湖农贸市场,1.60,1.00,苦瓜,湖北,none,2018-08-08,蔬菜,元/斤
华中,1.30,none,2018-08-25,湖北省洪湖农贸市场,1.60,1.00,苦瓜,湖北,none,2018-08-06,蔬菜,元/斤
华中,1.30,none,2018-08-25,湖北省洪湖农贸市场,1.60,1.00,苦瓜,湖北,none,2018-08-03,蔬菜,元/斤
华中,1.30,none,2018-08-25,湖北省洪湖农贸市场,1.60,1.00,苦瓜,湖北,none,2018-08-02,蔬菜,元/斤
华中,1.30,none,2018-08-25,湖北省洪湖农贸市场,1.60,1.00,苦瓜,湖北,none,2018-08-01,蔬菜,元/斤
华中,1.30,none,2018-08-25,湖北省洪湖农贸市场,1.60,1.00,苦瓜,湖北,none,2018-07-31,蔬菜,元/斤
华中,2.40,none,2018-08-25,湖北省洪湖农贸市场,3.00,1.80,苦瓜,湖北,none,2018-06-03,蔬菜,元/斤
华中,2.30,none,2018-08-25,湖北省洪湖农贸市场,2.80,1.80,苦瓜,湖北,none,2018-05-29,蔬菜,元/斤
华中,1.50,none,2018-08-25,湖北省洪湖农贸市场,1.80,1.30,苦瓜,湖北,none,2018-05-25,蔬菜,元/斤
华中,1.50,none,2018-08-25,湖北省洪湖农贸市场,1.80,1.30,苦瓜,湖北,none,2018-05-24,蔬菜,元/斤
华中,1.50,none,2018-08-25,湖北省洪湖农贸市场,1.60,1.30,苦瓜,湖北,none,2018-05-16,蔬菜,元/斤
华中,2.10,none,2018-08-25,湖北省洪湖农贸市场,2.25,1.90,苦瓜,湖北,none,2018-05-08,蔬菜,元/斤
华中,2.10,none,2018-08-25,湖北省洪湖农贸市场,2.25,1.90,苦瓜,湖北,none,2018-05-03,蔬菜,元/斤
华中,2.10,none,2018-08-25,湖北省洪湖农贸市场,2.25,1.90,苦瓜,湖北,none,2018-05-02,蔬菜,元/斤
华中,2.30,none,2018-08-25,湖北省洪湖农贸市场,2.50,2.20,苦瓜,湖北,none,2018-04-28,蔬菜,元/斤
华中,2.30,none,2018-08-25,湖北省洪湖农贸市场,2.50,2.20,苦瓜,湖北,none,2018-04-27,蔬菜,元/斤
华中,2.30,none,2018-08-25,湖北省洪湖农贸市场,2.50,2.20,苦瓜,湖北,none,2018-04-26,蔬菜,元/斤
华中,2.30,none,2018-08-25,湖北省洪湖农贸市场,2.50,2.20,苦瓜,湖北,none,2018-04-25,蔬菜,元/斤
华中,2.30,none,2018-08-25,湖北省洪湖农贸市场,2.50,2.20,苦瓜,湖北,none,2018-04-24,蔬菜,元/斤
华中,2.30,none,2018-08-25,湖北省洪湖农贸市场,2.50,2.20,苦瓜,湖北,none,2018-04-20,蔬菜,元/斤
华中,2.30,none,2018-08-25,湖北省洪湖农贸市场,2.50,2.20,苦瓜,湖北,none,2018-04-19,蔬菜,元/斤
华中,2.30,none,2018-08-25,湖北省洪湖农贸市场,2.50,2.20,苦瓜,湖北,none,2018-04-16,蔬菜,元/斤
华中,2.30,none,2018-08-25,湖北省洪湖农贸市场,2.50,2.20,苦瓜,湖北,none,2018-04-13,蔬菜,元/斤
华中,2.30,none,2018-08-25,湖北省洪湖农贸市场,2.50,2.20,苦瓜,湖北,none,2018-04-12,蔬菜,元/斤
华中,2.30,none,2018-08-25,湖北省洪湖农贸市场,2.50,2.20,苦瓜,湖北,none,2018-04-08,蔬菜,元/斤
华中,2.00,none,2018-08-25,湖北省洪湖农贸市场,2.60,1.60,莲藕,湖北,none,2018-08-13,蔬菜,元/斤
华中,2.00,none,2018-08-25,湖北省洪湖农贸市场,2.60,1.60,莲藕,湖北,none,2018-08-08,蔬菜,元/斤
华中,2.00,none,2018-08-25,湖北省洪湖农贸市场,2.60,1.60,莲藕,湖北,none,2018-08-06,蔬菜,元/斤
华中,2.10,none,2018-08-25,湖北省洪湖农贸市场,2.80,1.70,莲藕,湖北,none,2018-08-03,蔬菜,元/斤
华中,2.10,none,2018-08-25,湖北省洪湖农贸市场,2.80,1.70,莲藕,湖北,none,2018-08-02,蔬菜,元/斤
华中,2.10,none,2018-08-25,湖北省洪湖农贸市场,2.80,1.70,莲藕,湖北,none,2018-08-01,蔬菜,元/斤
华中,2.10,none,2018-08-25,湖北省洪湖农贸市场,2.80,1.70,莲藕,湖北,none,2018-07-31,蔬菜,元/斤
华中,3.00,none,2018-08-25,湖北省洪湖农贸市场,4.00,2.50,莲藕,湖北,none,2018-07-07,蔬菜,元/斤
华中,3.40,none,2018-08-25,湖北省洪湖农贸市场,4.40,2.90,莲藕,湖北,none,2018-07-01,蔬菜,元/斤
华中,1.40,none,2018-08-25,湖北省洪湖农贸市场,1.70,0.80,莲藕,湖北,none,2018-06-03,蔬菜,元/斤
华中,1.40,none,2018-08-25,湖北省洪湖农贸市场,1.70,0.80,莲藕,湖北,none,2018-05-29,蔬菜,元/斤
华中,1.40,none,2018-08-25,湖北省洪湖农贸市场,1.70,0.80,莲藕,湖北,none,2018-05-25,蔬菜,元/斤
华中,1.40,none,2018-08-25,湖北省洪湖农贸市场,1.70,0.80,莲藕,湖北,none,2018-05-24,蔬菜,元/斤
华中,1.40,none,2018-08-25,湖北省洪湖农贸市场,1.70,0.80,莲藕,湖北,none,2018-05-23,蔬菜,元/斤
华中,1.40,none,2018-08-25,湖北省洪湖农贸市场,1.70,0.80,莲藕,湖北,none,2018-05-22,蔬菜,元/斤
华中,1.40,none,2018-08-25,湖北省洪湖农贸市场,1.80,0.80,莲藕,湖北,none,2018-05-16,蔬菜,元/斤
华中,1.40,none,2018-08-25,湖北省洪湖农贸市场,1.80,0.80,莲藕,湖北,none,2018-05-08,蔬菜,元/斤
华中,1.40,none,2018-08-25,湖北省洪湖农贸市场,1.80,0.80,莲藕,湖北,none,2018-05-03,蔬菜,元/斤
华中,1.40,none,2018-08-25,湖北省洪湖农贸市场,1.80,0.80,莲藕,湖北,none,2018-05-02,蔬菜,元/斤
华中,1.40,none,2018-08-25,湖北省洪湖农贸市场,1.80,0.80,莲藕,湖北,none,2018-04-28,蔬菜,元/斤
华中,1.40,none,2018-08-25,湖北省洪湖农贸市场,1.80,0.80,莲藕,湖北,none,2018-04-27,蔬菜,元/斤
华中,1.40,none,2018-08-25,湖北省洪湖农贸市场,1.80,0.80,莲藕,湖北,none,2018-04-26,蔬菜,元/斤
华中,1.40,none,2018-08-25,湖北省洪湖农贸市场,1.80,0.80,莲藕,湖北,none,2018-04-25,蔬菜,元/斤
华中,1.40,none,2018-08-25,湖北省洪湖农贸市场,1.80,0.80,莲藕,湖北,none,2018-04-24,蔬菜,元/斤
华中,1.40,none,2018-08-25,湖北省洪湖农贸市场,1.80,0.80,莲藕,湖北,none,2018-04-20,蔬菜,元/斤
华中,2.20,none,2018-08-25,湖北省洪湖农贸市场,2.70,1.70,香菜,湖北,none,2017-03-29,蔬菜,元/斤
华中,2.20,none,2018-08-25,湖北省洪湖农贸市场,2.70,1.70,香菜,湖北,none,2017-03-28,蔬菜,元/斤
华中,2.20,none,2018-08-25,湖北省洪湖农贸市场,2.70,1.70,香菜,湖北,none,2017-03-23,蔬菜,元/斤
华中,2.20,none,2018-08-25,湖北省洪湖农贸市场,2.70,1.70,香菜,湖北,none,2017-03-22,蔬菜,元/斤
华中,2.20,none,2018-08-25,湖北省洪湖农贸市场,2.70,1.70,香菜,湖北,none,2017-03-20,蔬菜,元/斤
华中,2.20,none,2018-08-25,湖北省洪湖农贸市场,2.70,1.70,香菜,湖北,none,2017-03-17,蔬菜,元/斤
华中,2.70,none,2018-08-25,湖北省洪湖农贸市场,3.20,2.20,香菜,湖北,none,2017-03-07,蔬菜,元/斤
华中,2.70,none,2018-08-25,湖北省洪湖农贸市场,3.20,2.20,香菜,湖北,none,2017-03-04,蔬菜,元/斤
华中,2.70,none,2018-08-25,湖北省洪湖农贸市场,3.20,2.20,香菜,湖北,none,2017-03-03,蔬菜,元/斤
华中,2.70,none,2018-08-25,湖北省洪湖农贸市场,3.20,2.20,香菜,湖北,none,2017-03-02,蔬菜,元/斤
华中,2.70,none,2018-08-25,湖北省洪湖农贸市场,3.20,2.20,香菜,湖北,none,2017-03-01,蔬菜,元/斤
华中,2.70,none,2018-08-25,湖北省洪湖农贸市场,3.20,2.20,香菜,湖北,none,2017-02-28,蔬菜,元/斤
华中,2.70,none,2018-08-25,湖北省洪湖农贸市场,3.20,2.20,香菜,湖北,none,2017-02-27,蔬菜,元/斤
华中,3.20,none,2018-08-25,湖北省洪湖农贸市场,3.70,2.70,香菜,湖北,none,2017-02-24,蔬菜,元/斤
华中,3.20,none,2018-08-25,湖北省洪湖农贸市场,3.70,2.70,香菜,湖北,none,2017-02-23,蔬菜,元/斤
华中,3.20,none,2018-08-25,湖北省洪湖农贸市场,3.70,2.70,香菜,湖北,none,2017-02-22,蔬菜,元/斤
华中,3.20,none,2018-08-25,湖北省洪湖农贸市场,3.70,2.70,香菜,湖北,none,2017-02-21,蔬菜,元/斤
华中,3.20,none,2018-08-25,湖北省洪湖农贸市场,3.70,2.70,香菜,湖北,none,2017-02-20,蔬菜,元/斤
华中,3.20,none,2018-08-25,湖北省洪湖农贸市场,3.70,2.70,香菜,湖北,none,2017-02-17,蔬菜,元/斤
华中,3.20,none,2018-08-25,湖北省洪湖农贸市场,3.70,2.70,香菜,湖北,none,2017-02-16,蔬菜,元/斤
华中,3.20,none,2018-08-25,湖北省洪湖农贸市场,3.70,2.70,香菜,湖北,none,2017-02-15,蔬菜,元/斤
华中,3.20,none,2018-08-25,湖北省洪湖农贸市场,3.70,2.70,香菜,湖北,none,2017-02-14,蔬菜,元/斤
华中,3.20,none,2018-08-25,湖北省洪湖农贸市场,3.70,2.70,香菜,湖北,none,2017-02-13,蔬菜,元/斤
华中,3.70,none,2018-08-25,湖北省洪湖农贸市场,4.20,3.20,香菜,湖北,none,2017-02-10,蔬菜,元/斤
华中,3.70,none,2018-08-25,湖北省洪湖农贸市场,4.20,3.20,香菜,湖北,none,2017-02-08,蔬菜,元/斤
华中,3.00,none,2018-08-25,湖北省洪湖农贸市场,3.40,2.70,生姜,湖北,none,2018-08-13,蔬菜,元/斤
华中,3.00,none,2018-08-25,湖北省洪湖农贸市场,3.40,2.70,生姜,湖北,none,2018-08-09,蔬菜,元/斤
华中,3.00,none,2018-08-25,湖北省洪湖农贸市场,3.40,2.70,生姜,湖北,none,2018-08-08,蔬菜,元/斤
华中,3.00,none,2018-08-25,湖北省洪湖农贸市场,3.40,2.70,生姜,湖北,none,2018-08-06,蔬菜,元/斤
华中,3.30,none,2018-08-25,湖北省洪湖农贸市场,3.70,3.00,生姜,湖北,none,2018-08-03,蔬菜,元/斤
华中,3.30,none,2018-08-25,湖北省洪湖农贸市场,3.70,3.00,生姜,湖北,none,2018-08-02,蔬菜,元/斤
华中,3.30,none,2018-08-25,湖北省洪湖农贸市场,3.70,3.00,生姜,湖北,none,2018-08-01,蔬菜,元/斤
华中,3.30,none,2018-08-25,湖北省洪湖农贸市场,3.70,3.00,生姜,湖北,none,2018-07-31,蔬菜,元/斤
华中,3.00,none,2018-08-25,湖北省洪湖农贸市场,3.30,2.80,生姜,湖北,none,2018-07-07,蔬菜,元/斤
华中,3.00,none,2018-08-25,湖北省洪湖农贸市场,3.50,2.80,生姜,湖北,none,2018-07-01,蔬菜,元/斤
华中,3.00,none,2018-08-25,湖北省洪湖农贸市场,3.50,2.50,生姜,湖北,none,2018-06-03,蔬菜,元/斤
华中,3.00,none,2018-08-25,湖北省洪湖农贸市场,3.50,2.50,生姜,湖北,none,2018-05-29,蔬菜,元/斤
华中,3.00,none,2018-08-25,湖北省洪湖农贸市场,3.50,2.50,生姜,湖北,none,2018-05-25,蔬菜,元/斤
华中,3.00,none,2018-08-25,湖北省洪湖农贸市场,3.50,2.50,生姜,湖北,none,2018-05-24,蔬菜,元/斤
华中,3.00,none,2018-08-25,湖北省洪湖农贸市场,3.50,2.50,生姜,湖北,none,2018-05-23,蔬菜,元/斤
华中,3.00,none,2018-08-25,湖北省洪湖农贸市场,3.50,2.50,生姜,湖北,none,2018-05-22,蔬菜,元/斤
华中,3.00,none,2018-08-25,湖北省洪湖农贸市场,3.50,2.50,生姜,湖北,none,2018-05-16,蔬菜,元/斤
华中,3.00,none,2018-08-25,湖北省洪湖农贸市场,3.50,2.50,生姜,湖北,none,2018-05-15,蔬菜,元/斤
华中,3.00,none,2018-08-25,湖北省洪湖农贸市场,3.50,2.50,生姜,湖北,none,2018-05-08,蔬菜,元/斤
华中,3.00,none,2018-08-25,湖北省洪湖农贸市场,3.50,2.50,生姜,湖北,none,2018-05-03,蔬菜,元/斤
华中,3.00,none,2018-08-25,湖北省洪湖农贸市场,3.50,2.50,生姜,湖北,none,2018-05-02,蔬菜,元/斤
华中,3.50,none,2018-08-25,湖北省洪湖农贸市场,3.80,3.00,生姜,湖北,none,2018-04-28,蔬菜,元/斤
华中,3.50,none,2018-08-25,湖北省洪湖农贸市场,3.80,3.00,生姜,湖北,none,2018-04-27,蔬菜,元/斤
华中,3.50,none,2018-08-25,湖北省洪湖农贸市场,3.80,3.00,生姜,湖北,none,2018-04-26,蔬菜,元/斤
华中,3.50,none,2018-08-25,湖北省洪湖农贸市场,3.80,3.00,生姜,湖北,none,2018-04-25,蔬菜,元/斤
华中,1.40,none,2018-08-25,湖北省洪湖农贸市场,1.60,1.10,生菜,湖北,none,2017-02-21,蔬菜,元/斤
华中,1.40,none,2018-08-25,湖北省洪湖农贸市场,1.60,1.10,生菜,湖北,none,2017-02-20,蔬菜,元/斤
华中,1.40,none,2018-08-25,湖北省洪湖农贸市场,1.60,1.10,生菜,湖北,none,2017-02-17,蔬菜,元/斤
华中,1.40,none,2018-08-25,湖北省洪湖农贸市场,1.60,1.10,生菜,湖北,none,2017-02-16,蔬菜,元/斤
华中,1.40,none,2018-08-25,湖北省洪湖农贸市场,1.60,1.10,生菜,湖北,none,2017-02-15,蔬菜,元/斤
华中,1.40,none,2018-08-25,湖北省洪湖农贸市场,1.60,1.10,生菜,湖北,none,2017-02-14,蔬菜,元/斤
华中,1.40,none,2018-08-25,湖北省洪湖农贸市场,1.60,1.10,生菜,湖北,none,2017-02-13,蔬菜,元/斤
华中,1.40,none,2018-08-25,湖北省洪湖农贸市场,1.60,1.10,生菜,湖北,none,2017-02-10,蔬菜,元/斤
华中,1.40,none,2018-08-25,湖北省洪湖农贸市场,1.60,1.10,生菜,湖北,none,2017-02-08,蔬菜,元/斤
华中,1.40,none,2018-08-25,湖北省洪湖农贸市场,1.60,1.10,生菜,湖北,none,2017-02-07,蔬菜,元/斤
华中,1.40,none,2018-08-25,湖北省洪湖农贸市场,1.60,1.10,生菜,湖北,none,2017-02-06,蔬菜,元/斤
华中,1.40,none,2018-08-25,湖北省洪湖农贸市场,1.60,1.10,生菜,湖北,none,2017-02-04,蔬菜,元/斤
华中,1.40,none,2018-08-25,湖北省洪湖农贸市场,1.60,1.10,生菜,湖北,none,2017-01-30,蔬菜,元/斤
华中,1.40,none,2018-08-25,湖北省洪湖农贸市场,1.60,1.10,生菜,湖北,none,2017-01-26,蔬菜,元/斤
华中,1.40,none,2018-08-25,湖北省洪湖农贸市场,1.60,1.10,生菜,湖北,none,2017-01-23,蔬菜,元/斤
华中,1.50,none,2018-08-25,湖北省洪湖农贸市场,1.80,1.20,生菜,湖北,none,2017-01-22,蔬菜,元/斤
华中,1.50,none,2018-08-25,湖北省洪湖农贸市场,1.80,1.20,生菜,湖北,none,2017-01-20,蔬菜,元/斤
华中,1.70,none,2018-08-25,湖北省洪湖农贸市场,2.00,1.40,生菜,湖北,none,2017-01-19,蔬菜,元/斤
华中,1.70,none,2018-08-25,湖北省洪湖农贸市场,2.00,1.40,生菜,湖北,none,2017-01-18,蔬菜,元/斤
华中,1.70,none,2018-08-25,湖北省洪湖农贸市场,2.00,1.40,生菜,湖北,none,2017-01-17,蔬菜,元/斤
华中,1.70,none,2018-08-25,湖北省洪湖农贸市场,2.00,1.40,生菜,湖北,none,2017-01-16,蔬菜,元/斤
华中,1.70,none,2018-08-25,湖北省洪湖农贸市场,2.00,1.40,生菜,湖北,none,2017-01-13,蔬菜,元/斤
华中,1.70,none,2018-08-25,湖北省洪湖农贸市场,2.00,1.40,生菜,湖北,none,2017-01-12,蔬菜,元/斤
华中,1.70,none,2018-08-25,湖北省洪湖农贸市场,2.00,1.40,生菜,湖北,none,2017-01-11,蔬菜,元/斤
华中,1.70,none,2018-08-25,湖北省洪湖农贸市场,2.00,1.40,生菜,湖北,none,2017-01-10,蔬菜,元/斤
华中,2.50,none,2018-08-25,湖北省洪湖农贸市场,2.80,2.25,大蒜,湖北,none,2018-08-13,蔬菜,元/斤
华中,2.50,none,2018-08-25,湖北省洪湖农贸市场,2.80,2.25,大蒜,湖北,none,2018-08-09,蔬菜,元/斤
华中,2.50,none,2018-08-25,湖北省洪湖农贸市场,2.80,2.25,大蒜,湖北,none,2018-08-08,蔬菜,元/斤
华中,2.50,none,2018-08-25,湖北省洪湖农贸市场,2.80,2.25,大蒜,湖北,none,2018-08-06,蔬菜,元/斤
华中,2.50,none,2018-08-25,湖北省洪湖农贸市场,2.80,2.25,大蒜,湖北,none,2018-08-03,蔬菜,元/斤
华中,2.50,none,2018-08-25,湖北省洪湖农贸市场,2.80,2.25,大蒜,湖北,none,2018-08-02,蔬菜,元/斤
华中,2.50,none,2018-08-25,湖北省洪湖农贸市场,2.80,2.25,大蒜,湖北,none,2018-08-01,蔬菜,元/斤
华中,2.50,none,2018-08-25,湖北省洪湖农贸市场,2.80,2.25,大蒜,湖北,none,2018-07-31,蔬菜,元/斤
华中,2.50,none,2018-08-25,湖北省洪湖农贸市场,2.80,2.25,大蒜,湖北,none,2018-07-07,蔬菜,元/斤
华中,2.50,none,2018-08-25,湖北省洪湖农贸市场,2.80,2.25,大蒜,湖北,none,2018-07-01,蔬菜,元/斤
华中,2.50,none,2018-08-25,湖北省洪湖农贸市场,2.80,2.25,大蒜,湖北,none,2018-06-03,蔬菜,元/斤
华中,2.50,none,2018-08-25,湖北省洪湖农贸市场,2.80,2.25,大蒜,湖北,none,2018-05-29,蔬菜,元/斤
华中,2.50,none,2018-08-25,湖北省洪湖农贸市场,2.80,2.25,大蒜,湖北,none,2018-05-25,蔬菜,元/斤
华中,2.50,none,2018-08-25,湖北省洪湖农贸市场,2.80,2.25,大蒜,湖北,none,2018-05-24,蔬菜,元/斤
华中,2.50,none,2018-08-25,湖北省洪湖农贸市场,2.80,2.25,大蒜,湖北,none,2018-05-23,蔬菜,元/斤
华中,2.50,none,2018-08-25,湖北省洪湖农贸市场,2.80,2.25,大蒜,湖北,none,2018-05-22,蔬菜,元/斤
华中,2.50,none,2018-08-25,湖北省洪湖农贸市场,2.80,2.25,大蒜,湖北,none,2018-05-16,蔬菜,元/斤
华中,2.50,none,2018-08-25,湖北省洪湖农贸市场,2.80,2.25,大蒜,湖北,none,2018-05-15,蔬菜,元/斤
华中,2.50,none,2018-08-25,湖北省洪湖农贸市场,2.80,2.25,大蒜,湖北,none,2018-05-08,蔬菜,元/斤
华中,2.50,none,2018-08-25,湖北省洪湖农贸市场,2.80,2.25,大蒜,湖北,none,2018-05-03,蔬菜,元/斤
华中,2.50,none,2018-08-25,湖北省洪湖农贸市场,2.80,2.25,大蒜,湖北,none,2018-05-02,蔬菜,元/斤
华中,2.50,none,2018-08-25,湖北省洪湖农贸市场,2.80,2.25,大蒜,湖北,none,2018-04-28,蔬菜,元/斤
华中,2.50,none,2018-08-25,湖北省洪湖农贸市场,2.80,2.25,大蒜,湖北,none,2018-04-27,蔬菜,元/斤
华中,2.50,none,2018-08-25,湖北省洪湖农贸市场,2.80,2.25,大蒜,湖北,none,2018-04-26,蔬菜,元/斤
华中,2.50,none,2018-08-25,湖北省洪湖农贸市场,2.80,2.25,大蒜,湖北,none,2018-04-25,蔬菜,元/斤
华中,2.80,none,2018-08-25,湖北省洪湖农贸市场,3.40,2.20,菜花,湖北,none,2018-08-08,蔬菜,元/斤
华中,2.80,none,2018-08-25,湖北省洪湖农贸市场,3.40,2.20,菜花,湖北,none,2018-08-06,蔬菜,元/斤
华中,2.70,none,2018-08-25,湖北省洪湖农贸市场,3.20,2.20,菜花,湖北,none,2018-08-03,蔬菜,元/斤
华中,2.70,none,2018-08-25,湖北省洪湖农贸市场,3.20,2.20,菜花,湖北,none,2018-08-02,蔬菜,元/斤
华中,2.70,none,2018-08-25,湖北省洪湖农贸市场,3.20,2.20,菜花,湖北,none,2018-08-01,蔬菜,元/斤
华中,2.70,none,2018-08-25,湖北省洪湖农贸市场,3.20,2.20,菜花,湖北,none,2018-07-31,蔬菜,元/斤
华中,2.00,none,2018-08-25,湖北省洪湖农贸市场,2.50,1.50,菜花,湖北,none,2018-07-07,蔬菜,元/斤
华中,2.50,none,2018-08-25,湖北省洪湖农贸市场,3.40,2.00,菜花,湖北,none,2018-07-01,蔬菜,元/斤
华中,1.90,none,2018-08-25,湖北省洪湖农贸市场,2.40,1.40,菜花,湖北,none,2018-06-03,蔬菜,元/斤
华中,1.90,none,2018-08-25,湖北省洪湖农贸市场,2.40,1.40,菜花,湖北,none,2018-05-29,蔬菜,元/斤
华中,1.90,none,2018-08-25,湖北省洪湖农贸市场,2.40,1.40,菜花,湖北,none,2018-05-25,蔬菜,元/斤
华中,1.90,none,2018-08-25,湖北省洪湖农贸市场,2.40,1.40,菜花,湖北,none,2018-05-24,蔬菜,元/斤
华中,1.90,none,2018-08-25,湖北省洪湖农贸市场,2.40,1.40,菜花,湖北,none,2018-05-23,蔬菜,元/斤
华中,1.90,none,2018-08-25,湖北省洪湖农贸市场,2.40,1.40,菜花,湖北,none,2018-05-22,蔬菜,元/斤
华中,1.90,none,2018-08-25,湖北省洪湖农贸市场,2.40,1.40,菜花,湖北,none,2018-05-16,蔬菜,元/斤
华中,2.50,none,2018-08-25,湖北省洪湖农贸市场,3.00,1.50,菜花,湖北,none,2018-05-08,蔬菜,元/斤
华中,2.50,none,2018-08-25,湖北省洪湖农贸市场,3.00,1.50,菜花,湖北,none,2018-05-03,蔬菜,元/斤
华中,2.50,none,2018-08-25,湖北省洪湖农贸市场,3.00,1.50,菜花,湖北,none,2018-05-02,蔬菜,元/斤
华中,2.50,none,2018-08-25,湖北省洪湖农贸市场,3.00,1.50,菜花,湖北,none,2018-04-28,蔬菜,元/斤
华中,2.50,none,2018-08-25,湖北省洪湖农贸市场,3.00,1.50,菜花,湖北,none,2018-04-27,蔬菜,元/斤
华中,2.50,none,2018-08-25,湖北省洪湖农贸市场,3.00,1.50,菜花,湖北,none,2018-04-26,蔬菜,元/斤
华中,2.50,none,2018-08-25,湖北省洪湖农贸市场,3.00,1.50,菜花,湖北,none,2018-04-25,蔬菜,元/斤
华中,2.50,none,2018-08-25,湖北省洪湖农贸市场,3.00,1.50,菜花,湖北,none,2018-04-24,蔬菜,元/斤
华中,2.50,none,2018-08-25,湖北省洪湖农贸市场,3.00,1.50,菜花,湖北,none,2018-04-20,蔬菜,元/斤
华中,2.50,none,2018-08-25,湖北省洪湖农贸市场,3.00,1.50,菜花,湖北,none,2018-04-19,蔬菜,元/斤
华中,0.30,none,2018-08-25,湖北省洪湖农贸市场,0.40,0.20,冬瓜,湖北,none,2018-08-08,蔬菜,元/斤
华中,0.30,none,2018-08-25,湖北省洪湖农贸市场,0.40,0.20,冬瓜,湖北,none,2018-08-06,蔬菜,元/斤
华中,0.30,none,2018-08-25,湖北省洪湖农贸市场,0.40,0.20,冬瓜,湖北,none,2018-08-03,蔬菜,元/斤
华中,0.30,none,2018-08-25,湖北省洪湖农贸市场,0.40,0.20,冬瓜,湖北,none,2018-08-02,蔬菜,元/斤
华中,0.30,none,2018-08-25,湖北省洪湖农贸市场,0.40,0.20,冬瓜,湖北,none,2018-08-01,蔬菜,元/斤
华中,0.30,none,2018-08-25,湖北省洪湖农贸市场,0.40,0.20,冬瓜,湖北,none,2018-07-31,蔬菜,元/斤
华中,0.80,none,2018-08-25,湖北省洪湖农贸市场,1.10,0.60,冬瓜,湖北,none,2018-06-03,蔬菜,元/斤
华中,0.80,none,2018-08-25,湖北省洪湖农贸市场,1.10,0.60,冬瓜,湖北,none,2018-05-29,蔬菜,元/斤
华中,0.80,none,2018-08-25,湖北省洪湖农贸市场,1.10,0.60,冬瓜,湖北,none,2018-05-25,蔬菜,元/斤
华中,0.80,none,2018-08-25,湖北省洪湖农贸市场,1.10,0.60,冬瓜,湖北,none,2018-05-24,蔬菜,元/斤
华中,0.80,none,2018-08-25,湖北省洪湖农贸市场,1.10,0.60,冬瓜,湖北,none,2018-05-16,蔬菜,元/斤
华中,1.10,none,2018-08-25,湖北省洪湖农贸市场,1.30,0.90,冬瓜,湖北,none,2018-05-08,蔬菜,元/斤
华中,1.10,none,2018-08-25,湖北省洪湖农贸市场,1.30,0.90,冬瓜,湖北,none,2018-05-03,蔬菜,元/斤
华中,1.10,none,2018-08-25,湖北省洪湖农贸市场,1.30,0.90,冬瓜,湖北,none,2018-05-02,蔬菜,元/斤
华中,1.30,none,2018-08-25,湖北省洪湖农贸市场,1.50,1.00,冬瓜,湖北,none,2018-04-28,蔬菜,元/斤
华中,1.30,none,2018-08-25,湖北省洪湖农贸市场,1.50,1.00,冬瓜,湖北,none,2018-04-27,蔬菜,元/斤
华中,1.30,none,2018-08-25,湖北省洪湖农贸市场,1.50,1.00,冬瓜,湖北,none,2018-04-26,蔬菜,元/斤
华中,1.30,none,2018-08-25,湖北省洪湖农贸市场,1.50,1.00,冬瓜,湖北,none,2018-04-25,蔬菜,元/斤
华中,1.30,none,2018-08-25,湖北省洪湖农贸市场,1.50,1.00,冬瓜,湖北,none,2018-04-24,蔬菜,元/斤
华中,1.30,none,2018-08-25,湖北省洪湖农贸市场,1.50,1.00,冬瓜,湖北,none,2018-04-20,蔬菜,元/斤
华中,1.30,none,2018-08-25,湖北省洪湖农贸市场,1.50,1.00,冬瓜,湖北,none,2018-04-19,蔬菜,元/斤
华中,1.30,none,2018-08-25,湖北省洪湖农贸市场,1.50,1.00,冬瓜,湖北,none,2018-04-16,蔬菜,元/斤
华中,1.30,none,2018-08-25,湖北省洪湖农贸市场,1.50,1.00,冬瓜,湖北,none,2018-04-13,蔬菜,元/斤
华中,1.30,none,2018-08-25,湖北省洪湖农贸市场,1.50,1.00,冬瓜,湖北,none,2018-04-12,蔬菜,元/斤
华中,1.30,none,2018-08-25,湖北省洪湖农贸市场,1.50,1.00,冬瓜,湖北,none,2018-04-08,蔬菜,元/斤
华中,1.80,none,2018-08-25,湖北省洪湖农贸市场,2.10,1.60,茄子,湖北,none,2018-08-08,蔬菜,元/斤
华中,1.80,none,2018-08-25,湖北省洪湖农贸市场,2.10,1.60,茄子,湖北,none,2018-08-06,蔬菜,元/斤
华中,1.60,none,2018-08-25,湖北省洪湖农贸市场,1.90,1.30,茄子,湖北,none,2018-08-03,蔬菜,元/斤
华中,1.60,none,2018-08-25,湖北省洪湖农贸市场,1.90,1.30,茄子,湖北,none,2018-08-02,蔬菜,元/斤
华中,1.60,none,2018-08-25,湖北省洪湖农贸市场,1.90,1.30,茄子,湖北,none,2018-08-01,蔬菜,元/斤
华中,1.60,none,2018-08-25,湖北省洪湖农贸市场,1.90,1.30,茄子,湖北,none,2018-07-31,蔬菜,元/斤
华中,1.20,none,2018-08-25,湖北省洪湖农贸市场,1.50,0.90,茄子,湖北,none,2018-07-01,蔬菜,元/斤
华中,2.40,none,2018-08-25,湖北省洪湖农贸市场,2.90,1.80,茄子,湖北,none,2018-06-03,蔬菜,元/斤
华中,2.40,none,2018-08-25,湖北省洪湖农贸市场,2.90,1.80,茄子,湖北,none,2018-05-29,蔬菜,元/斤
华中,2.40,none,2018-08-25,湖北省洪湖农贸市场,2.90,1.80,茄子,湖北,none,2018-05-25,蔬菜,元/斤
华中,2.40,none,2018-08-25,湖北省洪湖农贸市场,2.90,1.80,茄子,湖北,none,2018-05-24,蔬菜,元/斤
华中,3.00,none,2018-08-25,湖北省洪湖农贸市场,3.80,2.30,茄子,湖北,none,2018-05-16,蔬菜,元/斤
华中,2.50,none,2018-08-25,湖北省洪湖农贸市场,3.10,2.30,茄子,湖北,none,2018-05-08,蔬菜,元/斤
华中,2.50,none,2018-08-25,湖北省洪湖农贸市场,3.10,2.30,茄子,湖北,none,2018-05-03,蔬菜,元/斤
华中,2.50,none,2018-08-25,湖北省洪湖农贸市场,3.10,2.30,茄子,湖北,none,2018-05-02,蔬菜,元/斤
华中,2.50,none,2018-08-25,湖北省洪湖农贸市场,3.00,2.30,茄子,湖北,none,2018-04-28,蔬菜,元/斤
华中,2.50,none,2018-08-25,湖北省洪湖农贸市场,3.00,2.30,茄子,湖北,none,2018-04-27,蔬菜,元/斤
华中,2.50,none,2018-08-25,湖北省洪湖农贸市场,3.00,2.30,茄子,湖北,none,2018-04-26,蔬菜,元/斤
华中,2.50,none,2018-08-25,湖北省洪湖农贸市场,3.00,2.30,茄子,湖北,none,2018-04-25,蔬菜,元/斤
华中,2.50,none,2018-08-25,湖北省洪湖农贸市场,3.00,2.30,茄子,湖北,none,2018-04-24,蔬菜,元/斤
华中,2.50,none,2018-08-25,湖北省洪湖农贸市场,3.00,2.30,茄子,湖北,none,2018-04-20,蔬菜,元/斤
华中,2.50,none,2018-08-25,湖北省洪湖农贸市场,3.00,2.30,茄子,湖北,none,2018-04-19,蔬菜,元/斤
华中,2.50,none,2018-08-25,湖北省洪湖农贸市场,3.00,2.30,茄子,湖北,none,2018-04-16,蔬菜,元/斤
华中,2.50,none,2018-08-25,湖北省洪湖农贸市场,2.80,2.30,茄子,湖北,none,2018-04-13,蔬菜,元/斤
华中,2.60,none,2018-08-25,湖北省洪湖农贸市场,2.90,2.40,茄子,湖北,none,2018-04-12,蔬菜,元/斤
华中,0.30,none,2018-08-25,湖北省洪湖农贸市场,0.50,0.20,白萝卜,湖北,none,2017-02-28,蔬菜,元/斤
华中,0.30,none,2018-08-25,湖北省洪湖农贸市场,0.50,0.20,白萝卜,湖北,none,2017-02-27,蔬菜,元/斤
华中,0.30,none,2018-08-25,湖北省洪湖农贸市场,0.50,0.20,白萝卜,湖北,none,2017-02-24,蔬菜,元/斤
华中,0.30,none,2018-08-25,湖北省洪湖农贸市场,0.50,0.20,白萝卜,湖北,none,2017-02-23,蔬菜,元/斤
华中,0.30,none,2018-08-25,湖北省洪湖农贸市场,0.50,0.20,白萝卜,湖北,none,2017-02-22,蔬菜,元/斤
华中,0.30,none,2018-08-25,湖北省洪湖农贸市场,0.50,0.20,白萝卜,湖北,none,2017-02-21,蔬菜,元/斤
华中,0.30,none,2018-08-25,湖北省洪湖农贸市场,0.50,0.20,白萝卜,湖北,none,2017-02-20,蔬菜,元/斤
华中,0.30,none,2018-08-25,湖北省洪湖农贸市场,0.50,0.20,白萝卜,湖北,none,2017-02-17,蔬菜,元/斤
华中,0.30,none,2018-08-25,湖北省洪湖农贸市场,0.50,0.20,白萝卜,湖北,none,2017-02-16,蔬菜,元/斤
华中,0.30,none,2018-08-25,湖北省洪湖农贸市场,0.50,0.20,白萝卜,湖北,none,2017-02-15,蔬菜,元/斤
华中,0.30,none,2018-08-25,湖北省洪湖农贸市场,0.50,0.20,白萝卜,湖北,none,2017-02-14,蔬菜,元/斤
华中,0.30,none,2018-08-25,湖北省洪湖农贸市场,0.50,0.20,白萝卜,湖北,none,2017-02-13,蔬菜,元/斤
华中,0.30,none,2018-08-25,湖北省洪湖农贸市场,0.50,0.20,白萝卜,湖北,none,2017-02-10,蔬菜,元/斤
华中,0.30,none,2018-08-25,湖北省洪湖农贸市场,0.50,0.20,白萝卜,湖北,none,2017-02-08,蔬菜,元/斤
华中,0.30,none,2018-08-25,湖北省洪湖农贸市场,0.50,0.20,白萝卜,湖北,none,2017-02-07,蔬菜,元/斤
华中,0.30,none,2018-08-25,湖北省洪湖农贸市场,0.50,0.20,白萝卜,湖北,none,2017-02-06,蔬菜,元/斤
华中,0.50,none,2018-08-25,湖北省洪湖农贸市场,0.60,0.30,白萝卜,湖北,none,2017-01-30,蔬菜,元/斤
华中,0.50,none,2018-08-25,湖北省洪湖农贸市场,0.60,0.30,白萝卜,湖北,none,2017-01-26,蔬菜,元/斤
华中,0.50,none,2018-08-25,湖北省洪湖农贸市场,0.60,0.30,白萝卜,湖北,none,2017-01-22,蔬菜,元/斤
华中,0.50,none,2018-08-25,湖北省洪湖农贸市场,0.60,0.30,白萝卜,湖北,none,2017-01-20,蔬菜,元/斤
华中,0.70,none,2018-08-25,湖北省洪湖农贸市场,0.90,0.50,白萝卜,湖北,none,2017-01-19,蔬菜,元/斤
华中,0.70,none,2018-08-25,湖北省洪湖农贸市场,0.90,0.50,白萝卜,湖北,none,2017-01-18,蔬菜,元/斤
华中,0.70,none,2018-08-25,湖北省洪湖农贸市场,0.90,0.50,白萝卜,湖北,none,2017-01-17,蔬菜,元/斤
华中,0.70,none,2018-08-25,湖北省洪湖农贸市场,0.90,0.50,白萝卜,湖北,none,2017-01-16,蔬菜,元/斤
华中,0.70,none,2018-08-25,湖北省洪湖农贸市场,0.90,0.50,白萝卜,湖北,none,2017-01-13,蔬菜,元/斤
华中,1.70,none,2018-08-25,湖北省洪湖农贸市场,2.10,1.50,韭菜,湖北,none,2017-03-20,蔬菜,元/斤
华中,1.80,none,2018-08-25,湖北省洪湖农贸市场,2.30,1.60,韭菜,湖北,none,2017-03-17,蔬菜,元/斤
华中,1.80,none,2018-08-25,湖北省洪湖农贸市场,2.10,1.60,韭菜,湖北,none,2017-03-07,蔬菜,元/斤
华中,1.80,none,2018-08-25,湖北省洪湖农贸市场,2.10,1.60,韭菜,湖北,none,2017-03-04,蔬菜,元/斤
华中,1.80,none,2018-08-25,湖北省洪湖农贸市场,2.10,1.60,韭菜,湖北,none,2017-03-03,蔬菜,元/斤
华中,1.80,none,2018-08-25,湖北省洪湖农贸市场,2.10,1.60,韭菜,湖北,none,2017-03-02,蔬菜,元/斤
华中,1.80,none,2018-08-25,湖北省洪湖农贸市场,2.10,1.60,韭菜,湖北,none,2017-03-01,蔬菜,元/斤
华中,1.80,none,2018-08-25,湖北省洪湖农贸市场,2.10,1.60,韭菜,湖北,none,2017-02-28,蔬菜,元/斤
华中,1.80,none,2018-08-25,湖北省洪湖农贸市场,2.10,1.60,韭菜,湖北,none,2017-02-27,蔬菜,元/斤
华中,1.80,none,2018-08-25,湖北省洪湖农贸市场,2.10,1.60,韭菜,湖北,none,2017-02-24,蔬菜,元/斤
华中,1.80,none,2018-08-25,湖北省洪湖农贸市场,2.10,1.60,韭菜,湖北,none,2017-02-23,蔬菜,元/斤
华中,1.80,none,2018-08-25,湖北省洪湖农贸市场,2.10,1.60,韭菜,湖北,none,2017-02-22,蔬菜,元/斤
华中,2.00,none,2018-08-25,湖北省洪湖农贸市场,2.30,1.80,韭菜,湖北,none,2017-02-21,蔬菜,元/斤
华中,2.30,none,2018-08-25,湖北省洪湖农贸市场,2.50,2.00,韭菜,湖北,none,2017-02-20,蔬菜,元/斤
华中,3.00,none,2018-08-25,湖北省洪湖农贸市场,3.30,2.80,韭菜,湖北,none,2017-02-17,蔬菜,元/斤
华中,3.00,none,2018-08-25,湖北省洪湖农贸市场,3.30,2.80,韭菜,湖北,none,2017-02-16,蔬菜,元/斤
华中,3.00,none,2018-08-25,湖北省洪湖农贸市场,3.30,2.80,韭菜,湖北,none,2017-02-15,蔬菜,元/斤
华中,3.00,none,2018-08-25,湖北省洪湖农贸市场,3.30,2.80,韭菜,湖北,none,2017-02-14,蔬菜,元/斤
华中,3.00,none,2018-08-25,湖北省洪湖农贸市场,3.30,2.80,韭菜,湖北,none,2017-02-13,蔬菜,元/斤
华中,3.00,none,2018-08-25,湖北省洪湖农贸市场,3.30,2.80,韭菜,湖北,none,2017-02-10,蔬菜,元/斤
华中,3.00,none,2018-08-25,湖北省洪湖农贸市场,3.30,2.80,韭菜,湖北,none,2017-02-08,蔬菜,元/斤
华中,3.00,none,2018-08-25,湖北省洪湖农贸市场,3.30,2.80,韭菜,湖北,none,2017-02-07,蔬菜,元/斤
华中,3.00,none,2018-08-25,湖北省洪湖农贸市场,3.30,2.80,韭菜,湖北,none,2017-02-06,蔬菜,元/斤
华中,3.00,none,2018-08-25,湖北省洪湖农贸市场,3.30,2.80,韭菜,湖北,none,2017-01-30,蔬菜,元/斤
华中,3.00,none,2018-08-25,湖北省洪湖农贸市场,3.30,2.80,韭菜,湖北,none,2017-01-26,蔬菜,元/斤
华中,1.50,none,2018-08-25,湖北省洪湖农贸市场,2.00,1.00,青椒,湖北,none,2018-08-08,蔬菜,元/斤
华中,1.50,none,2018-08-25,湖北省洪湖农贸市场,2.00,1.00,青椒,湖北,none,2018-08-06,蔬菜,元/斤
华中,1.50,none,2018-08-25,湖北省洪湖农贸市场,2.00,1.00,青椒,湖北,none,2018-08-03,蔬菜,元/斤
华中,1.50,none,2018-08-25,湖北省洪湖农贸市场,2.00,1.00,青椒,湖北,none,2018-08-02,蔬菜,元/斤
华中,1.50,none,2018-08-25,湖北省洪湖农贸市场,2.00,1.00,青椒,湖北,none,2018-08-01,蔬菜,元/斤
华中,1.50,none,2018-08-25,湖北省洪湖农贸市场,2.00,1.00,青椒,湖北,none,2018-07-31,蔬菜,元/斤
华中,1.40,none,2018-08-25,湖北省洪湖农贸市场,1.80,0.90,青椒,湖北,none,2018-07-07,蔬菜,元/斤
华中,1.40,none,2018-08-25,湖北省洪湖农贸市场,1.80,1.00,青椒,湖北,none,2018-07-01,蔬菜,元/斤
华中,1.40,none,2018-08-25,湖北省洪湖农贸市场,1.70,0.80,青椒,湖北,none,2018-06-03,蔬菜,元/斤
华中,1.40,none,2018-08-25,湖北省洪湖农贸市场,1.70,0.80,青椒,湖北,none,2018-05-29,蔬菜,元/斤
华中,1.50,none,2018-08-25,湖北省洪湖农贸市场,2.00,1.10,青椒,湖北,none,2018-05-25,蔬菜,元/斤
华中,1.50,none,2018-08-25,湖北省洪湖农贸市场,2.00,1.10,青椒,湖北,none,2018-05-24,蔬菜,元/斤
华中,2.00,none,2018-08-25,湖北省洪湖农贸市场,2.50,1.80,青椒,湖北,none,2018-05-16,蔬菜,元/斤
华中,2.10,none,2018-08-25,湖北省洪湖农贸市场,2.50,1.90,青椒,湖北,none,2018-05-08,蔬菜,元/斤
华中,2.10,none,2018-08-25,湖北省洪湖农贸市场,2.50,1.90,青椒,湖北,none,2018-05-03,蔬菜,元/斤
华中,2.10,none,2018-08-25,湖北省洪湖农贸市场,2.50,1.90,青椒,湖北,none,2018-05-02,蔬菜,元/斤
华中,2.10,none,2018-08-25,湖北省洪湖农贸市场,2.50,1.90,青椒,湖北,none,2018-04-28,蔬菜,元/斤
华中,2.10,none,2018-08-25,湖北省洪湖农贸市场,2.50,1.90,青椒,湖北,none,2018-04-27,蔬菜,元/斤
华中,2.10,none,2018-08-25,湖北省洪湖农贸市场,2.60,1.90,青椒,湖北,none,2018-04-26,蔬菜,元/斤
华中,2.10,none,2018-08-25,湖北省洪湖农贸市场,2.60,1.90,青椒,湖北,none,2018-04-25,蔬菜,元/斤
华中,2.10,none,2018-08-25,湖北省洪湖农贸市场,2.60,1.90,青椒,湖北,none,2018-04-24,蔬菜,元/斤
华中,2.10,none,2018-08-25,湖北省洪湖农贸市场,2.60,1.90,青椒,湖北,none,2018-04-20,蔬菜,元/斤
华中,2.10,none,2018-08-25,湖北省洪湖农贸市场,2.60,1.90,青椒,湖北,none,2018-04-19,蔬菜,元/斤
华中,2.10,none,2018-08-25,湖北省洪湖农贸市场,2.60,1.90,青椒,湖北,none,2018-04-17,蔬菜,元/斤
华中,2.10,none,2018-08-25,湖北省洪湖农贸市场,2.60,1.90,青椒,湖北,none,2018-04-16,蔬菜,元/斤
华中,1.50,none,2018-08-25,湖北省洪湖农贸市场,1.70,1.30,黄瓜,湖北,none,2018-08-08,蔬菜,元/斤
华中,1.50,none,2018-08-25,湖北省洪湖农贸市场,1.70,1.30,黄瓜,湖北,none,2018-08-06,蔬菜,元/斤
华中,1.30,none,2018-08-25,湖北省洪湖农贸市场,1.50,1.10,黄瓜,湖北,none,2018-08-03,蔬菜,元/斤
华中,1.30,none,2018-08-25,湖北省洪湖农贸市场,1.50,1.10,黄瓜,湖北,none,2018-08-02,蔬菜,元/斤
华中,1.30,none,2018-08-25,湖北省洪湖农贸市场,1.50,1.10,黄瓜,湖北,none,2018-08-01,蔬菜,元/斤
华中,1.30,none,2018-08-25,湖北省洪湖农贸市场,1.50,1.10,黄瓜,湖北,none,2018-07-31,蔬菜,元/斤
华中,1.00,none,2018-08-25,湖北省洪湖农贸市场,1.30,0.80,黄瓜,湖北,none,2018-06-03,蔬菜,元/斤
华中,1.00,none,2018-08-25,湖北省洪湖农贸市场,1.30,0.80,黄瓜,湖北,none,2018-05-29,蔬菜,元/斤
华中,1.10,none,2018-08-25,湖北省洪湖农贸市场,1.40,0.90,黄瓜,湖北,none,2018-05-25,蔬菜,元/斤
华中,1.10,none,2018-08-25,湖北省洪湖农贸市场,1.40,0.90,黄瓜,湖北,none,2018-05-24,蔬菜,元/斤
华中,1.50,none,2018-08-25,湖北省洪湖农贸市场,1.60,1.10,黄瓜,湖北,none,2018-05-16,蔬菜,元/斤
华中,1.50,none,2018-08-25,湖北省洪湖农贸市场,1.70,1.10,黄瓜,湖北,none,2018-05-08,蔬菜,元/斤
华中,1.50,none,2018-08-25,湖北省洪湖农贸市场,1.70,1.10,黄瓜,湖北,none,2018-05-03,蔬菜,元/斤
华中,1.50,none,2018-08-25,湖北省洪湖农贸市场,1.70,1.10,黄瓜,湖北,none,2018-05-02,蔬菜,元/斤
华中,1.60,none,2018-08-25,湖北省洪湖农贸市场,1.90,1.20,黄瓜,湖北,none,2018-04-28,蔬菜,元/斤
华中,1.60,none,2018-08-25,湖北省洪湖农贸市场,1.90,1.20,黄瓜,湖北,none,2018-04-27,蔬菜,元/斤
华中,1.60,none,2018-08-25,湖北省洪湖农贸市场,1.90,1.20,黄瓜,湖北,none,2018-04-26,蔬菜,元/斤
华中,1.60,none,2018-08-25,湖北省洪湖农贸市场,1.90,1.20,黄瓜,湖北,none,2018-04-25,蔬菜,元/斤
华中,1.60,none,2018-08-25,湖北省洪湖农贸市场,1.90,1.20,黄瓜,湖北,none,2018-04-24,蔬菜,元/斤
华中,1.70,none,2018-08-25,湖北省洪湖农贸市场,2.10,1.40,黄瓜,湖北,none,2018-04-20,蔬菜,元/斤
华中,1.70,none,2018-08-25,湖北省洪湖农贸市场,2.10,1.40,黄瓜,湖北,none,2018-04-19,蔬菜,元/斤
华中,1.70,none,2018-08-25,湖北省洪湖农贸市场,2.10,1.40,黄瓜,湖北,none,2018-04-16,蔬菜,元/斤
华中,1.50,none,2018-08-25,湖北省洪湖农贸市场,1.90,1.20,黄瓜,湖北,none,2018-04-13,蔬菜,元/斤
华中,1.90,none,2018-08-25,湖北省洪湖农贸市场,2.10,1.30,黄瓜,湖北,none,2018-04-12,蔬菜,元/斤
华中,1.90,none,2018-08-25,湖北省洪湖农贸市场,2.10,1.30,黄瓜,湖北,none,2018-04-08,蔬菜,元/斤
华中,3.30,none,2018-08-25,湖北省洪湖农贸市场,3.50,3.00,金针菇,湖北,none,2018-08-08,蔬菜,元/斤
华中,3.30,none,2018-08-25,湖北省洪湖农贸市场,3.50,3.00,金针菇,湖北,none,2018-08-06,蔬菜,元/斤
华中,3.30,none,2018-08-25,湖北省洪湖农贸市场,3.50,3.00,金针菇,湖北,none,2018-08-03,蔬菜,元/斤
华中,3.30,none,2018-08-25,湖北省洪湖农贸市场,3.50,3.00,金针菇,湖北,none,2018-08-02,蔬菜,元/斤
华中,3.30,none,2018-08-25,湖北省洪湖农贸市场,3.50,3.00,金针菇,湖北,none,2018-08-01,蔬菜,元/斤
华中,3.30,none,2018-08-25,湖北省洪湖农贸市场,3.50,3.00,金针菇,湖北,none,2018-07-31,蔬菜,元/斤
华中,2.80,none,2018-08-25,湖北省洪湖农贸市场,3.10,2.50,金针菇,湖北,none,2018-06-03,蔬菜,元/斤
华中,2.80,none,2018-08-25,湖北省洪湖农贸市场,3.10,2.50,金针菇,湖北,none,2018-05-29,蔬菜,元/斤
华中,2.80,none,2018-08-25,湖北省洪湖农贸市场,3.10,2.50,金针菇,湖北,none,2018-05-25,蔬菜,元/斤
华中,2.80,none,2018-08-25,湖北省洪湖农贸市场,3.10,2.50,金针菇,湖北,none,2018-05-24,蔬菜,元/斤
华中,2.80,none,2018-08-25,湖北省洪湖农贸市场,3.10,2.50,金针菇,湖北,none,2018-05-16,蔬菜,元/斤
华中,2.80,none,2018-08-25,湖北省洪湖农贸市场,3.10,2.50,金针菇,湖北,none,2018-05-08,蔬菜,元/斤
华中,2.80,none,2018-08-25,湖北省洪湖农贸市场,3.10,2.50,金针菇,湖北,none,2018-05-03,蔬菜,元/斤
华中,2.80,none,2018-08-25,湖北省洪湖农贸市场,3.10,2.50,金针菇,湖北,none,2018-05-02,蔬菜,元/斤
华中,2.80,none,2018-08-25,湖北省洪湖农贸市场,3.10,2.50,金针菇,湖北,none,2018-04-28,蔬菜,元/斤
华中,2.80,none,2018-08-25,湖北省洪湖农贸市场,3.10,2.50,金针菇,湖北,none,2018-04-27,蔬菜,元/斤
华中,2.80,none,2018-08-25,湖北省洪湖农贸市场,3.10,2.50,金针菇,湖北,none,2018-04-26,蔬菜,元/斤
华中,2.80,none,2018-08-25,湖北省洪湖农贸市场,3.10,2.50,金针菇,湖北,none,2018-04-25,蔬菜,元/斤
华中,2.80,none,2018-08-25,湖北省洪湖农贸市场,3.10,2.50,金针菇,湖北,none,2018-04-24,蔬菜,元/斤
华中,2.80,none,2018-08-25,湖北省洪湖农贸市场,3.10,2.50,金针菇,湖北,none,2018-04-20,蔬菜,元/斤
华中,2.80,none,2018-08-25,湖北省洪湖农贸市场,3.10,2.50,金针菇,湖北,none,2018-04-19,蔬菜,元/斤
华中,2.80,none,2018-08-25,湖北省洪湖农贸市场,3.10,2.50,金针菇,湖北,none,2018-04-16,蔬菜,元/斤
华中,2.80,none,2018-08-25,湖北省洪湖农贸市场,3.10,2.50,金针菇,湖北,none,2018-04-13,蔬菜,元/斤
华中,2.80,none,2018-08-25,湖北省洪湖农贸市场,3.10,2.50,金针菇,湖北,none,2018-04-12,蔬菜,元/斤
华中,2.80,none,2018-08-25,湖北省洪湖农贸市场,3.10,2.50,金针菇,湖北,none,2018-04-08,蔬菜,元/斤
华中,4.30,none,2018-08-25,湖北省洪湖农贸市场,5.00,3.00,韭菜,湖北,none,2018-08-13,蔬菜,元/斤
华中,4.30,none,2018-08-25,湖北省洪湖农贸市场,5.00,3.00,韭菜,湖北,none,2018-08-09,蔬菜,元/斤
华中,4.30,none,2018-08-25,湖北省洪湖农贸市场,5.00,3.00,韭菜,湖北,none,2018-08-08,蔬菜,元/斤
华中,3.80,none,2018-08-25,湖北省洪湖农贸市场,4.50,3.00,韭菜,湖北,none,2018-08-06,蔬菜,元/斤
华中,2.20,none,2018-08-25,湖北省洪湖农贸市场,2.50,2.00,韭菜,湖北,none,2018-08-03,蔬菜,元/斤
华中,2.20,none,2018-08-25,湖北省洪湖农贸市场,2.50,2.00,韭菜,湖北,none,2018-08-02,蔬菜,元/斤
华中,2.20,none,2018-08-25,湖北省洪湖农贸市场,2.50,2.00,韭菜,湖北,none,2018-08-01,蔬菜,元/斤
华中,2.20,none,2018-08-25,湖北省洪湖农贸市场,2.50,2.00,韭菜,湖北,none,2018-07-31,蔬菜,元/斤
华中,1.70,none,2018-08-25,湖北省洪湖农贸市场,2.00,1.50,韭菜,湖北,none,2018-07-07,蔬菜,元/斤
华中,1.50,none,2018-08-25,湖北省洪湖农贸市场,1.80,1.30,韭菜,湖北,none,2018-07-01,蔬菜,元/斤
华中,1.50,none,2018-08-25,湖北省洪湖农贸市场,1.60,1.00,韭菜,湖北,none,2018-06-03,蔬菜,元/斤
华中,1.50,none,2018-08-25,湖北省洪湖农贸市场,1.60,1.00,韭菜,湖北,none,2018-05-29,蔬菜,元/斤
华中,1.50,none,2018-08-25,湖北省洪湖农贸市场,1.60,1.00,韭菜,湖北,none,2018-05-25,蔬菜,元/斤
华中,1.50,none,2018-08-25,湖北省洪湖农贸市场,1.60,1.00,韭菜,湖北,none,2018-05-24,蔬菜,元/斤
华中,1.50,none,2018-08-25,湖北省洪湖农贸市场,1.60,1.00,韭菜,湖北,none,2018-05-23,蔬菜,元/斤
华中,1.50,none,2018-08-25,湖北省洪湖农贸市场,1.60,1.00,韭菜,湖北,none,2018-05-22,蔬菜,元/斤
华中,1.50,none,2018-08-25,湖北省洪湖农贸市场,1.60,1.00,韭菜,湖北,none,2018-05-16,蔬菜,元/斤
华中,1.50,none,2018-08-25,湖北省洪湖农贸市场,1.60,1.00,韭菜,湖北,none,2018-05-15,蔬菜,元/斤
华中,1.50,none,2018-08-25,湖北省洪湖农贸市场,1.60,1.00,韭菜,湖北,none,2018-05-14,蔬菜,元/斤
华中,1.50,none,2018-08-25,湖北省洪湖农贸市场,1.90,1.00,韭菜,湖北,none,2018-05-08,蔬菜,元/斤
华中,1.50,none,2018-08-25,湖北省洪湖农贸市场,1.90,1.00,韭菜,湖北,none,2018-05-07,蔬菜,元/斤
华中,1.50,none,2018-08-25,湖北省洪湖农贸市场,1.90,1.00,韭菜,湖北,none,2018-05-03,蔬菜,元/斤
华中,1.50,none,2018-08-25,湖北省洪湖农贸市场,1.90,1.00,韭菜,湖北,none,2018-05-02,蔬菜,元/斤
华中,1.50,none,2018-08-25,湖北省洪湖农贸市场,1.90,1.00,韭菜,湖北,none,2018-04-28,蔬菜,元/斤
华中,1.50,none,2018-08-25,湖北省洪湖农贸市场,1.90,1.00,韭菜,湖北,none,2018-04-27,蔬菜,元/斤
华中,0.40,none,2018-08-25,湖北省洪湖农贸市场,0.50,0.30,白萝卜,湖北,none,2018-08-13,蔬菜,元/斤
华中,0.40,none,2018-08-25,湖北省洪湖农贸市场,0.50,0.30,白萝卜,湖北,none,2018-08-09,蔬菜,元/斤
华中,0.40,none,2018-08-25,湖北省洪湖农贸市场,0.50,0.30,白萝卜,湖北,none,2018-08-08,蔬菜,元/斤
华中,0.40,none,2018-08-25,湖北省洪湖农贸市场,0.50,0.30,白萝卜,湖北,none,2018-08-06,蔬菜,元/斤
华中,0.40,none,2018-08-25,湖北省洪湖农贸市场,0.50,0.30,白萝卜,湖北,none,2018-08-03,蔬菜,元/斤
华中,0.40,none,2018-08-25,湖北省洪湖农贸市场,0.50,0.30,白萝卜,湖北,none,2018-08-01,蔬菜,元/斤
华中,0.40,none,2018-08-25,湖北省洪湖农贸市场,0.50,0.30,白萝卜,湖北,none,2018-07-31,蔬菜,元/斤
华中,0.50,none,2018-08-25,湖北省洪湖农贸市场,0.60,0.40,白萝卜,湖北,none,2018-07-07,蔬菜,元/斤
华中,0.50,none,2018-08-25,湖北省洪湖农贸市场,0.60,0.40,白萝卜,湖北,none,2018-07-01,蔬菜,元/斤
华中,0.70,none,2018-08-25,湖北省洪湖农贸市场,0.80,0.40,白萝卜,湖北,none,2018-06-03,蔬菜,元/斤
华中,0.70,none,2018-08-25,湖北省洪湖农贸市场,0.80,0.40,白萝卜,湖北,none,2018-05-29,蔬菜,元/斤
华中,0.70,none,2018-08-25,湖北省洪湖农贸市场,0.80,0.40,白萝卜,湖北,none,2018-05-25,蔬菜,元/斤
华中,0.70,none,2018-08-25,湖北省洪湖农贸市场,0.80,0.40,白萝卜,湖北,none,2018-05-24,蔬菜,元/斤
华中,0.70,none,2018-08-25,湖北省洪湖农贸市场,0.80,0.40,白萝卜,湖北,none,2018-05-23,蔬菜,元/斤
华中,0.70,none,2018-08-25,湖北省洪湖农贸市场,0.80,0.40,白萝卜,湖北,none,2018-05-22,蔬菜,元/斤
华中,0.70,none,2018-08-25,湖北省洪湖农贸市场,0.80,0.40,白萝卜,湖北,none,2018-05-16,蔬菜,元/斤
华中,0.70,none,2018-08-25,湖北省洪湖农贸市场,0.80,0.40,白萝卜,湖北,none,2018-05-15,蔬菜,元/斤
华中,0.70,none,2018-08-25,湖北省洪湖农贸市场,0.80,0.40,白萝卜,湖北,none,2018-05-14,蔬菜,元/斤
华中,0.70,none,2018-08-25,湖北省洪湖农贸市场,0.80,0.40,白萝卜,湖北,none,2018-05-08,蔬菜,元/斤
华中,0.70,none,2018-08-25,湖北省洪湖农贸市场,0.80,0.40,白萝卜,湖北,none,2018-05-03,蔬菜,元/斤
华中,0.70,none,2018-08-25,湖北省洪湖农贸市场,0.80,0.40,白萝卜,湖北,none,2018-05-02,蔬菜,元/斤
华中,0.70,none,2018-08-25,湖北省洪湖农贸市场,0.80,0.40,白萝卜,湖北,none,2018-04-28,蔬菜,元/斤
华中,0.70,none,2018-08-25,湖北省洪湖农贸市场,0.80,0.40,白萝卜,湖北,none,2018-04-27,蔬菜,元/斤
华中,0.70,none,2018-08-25,湖北省洪湖农贸市场,0.80,0.40,白萝卜,湖北,none,2018-04-26,蔬菜,元/斤
华中,0.70,none,2018-08-25,湖北省洪湖农贸市场,0.80,0.40,白萝卜,湖北,none,2018-04-25,蔬菜,元/斤
华中,1.40,none,2018-08-25,湖北省洪湖农贸市场,1.70,1.10,生菜,湖北,none,2017-04-12,蔬菜,元/斤
华中,1.40,none,2018-08-25,湖北省洪湖农贸市场,1.70,1.10,生菜,湖北,none,2017-04-11,蔬菜,元/斤
华中,1.40,none,2018-08-25,湖北省洪湖农贸市场,1.70,1.10,生菜,湖北,none,2017-04-10,蔬菜,元/斤
华中,1.20,none,2018-08-25,湖北省洪湖农贸市场,1.40,0.90,生菜,湖北,none,2017-04-06,蔬菜,元/斤
华中,1.20,none,2018-08-25,湖北省洪湖农贸市场,1.40,0.90,生菜,湖北,none,2017-04-05,蔬菜,元/斤
华中,1.20,none,2018-08-25,湖北省洪湖农贸市场,1.40,0.90,生菜,湖北,none,2017-04-01,蔬菜,元/斤
华中,1.20,none,2018-08-25,湖北省洪湖农贸市场,1.40,0.90,生菜,湖北,none,2017-03-31,蔬菜,元/斤
华中,1.20,none,2018-08-25,湖北省洪湖农贸市场,1.40,0.90,生菜,湖北,none,2017-03-30,蔬菜,元/斤
华中,1.20,none,2018-08-25,湖北省洪湖农贸市场,1.40,0.90,生菜,湖北,none,2017-03-29,蔬菜,元/斤
华中,1.20,none,2018-08-25,湖北省洪湖农贸市场,1.40,0.90,生菜,湖北,none,2017-03-28,蔬菜,元/斤
华中,1.30,none,2018-08-25,湖北省洪湖农贸市场,1.50,1.00,生菜,湖北,none,2017-03-23,蔬菜,元/斤
华中,1.30,none,2018-08-25,湖北省洪湖农贸市场,1.50,1.00,生菜,湖北,none,2017-03-22,蔬菜,元/斤
华中,1.30,none,2018-08-25,湖北省洪湖农贸市场,1.50,1.00,生菜,湖北,none,2017-03-21,蔬菜,元/斤
华中,1.30,none,2018-08-25,湖北省洪湖农贸市场,1.50,1.00,生菜,湖北,none,2017-03-20,蔬菜,元/斤
华中,1.30,none,2018-08-25,湖北省洪湖农贸市场,1.50,1.00,生菜,湖北,none,2017-03-17,蔬菜,元/斤
华中,1.30,none,2018-08-25,湖北省洪湖农贸市场,1.50,1.00,生菜,湖北,none,2017-03-07,蔬菜,元/斤
华中,1.30,none,2018-08-25,湖北省洪湖农贸市场,1.50,1.00,生菜,湖北,none,2017-03-04,蔬菜,元/斤
华中,1.30,none,2018-08-25,湖北省洪湖农贸市场,1.50,1.00,生菜,湖北,none,2017-03-03,蔬菜,元/斤
华中,1.30,none,2018-08-25,湖北省洪湖农贸市场,1.50,1.00,生菜,湖北,none,2017-03-02,蔬菜,元/斤
华中,1.30,none,2018-08-25,湖北省洪湖农贸市场,1.50,1.00,生菜,湖北,none,2017-03-01,蔬菜,元/斤
华中,1.30,none,2018-08-25,湖北省洪湖农贸市场,1.50,1.00,生菜,湖北,none,2017-02-28,蔬菜,元/斤
华中,1.30,none,2018-08-25,湖北省洪湖农贸市场,1.50,1.00,生菜,湖北,none,2017-02-27,蔬菜,元/斤
华中,1.40,none,2018-08-25,湖北省洪湖农贸市场,1.60,1.10,生菜,湖北,none,2017-02-24,蔬菜,元/斤
华中,1.40,none,2018-08-25,湖北省洪湖农贸市场,1.60,1.10,生菜,湖北,none,2017-02-23,蔬菜,元/斤
华中,1.40,none,2018-08-25,湖北省洪湖农贸市场,1.60,1.10,生菜,湖北,none,2017-02-22,蔬菜,元/斤
华中,2.20,none,2018-08-25,湖北省洪湖农贸市场,2.60,1.90,生菜,湖北,none,2018-08-17,蔬菜,元/斤
华中,2.20,none,2018-08-25,湖北省洪湖农贸市场,2.60,1.90,生菜,湖北,none,2018-08-13,蔬菜,元/斤
华中,2.20,none,2018-08-25,湖北省洪湖农贸市场,2.60,1.90,生菜,湖北,none,2018-08-09,蔬菜,元/斤
华中,2.20,none,2018-08-25,湖北省洪湖农贸市场,2.60,1.90,生菜,湖北,none,2018-08-08,蔬菜,元/斤
华中,2.20,none,2018-08-25,湖北省洪湖农贸市场,2.60,1.90,生菜,湖北,none,2018-08-06,蔬菜,元/斤
华中,1.80,none,2018-08-25,湖北省洪湖农贸市场,2.40,1.60,生菜,湖北,none,2018-08-03,蔬菜,元/斤
华中,1.80,none,2018-08-25,湖北省洪湖农贸市场,2.40,1.60,生菜,湖北,none,2018-08-02,蔬菜,元/斤
华中,1.80,none,2018-08-25,湖北省洪湖农贸市场,2.40,1.60,生菜,湖北,none,2018-08-01,蔬菜,元/斤
华中,1.80,none,2018-08-25,湖北省洪湖农贸市场,2.40,1.60,生菜,湖北,none,2018-07-31,蔬菜,元/斤
华中,2.00,none,2018-08-25,湖北省洪湖农贸市场,2.30,1.60,生菜,湖北,none,2018-07-07,蔬菜,元/斤
华中,2.30,none,2018-08-25,湖北省洪湖农贸市场,2.70,2.00,生菜,湖北,none,2018-07-01,蔬菜,元/斤
华中,1.80,none,2018-08-25,湖北省洪湖农贸市场,2.00,1.50,生菜,湖北,none,2018-06-03,蔬菜,元/斤
华中,1.80,none,2018-08-25,湖北省洪湖农贸市场,2.00,1.50,生菜,湖北,none,2018-05-31,蔬菜,元/斤
华中,1.80,none,2018-08-25,湖北省洪湖农贸市场,2.00,1.50,生菜,湖北,none,2018-05-29,蔬菜,元/斤
华中,1.80,none,2018-08-25,湖北省洪湖农贸市场,2.00,1.50,生菜,湖北,none,2018-05-25,蔬菜,元/斤
华中,1.80,none,2018-08-25,湖北省洪湖农贸市场,2.00,1.50,生菜,湖北,none,2018-05-24,蔬菜,元/斤
华中,1.80,none,2018-08-25,湖北省洪湖农贸市场,2.00,1.50,生菜,湖北,none,2018-05-23,蔬菜,元/斤
华中,1.80,none,2018-08-25,湖北省洪湖农贸市场,2.00,1.50,生菜,湖北,none,2018-05-22,蔬菜,元/斤
华中,1.80,none,2018-08-25,湖北省洪湖农贸市场,2.00,1.50,生菜,湖北,none,2018-05-16,蔬菜,元/斤
华中,1.80,none,2018-08-25,湖北省洪湖农贸市场,2.00,1.50,生菜,湖北,none,2018-05-15,蔬菜,元/斤
华中,1.80,none,2018-08-25,湖北省洪湖农贸市场,2.00,1.50,生菜,湖北,none,2018-05-14,蔬菜,元/斤
华中,1.50,none,2018-08-25,湖北省洪湖农贸市场,1.80,1.30,生菜,湖北,none,2018-05-08,蔬菜,元/斤
华中,1.50,none,2018-08-25,湖北省洪湖农贸市场,1.80,1.30,生菜,湖北,none,2018-05-07,蔬菜,元/斤
华中,1.50,none,2018-08-25,湖北省洪湖农贸市场,1.80,1.30,生菜,湖北,none,2018-05-04,蔬菜,元/斤
华中,1.50,none,2018-08-25,湖北省洪湖农贸市场,1.80,1.30,生菜,湖北,none,2018-05-03,蔬菜,元/斤
华中,11.50,none,2018-08-25,湖北省洪湖农贸市场,12.00,10.50,香菜,湖北,none,2018-08-13,蔬菜,元/斤
华中,9.50,none,2018-08-25,湖北省洪湖农贸市场,10.00,8.50,香菜,湖北,none,2018-08-09,蔬菜,元/斤
华中,9.50,none,2018-08-25,湖北省洪湖农贸市场,10.00,8.50,香菜,湖北,none,2018-08-08,蔬菜,元/斤
华中,9.50,none,2018-08-25,湖北省洪湖农贸市场,10.00,8.50,香菜,湖北,none,2018-08-06,蔬菜,元/斤
华中,9.50,none,2018-08-25,湖北省洪湖农贸市场,10.00,8.50,香菜,湖北,none,2018-08-03,蔬菜,元/斤
华中,9.50,none,2018-08-25,湖北省洪湖农贸市场,10.00,8.50,香菜,湖北,none,2018-08-02,蔬菜,元/斤
华中,9.50,none,2018-08-25,湖北省洪湖农贸市场,10.00,8.50,香菜,湖北,none,2018-08-01,蔬菜,元/斤
华中,9.50,none,2018-08-25,湖北省洪湖农贸市场,10.00,8.50,香菜,湖北,none,2018-07-31,蔬菜,元/斤
华中,5.00,none,2018-08-25,湖北省洪湖农贸市场,5.50,4.50,香菜,湖北,none,2018-07-07,蔬菜,元/斤
华中,5.00,none,2018-08-25,湖北省洪湖农贸市场,5.50,4.50,香菜,湖北,none,2018-07-01,蔬菜,元/斤
华中,5.00,none,2018-08-25,湖北省洪湖农贸市场,5.50,4.50,香菜,湖北,none,2018-06-03,蔬菜,元/斤
华中,5.00,none,2018-08-25,湖北省洪湖农贸市场,5.50,4.50,香菜,湖北,none,2018-05-31,蔬菜,元/斤
华中,5.00,none,2018-08-25,湖北省洪湖农贸市场,5.50,4.50,香菜,湖北,none,2018-05-29,蔬菜,元/斤
华中,4.40,none,2018-08-25,湖北省洪湖农贸市场,5.10,3.90,香菜,湖北,none,2018-05-25,蔬菜,元/斤
华中,4.40,none,2018-08-25,湖北省洪湖农贸市场,5.10,3.90,香菜,湖北,none,2018-05-24,蔬菜,元/斤
华中,4.40,none,2018-08-25,湖北省洪湖农贸市场,5.10,3.90,香菜,湖北,none,2018-05-23,蔬菜,元/斤
华中,4.40,none,2018-08-25,湖北省洪湖农贸市场,5.10,3.90,香菜,湖北,none,2018-05-22,蔬菜,元/斤
华中,4.50,none,2018-08-25,湖北省洪湖农贸市场,5.50,4.00,香菜,湖北,none,2018-05-16,蔬菜,元/斤
华中,4.40,none,2018-08-25,湖北省洪湖农贸市场,4.90,3.90,香菜,湖北,none,2018-05-15,蔬菜,元/斤
华中,4.20,none,2018-08-25,湖北省洪湖农贸市场,4.70,3.70,香菜,湖北,none,2018-05-14,蔬菜,元/斤
华中,2.60,none,2018-08-25,湖北省洪湖农贸市场,3.10,2.10,香菜,湖北,none,2018-05-08,蔬菜,元/斤
华中,2.60,none,2018-08-25,湖北省洪湖农贸市场,3.10,2.10,香菜,湖北,none,2018-05-07,蔬菜,元/斤
华中,2.60,none,2018-08-25,湖北省洪湖农贸市场,3.10,2.10,香菜,湖北,none,2018-05-03,蔬菜,元/斤
华中,2.60,none,2018-08-25,湖北省洪湖农贸市场,3.10,2.10,香菜,湖北,none,2018-05-02,蔬菜,元/斤
华中,2.60,none,2018-08-25,湖北省洪湖农贸市场,3.10,2.10,香菜,湖北,none,2018-04-28,蔬菜,元/斤
华中,1.90,none,2018-08-25,湖北省洪湖农贸市场,2.40,1.30,芋头,湖北,none,2018-08-13,蔬菜,元/斤
华中,1.90,none,2018-08-25,湖北省洪湖农贸市场,2.40,1.30,芋头,湖北,none,2018-08-09,蔬菜,元/斤
华中,1.90,none,2018-08-25,湖北省洪湖农贸市场,2.40,1.30,芋头,湖北,none,2018-08-08,蔬菜,元/斤
华中,1.90,none,2018-08-25,湖北省洪湖农贸市场,2.40,1.30,芋头,湖北,none,2018-08-06,蔬菜,元/斤
华中,1.90,none,2018-08-25,湖北省洪湖农贸市场,2.60,1.50,芋头,湖北,none,2018-08-03,蔬菜,元/斤
华中,1.90,none,2018-08-25,湖北省洪湖农贸市场,2.60,1.50,芋头,湖北,none,2018-08-02,蔬菜,元/斤
华中,1.90,none,2018-08-25,湖北省洪湖农贸市场,2.60,1.50,芋头,湖北,none,2018-08-01,蔬菜,元/斤
华中,1.90,none,2018-08-25,湖北省洪湖农贸市场,2.60,1.50,芋头,湖北,none,2018-07-31,蔬菜,元/斤
华中,1.90,none,2018-08-25,湖北省洪湖农贸市场,2.60,1.50,芋头,湖北,none,2018-07-07,蔬菜,元/斤
华中,1.90,none,2018-08-25,湖北省洪湖农贸市场,2.60,1.50,芋头,湖北,none,2018-07-01,蔬菜,元/斤
华中,1.90,none,2018-08-25,湖北省洪湖农贸市场,2.60,1.50,芋头,湖北,none,2018-06-03,蔬菜,元/斤
华中,1.90,none,2018-08-25,湖北省洪湖农贸市场,2.60,1.50,芋头,湖北,none,2018-05-29,蔬菜,元/斤
华中,1.90,none,2018-08-25,湖北省洪湖农贸市场,2.60,1.50,芋头,湖北,none,2018-05-25,蔬菜,元/斤
华中,1.90,none,2018-08-25,湖北省洪湖农贸市场,2.60,1.50,芋头,湖北,none,2018-05-24,蔬菜,元/斤
华中,1.90,none,2018-08-25,湖北省洪湖农贸市场,2.60,1.50,芋头,湖北,none,2018-05-23,蔬菜,元/斤
华中,1.90,none,2018-08-25,湖北省洪湖农贸市场,2.60,1.50,芋头,湖北,none,2018-05-22,蔬菜,元/斤
华中,1.90,none,2018-08-25,湖北省洪湖农贸市场,2.60,1.50,芋头,湖北,none,2018-05-16,蔬菜,元/斤
华中,1.90,none,2018-08-25,湖北省洪湖农贸市场,2.60,1.50,芋头,湖北,none,2018-05-15,蔬菜,元/斤
华中,1.90,none,2018-08-25,湖北省洪湖农贸市场,2.60,1.50,芋头,湖北,none,2018-05-14,蔬菜,元/斤
华中,1.90,none,2018-08-25,湖北省洪湖农贸市场,2.40,1.50,芋头,湖北,none,2018-05-08,蔬菜,元/斤
华中,1.90,none,2018-08-25,湖北省洪湖农贸市场,2.40,1.50,芋头,湖北,none,2018-05-03,蔬菜,元/斤
华中,1.90,none,2018-08-25,湖北省洪湖农贸市场,2.40,1.50,芋头,湖北,none,2018-05-02,蔬菜,元/斤
华中,1.90,none,2018-08-25,湖北省洪湖农贸市场,2.40,1.50,芋头,湖北,none,2018-04-28,蔬菜,元/斤
华中,1.90,none,2018-08-25,湖北省洪湖农贸市场,2.40,1.50,芋头,湖北,none,2018-04-27,蔬菜,元/斤
华中,1.90,none,2018-08-25,湖北省洪湖农贸市场,2.40,1.50,芋头,湖北,none,2018-04-26,蔬菜,元/斤
华中,2.80,none,2018-08-25,湖北省洪湖农贸市场,3.30,2.30,金针菇,湖北,none,2017-03-28,蔬菜,元/斤
华中,2.80,none,2018-08-25,湖北省洪湖农贸市场,3.30,2.30,金针菇,湖北,none,2017-03-22,蔬菜,元/斤
华中,2.80,none,2018-08-25,湖北省洪湖农贸市场,3.30,2.30,金针菇,湖北,none,2017-03-21,蔬菜,元/斤
华中,2.80,none,2018-08-25,湖北省洪湖农贸市场,3.30,2.30,金针菇,湖北,none,2017-03-20,蔬菜,元/斤
华中,2.80,none,2018-08-25,湖北省洪湖农贸市场,3.30,2.30,金针菇,湖北,none,2017-03-17,蔬菜,元/斤
华中,2.80,none,2018-08-25,湖北省洪湖农贸市场,3.30,2.30,金针菇,湖北,none,2017-03-04,蔬菜,元/斤
华中,2.80,none,2018-08-25,湖北省洪湖农贸市场,3.30,2.30,金针菇,湖北,none,2017-03-03,蔬菜,元/斤
华中,2.80,none,2018-08-25,湖北省洪湖农贸市场,3.30,2.30,金针菇,湖北,none,2017-03-02,蔬菜,元/斤
华中,3.00,none,2018-08-25,湖北省洪湖农贸市场,3.50,2.50,金针菇,湖北,none,2017-03-01,蔬菜,元/斤
华中,3.00,none,2018-08-25,湖北省洪湖农贸市场,3.50,2.50,金针菇,湖北,none,2017-02-28,蔬菜,元/斤
华中,3.30,none,2018-08-25,湖北省洪湖农贸市场,3.80,2.80,金针菇,湖北,none,2017-02-27,蔬菜,元/斤
华中,3.80,none,2018-08-25,湖北省洪湖农贸市场,4.30,3.30,金针菇,湖北,none,2017-02-24,蔬菜,元/斤
华中,3.80,none,2018-08-25,湖北省洪湖农贸市场,4.30,3.30,金针菇,湖北,none,2017-02-23,蔬菜,元/斤
华中,3.80,none,2018-08-25,湖北省洪湖农贸市场,4.30,3.30,金针菇,湖北,none,2017-02-22,蔬菜,元/斤
华中,3.80,none,2018-08-25,湖北省洪湖农贸市场,4.30,3.30,金针菇,湖北,none,2017-02-21,蔬菜,元/斤
华中,4.00,none,2018-08-25,湖北省洪湖农贸市场,4.50,3.50,金针菇,湖北,none,2017-02-20,蔬菜,元/斤
华中,4.50,none,2018-08-25,湖北省洪湖农贸市场,5.00,4.00,金针菇,湖北,none,2017-02-17,蔬菜,元/斤
华中,4.50,none,2018-08-25,湖北省洪湖农贸市场,5.00,4.00,金针菇,湖北,none,2017-02-16,蔬菜,元/斤
华中,4.50,none,2018-08-25,湖北省洪湖农贸市场,5.00,4.00,金针菇,湖北,none,2017-02-15,蔬菜,元/斤
华中,4.50,none,2018-08-25,湖北省洪湖农贸市场,5.00,4.00,金针菇,湖北,none,2017-02-14,蔬菜,元/斤
华中,4.50,none,2018-08-25,湖北省洪湖农贸市场,5.00,4.00,金针菇,湖北,none,2017-02-13,蔬菜,元/斤
华中,4.50,none,2018-08-25,湖北省洪湖农贸市场,5.00,4.00,金针菇,湖北,none,2017-02-10,蔬菜,元/斤
华中,4.50,none,2018-08-25,湖北省洪湖农贸市场,5.00,4.00,金针菇,湖北,none,2017-02-08,蔬菜,元/斤
华中,4.50,none,2018-08-25,湖北省洪湖农贸市场,5.00,4.00,金针菇,湖北,none,2017-02-07,蔬菜,元/斤
华中,4.50,none,2018-08-25,湖北省洪湖农贸市场,5.00,4.00,金针菇,湖北,none,2017-01-30,蔬菜,元/斤
华中,3.20,none,2018-08-25,湖北省洪湖农贸市场,3.50,2.70,金针菇,湖北,none,2017-05-22,蔬菜,元/斤
华中,3.20,none,2018-08-25,湖北省洪湖农贸市场,3.50,2.70,金针菇,湖北,none,2017-05-17,蔬菜,元/斤
华中,3.20,none,2018-08-25,湖北省洪湖农贸市场,3.50,2.70,金针菇,湖北,none,2017-05-12,蔬菜,元/斤
华中,3.20,none,2018-08-25,湖北省洪湖农贸市场,3.50,2.70,金针菇,湖北,none,2017-05-09,蔬菜,元/斤
华中,3.20,none,2018-08-25,湖北省洪湖农贸市场,3.50,2.70,金针菇,湖北,none,2017-05-08,蔬菜,元/斤
华中,3.20,none,2018-08-25,湖北省洪湖农贸市场,3.50,2.70,金针菇,湖北,none,2017-05-05,蔬菜,元/斤
华中,3.20,none,2018-08-25,湖北省洪湖农贸市场,3.50,2.70,金针菇,湖北,none,2017-05-04,蔬菜,元/斤
华中,3.20,none,2018-08-25,湖北省洪湖农贸市场,3.50,2.70,金针菇,湖北,none,2017-05-03,蔬菜,元/斤
华中,3.20,none,2018-08-25,湖北省洪湖农贸市场,3.50,2.70,金针菇,湖北,none,2017-05-02,蔬菜,元/斤
华中,3.20,none,2018-08-25,湖北省洪湖农贸市场,3.50,2.70,金针菇,湖北,none,2017-04-27,蔬菜,元/斤
华中,3.00,none,2018-08-25,湖北省洪湖农贸市场,3.50,2.60,金针菇,湖北,none,2017-04-26,蔬菜,元/斤
华中,2.90,none,2018-08-25,湖北省洪湖农贸市场,3.40,2.50,金针菇,湖北,none,2017-04-25,蔬菜,元/斤
华中,2.50,none,2018-08-25,湖北省洪湖农贸市场,3.00,2.00,金针菇,湖北,none,2017-04-20,蔬菜,元/斤
华中,2.50,none,2018-08-25,湖北省洪湖农贸市场,3.00,2.00,金针菇,湖北,none,2017-04-18,蔬菜,元/斤
华中,2.50,none,2018-08-25,湖北省洪湖农贸市场,3.00,2.00,金针菇,湖北,none,2017-04-17,蔬菜,元/斤
华中,2.50,none,2018-08-25,湖北省洪湖农贸市场,3.00,2.00,金针菇,湖北,none,2017-04-14,蔬菜,元/斤
华中,2.50,none,2018-08-25,湖北省洪湖农贸市场,3.00,2.00,金针菇,湖北,none,2017-04-13,蔬菜,元/斤
华中,2.50,none,2018-08-25,湖北省洪湖农贸市场,3.00,2.00,金针菇,湖北,none,2017-04-12,蔬菜,元/斤
华中,2.50,none,2018-08-25,湖北省洪湖农贸市场,3.00,2.00,金针菇,湖北,none,2017-04-11,蔬菜,元/斤
华中,2.50,none,2018-08-25,湖北省洪湖农贸市场,3.00,2.00,金针菇,湖北,none,2017-04-10,蔬菜,元/斤
华中,2.50,none,2018-08-25,湖北省洪湖农贸市场,3.00,2.00,金针菇,湖北,none,2017-04-06,蔬菜,元/斤
华中,2.50,none,2018-08-25,湖北省洪湖农贸市场,3.00,2.00,金针菇,湖北,none,2017-04-05,蔬菜,元/斤
华中,2.80,none,2018-08-25,湖北省洪湖农贸市场,3.30,2.30,金针菇,湖北,none,2017-04-01,蔬菜,元/斤
华中,2.80,none,2018-08-25,湖北省洪湖农贸市场,3.30,2.30,金针菇,湖北,none,2017-03-30,蔬菜,元/斤
华中,2.80,none,2018-08-25,湖北省洪湖农贸市场,3.30,2.30,金针菇,湖北,none,2017-03-29,蔬菜,元/斤
华中,3.20,none,2018-08-25,湖北省洪湖农贸市场,3.50,2.90,金针菇,湖北,none,2017-08-21,蔬菜,元/斤
华中,3.20,none,2018-08-25,湖北省洪湖农贸市场,3.50,2.90,金针菇,湖北,none,2017-07-28,蔬菜,元/斤
华中,3.20,none,2018-08-25,湖北省洪湖农贸市场,3.50,2.90,金针菇,湖北,none,2017-07-27,蔬菜,元/斤
华中,3.20,none,2018-08-25,湖北省洪湖农贸市场,3.50,2.90,金针菇,湖北,none,2017-07-26,蔬菜,元/斤
华中,3.20,none,2018-08-25,湖北省洪湖农贸市场,3.50,2.90,金针菇,湖北,none,2017-07-24,蔬菜,元/斤
华中,3.20,none,2018-08-25,湖北省洪湖农贸市场,3.50,2.90,金针菇,湖北,none,2017-07-21,蔬菜,元/斤
华中,3.20,none,2018-08-25,湖北省洪湖农贸市场,3.50,2.90,金针菇,湖北,none,2017-07-20,蔬菜,元/斤
华中,3.20,none,2018-08-25,湖北省洪湖农贸市场,3.50,2.90,金针菇,湖北,none,2017-07-19,蔬菜,元/斤
华中,3.20,none,2018-08-25,湖北省洪湖农贸市场,3.50,2.90,金针菇,湖北,none,2017-07-12,蔬菜,元/斤
华中,3.20,none,2018-08-25,湖北省洪湖农贸市场,3.50,2.90,金针菇,湖北,none,2017-07-08,蔬菜,元/斤
华中,3.20,none,2018-08-25,湖北省洪湖农贸市场,3.50,2.90,金针菇,湖北,none,2017-07-04,蔬菜,元/斤
华中,3.20,none,2018-08-25,湖北省洪湖农贸市场,3.50,2.90,金针菇,湖北,none,2017-07-03,蔬菜,元/斤
华中,3.20,none,2018-08-25,湖北省洪湖农贸市场,3.50,2.90,金针菇,湖北,none,2017-06-30,蔬菜,元/斤
华中,3.20,none,2018-08-25,湖北省洪湖农贸市场,3.50,2.90,金针菇,湖北,none,2017-06-29,蔬菜,元/斤
华中,3.20,none,2018-08-25,湖北省洪湖农贸市场,3.50,2.90,金针菇,湖北,none,2017-06-23,蔬菜,元/斤
华中,3.20,none,2018-08-25,湖北省洪湖农贸市场,3.50,2.90,金针菇,湖北,none,2017-06-21,蔬菜,元/斤
华中,3.20,none,2018-08-25,湖北省洪湖农贸市场,3.50,2.90,金针菇,湖北,none,2017-06-20,蔬菜,元/斤
华中,3.20,none,2018-08-25,湖北省洪湖农贸市场,3.50,2.90,金针菇,湖北,none,2017-06-15,蔬菜,元/斤
华中,3.20,none,2018-08-25,湖北省洪湖农贸市场,3.50,2.90,金针菇,湖北,none,2017-06-13,蔬菜,元/斤
华中,3.20,none,2018-08-25,湖北省洪湖农贸市场,3.50,2.90,金针菇,湖北,none,2017-06-12,蔬菜,元/斤
华中,3.20,none,2018-08-25,湖北省洪湖农贸市场,3.50,2.90,金针菇,湖北,none,2017-06-08,蔬菜,元/斤
华中,3.00,none,2018-08-25,湖北省洪湖农贸市场,3.30,2.60,金针菇,湖北,none,2017-06-01,蔬菜,元/斤
华中,3.20,none,2018-08-25,湖北省洪湖农贸市场,3.40,2.70,金针菇,湖北,none,2017-05-31,蔬菜,元/斤
华中,3.20,none,2018-08-25,湖北省洪湖农贸市场,3.50,2.70,金针菇,湖北,none,2017-05-24,蔬菜,元/斤
华中,3.20,none,2018-08-25,湖北省洪湖农贸市场,3.50,2.70,金针菇,湖北,none,2017-05-23,蔬菜,元/斤
华中,3.30,none,2018-08-25,湖北省洪湖农贸市场,3.60,3.10,金针菇,湖北,none,2017-11-10,蔬菜,元/斤
华中,3.30,none,2018-08-25,湖北省洪湖农贸市场,3.60,3.10,金针菇,湖北,none,2017-11-09,蔬菜,元/斤
华中,3.30,none,2018-08-25,湖北省洪湖农贸市场,3.60,3.10,金针菇,湖北,none,2017-11-08,蔬菜,元/斤
华中,3.30,none,2018-08-25,湖北省洪湖农贸市场,3.60,3.10,金针菇,湖北,none,2017-11-06,蔬菜,元/斤
华中,3.30,none,2018-08-25,湖北省洪湖农贸市场,3.60,3.10,金针菇,湖北,none,2017-11-03,蔬菜,元/斤
华中,3.30,none,2018-08-25,湖北省洪湖农贸市场,3.60,3.10,金针菇,湖北,none,2017-11-02,蔬菜,元/斤
华中,3.30,none,2018-08-25,湖北省洪湖农贸市场,3.60,3.10,金针菇,湖北,none,2017-11-01,蔬菜,元/斤
华中,3.30,none,2018-08-25,湖北省洪湖农贸市场,3.60,3.10,金针菇,湖北,none,2017-10-26,蔬菜,元/斤
华中,3.30,none,2018-08-25,湖北省洪湖农贸市场,3.60,3.10,金针菇,湖北,none,2017-10-25,蔬菜,元/斤
华中,3.30,none,2018-08-25,湖北省洪湖农贸市场,3.60,3.10,金针菇,湖北,none,2017-10-24,蔬菜,元/斤
华中,3.30,none,2018-08-25,湖北省洪湖农贸市场,3.60,3.10,金针菇,湖北,none,2017-10-20,蔬菜,元/斤
华中,3.30,none,2018-08-25,湖北省洪湖农贸市场,3.60,3.10,金针菇,湖北,none,2017-10-18,蔬菜,元/斤
华中,3.30,none,2018-08-25,湖北省洪湖农贸市场,3.60,3.10,金针菇,湖北,none,2017-10-16,蔬菜,元/斤
华中,3.30,none,2018-08-25,湖北省洪湖农贸市场,3.60,3.10,金针菇,湖北,none,2017-10-12,蔬菜,元/斤
华中,3.30,none,2018-08-25,湖北省洪湖农贸市场,3.60,3.10,金针菇,湖北,none,2017-10-09,蔬菜,元/斤
华中,3.80,none,2018-08-25,湖北省洪湖农贸市场,4.30,3.50,金针菇,湖北,none,2017-09-30,蔬菜,元/斤
华中,3.80,none,2018-08-25,湖北省洪湖农贸市场,4.30,3.50,金针菇,湖北,none,2017-09-27,蔬菜,元/斤
华中,3.80,none,2018-08-25,湖北省洪湖农贸市场,4.30,3.50,金针菇,湖北,none,2017-09-26,蔬菜,元/斤
华中,3.80,none,2018-08-25,湖北省洪湖农贸市场,4.30,3.50,金针菇,湖北,none,2017-09-22,蔬菜,元/斤
华中,3.80,none,2018-08-25,湖北省洪湖农贸市场,4.30,3.50,金针菇,湖北,none,2017-09-21,蔬菜,元/斤
华中,3.80,none,2018-08-25,湖北省洪湖农贸市场,4.30,3.50,金针菇,湖北,none,2017-09-20,蔬菜,元/斤
华中,3.80,none,2018-08-25,湖北省洪湖农贸市场,4.30,3.50,金针菇,湖北,none,2017-09-19,蔬菜,元/斤
华中,3.20,none,2018-08-25,湖北省洪湖农贸市场,3.60,2.90,金针菇,湖北,none,2017-09-08,蔬菜,元/斤
华中,3.20,none,2018-08-25,湖北省洪湖农贸市场,3.60,2.90,金针菇,湖北,none,2017-09-01,蔬菜,元/斤
华中,3.20,none,2018-08-25,湖北省洪湖农贸市场,3.50,2.90,金针菇,湖北,none,2017-08-29,蔬菜,元/斤
华中,3.80,none,2018-08-25,湖北省洪湖农贸市场,4.10,3.50,金针菇,湖北,none,2018-01-11,蔬菜,元/斤
华中,3.80,none,2018-08-25,湖北省洪湖农贸市场,4.10,3.50,金针菇,湖北,none,2018-01-10,蔬菜,元/斤
华中,3.30,none,2018-08-25,湖北省洪湖农贸市场,3.50,3.00,金针菇,湖北,none,2018-01-05,蔬菜,元/斤
华中,3.30,none,2018-08-25,湖北省洪湖农贸市场,3.50,3.00,金针菇,湖北,none,2018-01-04,蔬菜,元/斤
华中,3.30,none,2018-08-25,湖北省洪湖农贸市场,3.50,3.00,金针菇,湖北,none,2017-12-28,蔬菜,元/斤
华中,3.30,none,2018-08-25,湖北省洪湖农贸市场,3.50,3.00,金针菇,湖北,none,2017-12-26,蔬菜,元/斤
华中,3.30,none,2018-08-25,湖北省洪湖农贸市场,3.50,3.00,金针菇,湖北,none,2017-12-20,蔬菜,元/斤
华中,3.30,none,2018-08-25,湖北省洪湖农贸市场,3.50,3.00,金针菇,湖北,none,2017-12-19,蔬菜,元/斤
华中,3.20,none,2018-08-25,湖北省洪湖农贸市场,3.40,2.90,金针菇,湖北,none,2017-12-13,蔬菜,元/斤
华中,3.20,none,2018-08-25,湖北省洪湖农贸市场,3.40,2.90,金针菇,湖北,none,2017-12-12,蔬菜,元/斤
华中,3.20,none,2018-08-25,湖北省洪湖农贸市场,3.40,2.90,金针菇,湖北,none,2017-12-11,蔬菜,元/斤
华中,3.20,none,2018-08-25,湖北省洪湖农贸市场,3.40,2.90,金针菇,湖北,none,2017-12-08,蔬菜,元/斤
华中,3.20,none,2018-08-25,湖北省洪湖农贸市场,3.40,2.90,金针菇,湖北,none,2017-12-07,蔬菜,元/斤
华中,3.20,none,2018-08-25,湖北省洪湖农贸市场,3.40,2.90,金针菇,湖北,none,2017-12-05,蔬菜,元/斤
华中,3.20,none,2018-08-25,湖北省洪湖农贸市场,3.40,2.90,金针菇,湖北,none,2017-12-01,蔬菜,元/斤
华中,3.20,none,2018-08-25,湖北省洪湖农贸市场,3.40,2.90,金针菇,湖北,none,2017-11-30,蔬菜,元/斤
华中,3.20,none,2018-08-25,湖北省洪湖农贸市场,3.40,2.90,金针菇,湖北,none,2017-11-29,蔬菜,元/斤
华中,3.20,none,2018-08-25,湖北省洪湖农贸市场,3.40,2.90,金针菇,湖北,none,2017-11-28,蔬菜,元/斤
华中,3.20,none,2018-08-25,湖北省洪湖农贸市场,3.40,2.90,金针菇,湖北,none,2017-11-27,蔬菜,元/斤
华中,3.30,none,2018-08-25,湖北省洪湖农贸市场,3.60,3.10,金针菇,湖北,none,2017-11-23,蔬菜,元/斤
华中,3.30,none,2018-08-25,湖北省洪湖农贸市场,3.60,3.10,金针菇,湖北,none,2017-11-22,蔬菜,元/斤
华中,3.30,none,2018-08-25,湖北省洪湖农贸市场,3.60,3.10,金针菇,湖北,none,2017-11-21,蔬菜,元/斤
华中,3.30,none,2018-08-25,湖北省洪湖农贸市场,3.60,3.10,金针菇,湖北,none,2017-11-20,蔬菜,元/斤
华中,3.30,none,2018-08-25,湖北省洪湖农贸市场,3.60,3.10,金针菇,湖北,none,2017-11-16,蔬菜,元/斤
华中,3.30,none,2018-08-25,湖北省洪湖农贸市场,3.60,3.10,金针菇,湖北,none,2017-11-14,蔬菜,元/斤
华中,2.50,none,2018-08-25,湖北省洪湖农贸市场,2.90,2.00,金针菇,湖北,none,2018-03-28,蔬菜,元/斤
华中,2.50,none,2018-08-25,湖北省洪湖农贸市场,3.00,2.00,金针菇,湖北,none,2018-03-27,蔬菜,元/斤
华中,3.00,none,2018-08-25,湖北省洪湖农贸市场,3.50,2.50,金针菇,湖北,none,2018-03-23,蔬菜,元/斤
华中,3.00,none,2018-08-25,湖北省洪湖农贸市场,3.50,2.50,金针菇,湖北,none,2018-03-22,蔬菜,元/斤
华中,3.00,none,2018-08-25,湖北省洪湖农贸市场,3.50,2.50,金针菇,湖北,none,2018-03-19,蔬菜,元/斤
华中,4.50,none,2018-08-25,湖北省洪湖农贸市场,4.80,4.00,金针菇,湖北,none,2018-03-13,蔬菜,元/斤
华中,4.50,none,2018-08-25,湖北省洪湖农贸市场,4.80,4.00,金针菇,湖北,none,2018-03-08,蔬菜,元/斤
华中,4.50,none,2018-08-25,湖北省洪湖农贸市场,4.80,4.00,金针菇,湖北,none,2018-03-06,蔬菜,元/斤
华中,4.50,none,2018-08-25,湖北省洪湖农贸市场,4.80,4.00,金针菇,湖北,none,2018-03-05,蔬菜,元/斤
华中,4.50,none,2018-08-25,湖北省洪湖农贸市场,4.80,4.00,金针菇,湖北,none,2018-02-28,蔬菜,元/斤
华中,4.50,none,2018-08-25,湖北省洪湖农贸市场,5.00,4.00,金针菇,湖北,none,2018-02-22,蔬菜,元/斤
华中,5.30,none,2018-08-25,湖北省洪湖农贸市场,5.50,5.00,金针菇,湖北,none,2018-02-14,蔬菜,元/斤
华中,5.00,none,2018-08-25,湖北省洪湖农贸市场,5.30,4.80,金针菇,湖北,none,2018-02-13,蔬菜,元/斤
华中,4.80,none,2018-08-25,湖北省洪湖农贸市场,5.00,4.50,金针菇,湖北,none,2018-02-11,蔬菜,元/斤
华中,4.80,none,2018-08-25,湖北省洪湖农贸市场,5.00,4.50,金针菇,湖北,none,2018-02-06,蔬菜,元/斤
华中,4.80,none,2018-08-25,湖北省洪湖农贸市场,5.00,4.50,金针菇,湖北,none,2018-02-05,蔬菜,元/斤
华中,4.80,none,2018-08-25,湖北省洪湖农贸市场,5.00,4.50,金针菇,湖北,none,2018-02-02,蔬菜,元/斤
华中,4.60,none,2018-08-25,湖北省洪湖农贸市场,4.80,4.40,金针菇,湖北,none,2018-02-01,蔬菜,元/斤
华中,4.30,none,2018-08-25,湖北省洪湖农贸市场,4.60,4.10,金针菇,湖北,none,2018-01-31,蔬菜,元/斤
华中,4.00,none,2018-08-25,湖北省洪湖农贸市场,4.30,3.80,金针菇,湖北,none,2018-01-28,蔬菜,元/斤
华中,4.00,none,2018-08-25,湖北省洪湖农贸市场,4.30,3.80,金针菇,湖北,none,2018-01-27,蔬菜,元/斤
华中,4.00,none,2018-08-25,湖北省洪湖农贸市场,4.30,3.80,金针菇,湖北,none,2018-01-26,蔬菜,元/斤
华中,3.80,none,2018-08-25,湖北省洪湖农贸市场,4.10,3.50,金针菇,湖北,none,2018-01-24,蔬菜,元/斤
华中,3.80,none,2018-08-25,湖北省洪湖农贸市场,4.10,3.50,金针菇,湖北,none,2018-01-19,蔬菜,元/斤
华中,3.80,none,2018-08-25,湖北省洪湖农贸市场,4.10,3.50,金针菇,湖北,none,2018-01-15,蔬菜,元/斤
华中,2.10,none,2018-08-25,湖北省洪湖农贸市场,2.60,1.60,黄瓜,湖北,none,2017-02-28,蔬菜,元/斤
华中,2.10,none,2018-08-25,湖北省洪湖农贸市场,2.60,1.60,黄瓜,湖北,none,2017-02-27,蔬菜,元/斤
华中,2.30,none,2018-08-25,湖北省洪湖农贸市场,2.80,1.80,黄瓜,湖北,none,2017-02-24,蔬菜,元/斤
华中,2.30,none,2018-08-25,湖北省洪湖农贸市场,2.80,1.80,黄瓜,湖北,none,2017-02-23,蔬菜,元/斤
华中,2.30,none,2018-08-25,湖北省洪湖农贸市场,2.80,1.80,黄瓜,湖北,none,2017-02-22,蔬菜,元/斤
华中,2.30,none,2018-08-25,湖北省洪湖农贸市场,2.80,1.80,黄瓜,湖北,none,2017-02-21,蔬菜,元/斤
华中,2.30,none,2018-08-25,湖北省洪湖农贸市场,2.80,1.80,黄瓜,湖北,none,2017-02-20,蔬菜,元/斤
华中,2.00,none,2018-08-25,湖北省洪湖农贸市场,2.50,1.50,黄瓜,湖北,none,2017-02-17,蔬菜,元/斤
华中,2.00,none,2018-08-25,湖北省洪湖农贸市场,2.50,1.50,黄瓜,湖北,none,2017-02-16,蔬菜,元/斤
华中,2.00,none,2018-08-25,湖北省洪湖农贸市场,2.50,1.50,黄瓜,湖北,none,2017-02-15,蔬菜,元/斤
华中,2.00,none,2018-08-25,湖北省洪湖农贸市场,2.50,1.50,黄瓜,湖北,none,2017-02-14,蔬菜,元/斤
华中,2.40,none,2018-08-25,湖北省洪湖农贸市场,2.90,1.90,黄瓜,湖北,none,2017-02-13,蔬菜,元/斤
华中,2.80,none,2018-08-25,湖北省洪湖农贸市场,3.30,2.00,黄瓜,湖北,none,2017-02-10,蔬菜,元/斤
华中,2.80,none,2018-08-25,湖北省洪湖农贸市场,3.30,2.00,黄瓜,湖北,none,2017-02-08,蔬菜,元/斤
华中,2.80,none,2018-08-25,湖北省洪湖农贸市场,3.30,2.00,黄瓜,湖北,none,2017-02-07,蔬菜,元/斤
华中,2.80,none,2018-08-25,湖北省洪湖农贸市场,3.30,2.00,黄瓜,湖北,none,2017-01-30,蔬菜,元/斤
华中,2.80,none,2018-08-25,湖北省洪湖农贸市场,3.30,2.00,黄瓜,湖北,none,2017-01-26,蔬菜,元/斤
华中,2.30,none,2018-08-25,湖北省洪湖农贸市场,2.50,2.00,黄瓜,湖北,none,2017-01-22,蔬菜,元/斤
华中,2.30,none,2018-08-25,湖北省洪湖农贸市场,2.50,2.00,黄瓜,湖北,none,2017-01-20,蔬菜,元/斤
华中,2.00,none,2018-08-25,湖北省洪湖农贸市场,2.30,1.80,黄瓜,湖北,none,2017-01-19,蔬菜,元/斤
华中,2.00,none,2018-08-25,湖北省洪湖农贸市场,2.30,1.80,黄瓜,湖北,none,2017-01-18,蔬菜,元/斤
华中,2.00,none,2018-08-25,湖北省洪湖农贸市场,2.30,1.80,黄瓜,湖北,none,2017-01-16,蔬菜,元/斤
华中,2.00,none,2018-08-25,湖北省洪湖农贸市场,2.30,1.80,黄瓜,湖北,none,2017-01-13,蔬菜,元/斤
华中,2.00,none,2018-08-25,湖北省洪湖农贸市场,2.30,1.80,黄瓜,湖北,none,2017-01-12,蔬菜,元/斤
华中,2.00,none,2018-08-25,湖北省洪湖农贸市场,2.30,1.80,黄瓜,湖北,none,2017-01-10,蔬菜,元/斤
华中,1.40,none,2018-08-25,湖北省洪湖农贸市场,1.70,1.20,黄瓜,湖北,none,2017-04-20,蔬菜,元/斤
华中,1.40,none,2018-08-25,湖北省洪湖农贸市场,1.70,1.20,黄瓜,湖北,none,2017-04-18,蔬菜,元/斤
华中,1.50,none,2018-08-25,湖北省洪湖农贸市场,1.80,1.30,黄瓜,湖北,none,2017-04-17,蔬菜,元/斤
华中,1.50,none,2018-08-25,湖北省洪湖农贸市场,1.80,1.30,黄瓜,湖北,none,2017-04-14,蔬菜,元/斤
华中,1.50,none,2018-08-25,湖北省洪湖农贸市场,1.80,1.30,黄瓜,湖北,none,2017-04-13,蔬菜,元/斤
华中,1.50,none,2018-08-25,湖北省洪湖农贸市场,1.80,1.30,黄瓜,湖北,none,2017-04-12,蔬菜,元/斤
华中,1.50,none,2018-08-25,湖北省洪湖农贸市场,1.80,1.30,黄瓜,湖北,none,2017-04-11,蔬菜,元/斤
华中,1.50,none,2018-08-25,湖北省洪湖农贸市场,1.80,1.30,黄瓜,湖北,none,2017-04-10,蔬菜,元/斤
华中,1.30,none,2018-08-25,湖北省洪湖农贸市场,1.50,1.20,黄瓜,湖北,none,2017-04-06,蔬菜,元/斤
华中,1.30,none,2018-08-25,湖北省洪湖农贸市场,1.50,1.20,黄瓜,湖北,none,2017-04-05,蔬菜,元/斤
华中,1.30,none,2018-08-25,湖北省洪湖农贸市场,1.50,1.20,黄瓜,湖北,none,2017-04-01,蔬菜,元/斤
华中,1.30,none,2018-08-25,湖北省洪湖农贸市场,1.50,1.20,黄瓜,湖北,none,2017-03-31,蔬菜,元/斤
华中,1.30,none,2018-08-25,湖北省洪湖农贸市场,1.50,1.20,黄瓜,湖北,none,2017-03-30,蔬菜,元/斤
华中,1.30,none,2018-08-25,湖北省洪湖农贸市场,1.50,1.20,黄瓜,湖北,none,2017-03-29,蔬菜,元/斤
华中,1.30,none,2018-08-25,湖北省洪湖农贸市场,1.50,1.20,黄瓜,湖北,none,2017-03-28,蔬菜,元/斤
华中,1.50,none,2018-08-25,湖北省洪湖农贸市场,1.70,1.40,黄瓜,湖北,none,2017-03-23,蔬菜,元/斤
华中,1.50,none,2018-08-25,湖北省洪湖农贸市场,1.70,1.40,黄瓜,湖北,none,2017-03-22,蔬菜,元/斤
华中,1.50,none,2018-08-25,湖北省洪湖农贸市场,1.70,1.40,黄瓜,湖北,none,2017-03-21,蔬菜,元/斤
华中,1.50,none,2018-08-25,湖北省洪湖农贸市场,1.70,1.40,黄瓜,湖北,none,2017-03-20,蔬菜,元/斤
华中,1.80,none,2018-08-25,湖北省洪湖农贸市场,2.00,1.50,黄瓜,湖北,none,2017-03-17,蔬菜,元/斤
华中,2.10,none,2018-08-25,湖北省洪湖农贸市场,2.40,1.60,黄瓜,湖北,none,2017-03-07,蔬菜,元/斤
华中,2.10,none,2018-08-25,湖北省洪湖农贸市场,2.60,1.60,黄瓜,湖北,none,2017-03-04,蔬菜,元/斤
华中,2.10,none,2018-08-25,湖北省洪湖农贸市场,2.60,1.60,黄瓜,湖北,none,2017-03-03,蔬菜,元/斤
华中,2.10,none,2018-08-25,湖北省洪湖农贸市场,2.60,1.60,黄瓜,湖北,none,2017-03-02,蔬菜,元/斤
华中,2.10,none,2018-08-25,湖北省洪湖农贸市场,2.60,1.60,黄瓜,湖北,none,2017-03-01,蔬菜,元/斤
华中,0.90,none,2018-08-25,湖北省洪湖农贸市场,1.20,0.60,黄瓜,湖北,none,2017-06-23,蔬菜,元/斤
华中,0.90,none,2018-08-25,湖北省洪湖农贸市场,1.20,0.60,黄瓜,湖北,none,2017-06-21,蔬菜,元/斤
华中,0.90,none,2018-08-25,湖北省洪湖农贸市场,1.20,0.60,黄瓜,湖北,none,2017-06-20,蔬菜,元/斤
华中,0.90,none,2018-08-25,湖北省洪湖农贸市场,1.20,0.60,黄瓜,湖北,none,2017-06-15,蔬菜,元/斤
华中,0.90,none,2018-08-25,湖北省洪湖农贸市场,1.20,0.60,黄瓜,湖北,none,2017-06-13,蔬菜,元/斤
华中,0.90,none,2018-08-25,湖北省洪湖农贸市场,1.20,0.60,黄瓜,湖北,none,2017-06-12,蔬菜,元/斤
华中,0.90,none,2018-08-25,湖北省洪湖农贸市场,1.10,0.60,黄瓜,湖北,none,2017-06-08,蔬菜,元/斤
华中,1.00,none,2018-08-25,湖北省洪湖农贸市场,1.20,0.70,黄瓜,湖北,none,2017-06-01,蔬菜,元/斤
华中,1.00,none,2018-08-25,湖北省洪湖农贸市场,1.20,0.70,黄瓜,湖北,none,2017-05-31,蔬菜,元/斤
华中,1.10,none,2018-08-25,湖北省洪湖农贸市场,1.40,0.90,黄瓜,湖北,none,2017-05-24,蔬菜,元/斤
华中,1.10,none,2018-08-25,湖北省洪湖农贸市场,1.40,0.90,黄瓜,湖北,none,2017-05-23,蔬菜,元/斤
华中,1.10,none,2018-08-25,湖北省洪湖农贸市场,1.40,0.90,黄瓜,湖北,none,2017-05-22,蔬菜,元/斤
华中,1.10,none,2018-08-25,湖北省洪湖农贸市场,1.40,0.90,黄瓜,湖北,none,2017-05-17,蔬菜,元/斤
华中,1.10,none,2018-08-25,湖北省洪湖农贸市场,1.40,0.90,黄瓜,湖北,none,2017-05-15,蔬菜,元/斤
华中,1.10,none,2018-08-25,湖北省洪湖农贸市场,1.40,0.90,黄瓜,湖北,none,2017-05-12,蔬菜,元/斤
华中,1.10,none,2018-08-25,湖北省洪湖农贸市场,1.40,0.90,黄瓜,湖北,none,2017-05-09,蔬菜,元/斤
华中,1.20,none,2018-08-25,湖北省洪湖农贸市场,1.50,1.00,黄瓜,湖北,none,2017-05-08,蔬菜,元/斤
华中,1.40,none,2018-08-25,湖北省洪湖农贸市场,1.70,1.20,黄瓜,湖北,none,2017-05-05,蔬菜,元/斤
华中,1.40,none,2018-08-25,湖北省洪湖农贸市场,1.70,1.20,黄瓜,湖北,none,2017-05-04,蔬菜,元/斤
华中,1.40,none,2018-08-25,湖北省洪湖农贸市场,1.70,1.20,黄瓜,湖北,none,2017-05-03,蔬菜,元/斤
华中,1.40,none,2018-08-25,湖北省洪湖农贸市场,1.70,1.20,黄瓜,湖北,none,2017-05-02,蔬菜,元/斤
华中,1.40,none,2018-08-25,湖北省洪湖农贸市场,1.70,1.20,黄瓜,湖北,none,2017-04-28,蔬菜,元/斤
华中,1.40,none,2018-08-25,湖北省洪湖农贸市场,1.70,1.20,黄瓜,湖北,none,2017-04-27,蔬菜,元/斤
华中,1.40,none,2018-08-25,湖北省洪湖农贸市场,1.70,1.20,黄瓜,湖北,none,2017-04-26,蔬菜,元/斤
华中,1.40,none,2018-08-25,湖北省洪湖农贸市场,1.70,1.20,黄瓜,湖北,none,2017-04-25,蔬菜,元/斤
华中,1.70,none,2018-08-25,湖北省洪湖农贸市场,2.00,1.40,黄瓜,湖北,none,2017-09-22,蔬菜,元/斤
华中,1.70,none,2018-08-25,湖北省洪湖农贸市场,2.00,1.40,黄瓜,湖北,none,2017-09-21,蔬菜,元/斤
华中,1.70,none,2018-08-25,湖北省洪湖农贸市场,2.00,1.40,黄瓜,湖北,none,2017-09-20,蔬菜,元/斤
华中,1.70,none,2018-08-25,湖北省洪湖农贸市场,2.00,1.40,黄瓜,湖北,none,2017-09-19,蔬菜,元/斤
华中,1.80,none,2018-08-25,湖北省洪湖农贸市场,2.20,1.60,黄瓜,湖北,none,2017-09-08,蔬菜,元/斤
华中,1.60,none,2018-08-25,湖北省洪湖农贸市场,2.00,1.40,黄瓜,湖北,none,2017-09-04,蔬菜,元/斤
华中,1.30,none,2018-08-25,湖北省洪湖农贸市场,1.60,1.00,黄瓜,湖北,none,2017-09-01,蔬菜,元/斤
华中,1.30,none,2018-08-25,湖北省洪湖农贸市场,1.60,1.00,黄瓜,湖北,none,2017-08-31,蔬菜,元/斤
华中,1.30,none,2018-08-25,湖北省洪湖农贸市场,1.50,1.00,黄瓜,湖北,none,2017-08-29,蔬菜,元/斤
华中,1.60,none,2018-08-25,湖北省洪湖农贸市场,2.00,1.10,黄瓜,湖北,none,2017-08-21,蔬菜,元/斤
华中,1.50,none,2018-08-25,湖北省洪湖农贸市场,1.90,1.00,黄瓜,湖北,none,2017-08-10,蔬菜,元/斤
华中,1.50,none,2018-08-25,湖北省洪湖农贸市场,1.90,1.00,黄瓜,湖北,none,2017-08-08,蔬菜,元/斤
华中,1.20,none,2018-08-25,湖北省洪湖农贸市场,1.60,0.90,黄瓜,湖北,none,2017-07-28,蔬菜,元/斤
华中,1.20,none,2018-08-25,湖北省洪湖农贸市场,1.60,0.90,黄瓜,湖北,none,2017-07-27,蔬菜,元/斤
华中,1.20,none,2018-08-25,湖北省洪湖农贸市场,1.60,0.90,黄瓜,湖北,none,2017-07-26,蔬菜,元/斤
华中,1.20,none,2018-08-25,湖北省洪湖农贸市场,1.60,0.90,黄瓜,湖北,none,2017-07-24,蔬菜,元/斤
华中,1.20,none,2018-08-25,湖北省洪湖农贸市场,1.60,0.90,黄瓜,湖北,none,2017-07-21,蔬菜,元/斤
华中,1.20,none,2018-08-25,湖北省洪湖农贸市场,1.60,0.90,黄瓜,湖北,none,2017-07-20,蔬菜,元/斤
华中,1.20,none,2018-08-25,湖北省洪湖农贸市场,1.60,0.90,黄瓜,湖北,none,2017-07-19,蔬菜,元/斤
华中,0.90,none,2018-08-25,湖北省洪湖农贸市场,1.20,0.60,黄瓜,湖北,none,2017-07-12,蔬菜,元/斤
华中,0.90,none,2018-08-25,湖北省洪湖农贸市场,1.20,0.60,黄瓜,湖北,none,2017-07-08,蔬菜,元/斤
华中,0.90,none,2018-08-25,湖北省洪湖农贸市场,1.20,0.60,黄瓜,湖北,none,2017-07-04,蔬菜,元/斤
华中,0.90,none,2018-08-25,湖北省洪湖农贸市场,1.20,0.60,黄瓜,湖北,none,2017-07-03,蔬菜,元/斤
华中,0.90,none,2018-08-25,湖北省洪湖农贸市场,1.20,0.60,黄瓜,湖北,none,2017-06-30,蔬菜,元/斤
华中,0.90,none,2018-08-25,湖北省洪湖农贸市场,1.20,0.60,黄瓜,湖北,none,2017-06-29,蔬菜,元/斤
华中,1.50,none,2018-08-25,湖北省洪湖农贸市场,1.70,1.20,黄瓜,湖北,none,2017-11-21,蔬菜,元/斤
华中,1.50,none,2018-08-25,湖北省洪湖农贸市场,1.70,1.20,黄瓜,湖北,none,2017-11-20,蔬菜,元/斤
华中,1.50,none,2018-08-25,湖北省洪湖农贸市场,1.80,1.20,黄瓜,湖北,none,2017-11-16,蔬菜,元/斤
华中,1.50,none,2018-08-25,湖北省洪湖农贸市场,1.80,1.20,黄瓜,湖北,none,2017-11-14,蔬菜,元/斤
华中,1.70,none,2018-08-25,湖北省洪湖农贸市场,2.00,1.40,黄瓜,湖北,none,2017-11-10,蔬菜,元/斤
华中,1.70,none,2018-08-25,湖北省洪湖农贸市场,2.00,1.40,黄瓜,湖北,none,2017-11-09,蔬菜,元/斤
华中,1.70,none,2018-08-25,湖北省洪湖农贸市场,2.00,1.40,黄瓜,湖北,none,2017-11-08,蔬菜,元/斤
华中,1.70,none,2018-08-25,湖北省洪湖农贸市场,2.00,1.40,黄瓜,湖北,none,2017-11-07,蔬菜,元/斤
华中,1.70,none,2018-08-25,湖北省洪湖农贸市场,2.00,1.40,黄瓜,湖北,none,2017-11-06,蔬菜,元/斤
华中,2.20,none,2018-08-25,湖北省洪湖农贸市场,2.40,1.90,黄瓜,湖北,none,2017-11-03,蔬菜,元/斤
华中,2.20,none,2018-08-25,湖北省洪湖农贸市场,2.40,1.90,黄瓜,湖北,none,2017-11-02,蔬菜,元/斤
华中,2.20,none,2018-08-25,湖北省洪湖农贸市场,2.40,1.90,黄瓜,湖北,none,2017-11-01,蔬菜,元/斤
华中,2.30,none,2018-08-25,湖北省洪湖农贸市场,2.60,2.10,黄瓜,湖北,none,2017-10-26,蔬菜,元/斤
华中,2.30,none,2018-08-25,湖北省洪湖农贸市场,2.60,2.10,黄瓜,湖北,none,2017-10-25,蔬菜,元/斤
华中,2.30,none,2018-08-25,湖北省洪湖农贸市场,2.60,2.10,黄瓜,湖北,none,2017-10-24,蔬菜,元/斤
华中,2.30,none,2018-08-25,湖北省洪湖农贸市场,2.50,2.00,黄瓜,湖北,none,2017-10-20,蔬菜,元/斤
华中,2.30,none,2018-08-25,湖北省洪湖农贸市场,2.50,2.00,黄瓜,湖北,none,2017-10-18,蔬菜,元/斤
华中,2.20,none,2018-08-25,湖北省洪湖农贸市场,2.40,1.90,黄瓜,湖北,none,2017-10-16,蔬菜,元/斤
华中,1.80,none,2018-08-25,湖北省洪湖农贸市场,2.10,1.50,黄瓜,湖北,none,2017-10-12,蔬菜,元/斤
华中,1.60,none,2018-08-25,湖北省洪湖农贸市场,1.90,1.30,黄瓜,湖北,none,2017-10-11,蔬菜,元/斤
华中,1.60,none,2018-08-25,湖北省洪湖农贸市场,1.90,1.30,黄瓜,湖北,none,2017-10-09,蔬菜,元/斤
华中,1.40,none,2018-08-25,湖北省洪湖农贸市场,1.50,1.30,黄瓜,湖北,none,2017-09-30,蔬菜,元/斤
华中,1.40,none,2018-08-25,湖北省洪湖农贸市场,1.50,1.30,黄瓜,湖北,none,2017-09-29,蔬菜,元/斤
华中,1.40,none,2018-08-25,湖北省洪湖农贸市场,1.50,1.30,黄瓜,湖北,none,2017-09-27,蔬菜,元/斤
华中,1.40,none,2018-08-25,湖北省洪湖农贸市场,1.50,1.30,黄瓜,湖北,none,2017-09-26,蔬菜,元/斤
华中,1.90,none,2018-08-25,湖北省洪湖农贸市场,2.25,1.75,黄瓜,湖北,none,2018-01-24,蔬菜,元/斤
华中,2.10,none,2018-08-25,湖北省洪湖农贸市场,2.40,1.90,黄瓜,湖北,none,2018-01-19,蔬菜,元/斤
华中,2.30,none,2018-08-25,湖北省洪湖农贸市场,2.50,2.00,黄瓜,湖北,none,2018-01-15,蔬菜,元/斤
华中,2.50,none,2018-08-25,湖北省洪湖农贸市场,2.80,2.30,黄瓜,湖北,none,2018-01-11,蔬菜,元/斤
华中,2.50,none,2018-08-25,湖北省洪湖农贸市场,2.80,2.30,黄瓜,湖北,none,2018-01-10,蔬菜,元/斤
华中,1.50,none,2018-08-25,湖北省洪湖农贸市场,2.00,1.30,黄瓜,湖北,none,2018-01-05,蔬菜,元/斤
华中,1.50,none,2018-08-25,湖北省洪湖农贸市场,2.00,1.30,黄瓜,湖北,none,2018-01-04,蔬菜,元/斤
华中,1.50,none,2018-08-25,湖北省洪湖农贸市场,2.00,1.30,黄瓜,湖北,none,2017-12-28,蔬菜,元/斤
华中,1.50,none,2018-08-25,湖北省洪湖农贸市场,2.00,1.30,黄瓜,湖北,none,2017-12-26,蔬菜,元/斤
华中,1.50,none,2018-08-25,湖北省洪湖农贸市场,2.00,1.30,黄瓜,湖北,none,2017-12-20,蔬菜,元/斤
华中,1.50,none,2018-08-25,湖北省洪湖农贸市场,2.00,1.30,黄瓜,湖北,none,2017-12-19,蔬菜,元/斤
华中,1.50,none,2018-08-25,湖北省洪湖农贸市场,1.90,1.30,黄瓜,湖北,none,2017-12-13,蔬菜,元/斤
华中,1.50,none,2018-08-25,湖北省洪湖农贸市场,1.90,1.30,黄瓜,湖北,none,2017-12-12,蔬菜,元/斤
华中,1.50,none,2018-08-25,湖北省洪湖农贸市场,1.90,1.30,黄瓜,湖北,none,2017-12-11,蔬菜,元/斤
华中,1.50,none,2018-08-25,湖北省洪湖农贸市场,1.70,1.20,黄瓜,湖北,none,2017-12-08,蔬菜,元/斤
华中,1.50,none,2018-08-25,湖北省洪湖农贸市场,1.70,1.20,黄瓜,湖北,none,2017-12-07,蔬菜,元/斤
华中,1.50,none,2018-08-25,湖北省洪湖农贸市场,1.70,1.20,黄瓜,湖北,none,2017-12-05,蔬菜,元/斤
华中,1.50,none,2018-08-25,湖北省洪湖农贸市场,1.70,1.20,黄瓜,湖北,none,2017-12-04,蔬菜,元/斤
华中,1.50,none,2018-08-25,湖北省洪湖农贸市场,1.70,1.20,黄瓜,湖北,none,2017-12-01,蔬菜,元/斤
华中,1.50,none,2018-08-25,湖北省洪湖农贸市场,1.70,1.20,黄瓜,湖北,none,2017-11-30,蔬菜,元/斤
华中,1.50,none,2018-08-25,湖北省洪湖农贸市场,1.70,1.20,黄瓜,湖北,none,2017-11-29,蔬菜,元/斤
华中,1.50,none,2018-08-25,湖北省洪湖农贸市场,1.70,1.20,黄瓜,湖北,none,2017-11-28,蔬菜,元/斤
华中,1.50,none,2018-08-25,湖北省洪湖农贸市场,1.70,1.20,黄瓜,湖北,none,2017-11-27,蔬菜,元/斤
华中,1.50,none,2018-08-25,湖北省洪湖农贸市场,1.70,1.20,黄瓜,湖北,none,2017-11-23,蔬菜,元/斤
华中,1.50,none,2018-08-25,湖北省洪湖农贸市场,1.70,1.20,黄瓜,湖北,none,2017-11-22,蔬菜,元/斤
华中,2.30,none,2018-08-25,湖北省洪湖农贸市场,2.90,1.80,黄瓜,湖北,none,2018-03-28,蔬菜,元/斤
华中,2.30,none,2018-08-25,湖北省洪湖农贸市场,2.80,1.80,黄瓜,湖北,none,2018-03-27,蔬菜,元/斤
华中,2.30,none,2018-08-25,湖北省洪湖农贸市场,2.80,1.80,黄瓜,湖北,none,2018-03-23,蔬菜,元/斤
华中,2.30,none,2018-08-25,湖北省洪湖农贸市场,2.80,1.80,黄瓜,湖北,none,2018-03-22,蔬菜,元/斤
华中,2.30,none,2018-08-25,湖北省洪湖农贸市场,2.80,1.80,黄瓜,湖北,none,2018-03-19,蔬菜,元/斤
华中,2.30,none,2018-08-25,湖北省洪湖农贸市场,2.70,1.80,黄瓜,湖北,none,2018-03-15,蔬菜,元/斤
华中,2.30,none,2018-08-25,湖北省洪湖农贸市场,2.70,1.80,黄瓜,湖北,none,2018-03-14,蔬菜,元/斤
华中,2.30,none,2018-08-25,湖北省洪湖农贸市场,2.70,1.80,黄瓜,湖北,none,2018-03-13,蔬菜,元/斤
华中,2.00,none,2018-08-25,湖北省洪湖农贸市场,2.50,1.70,黄瓜,湖北,none,2018-03-09,蔬菜,元/斤
华中,2.00,none,2018-08-25,湖北省洪湖农贸市场,2.50,1.70,黄瓜,湖北,none,2018-03-08,蔬菜,元/斤
华中,2.00,none,2018-08-25,湖北省洪湖农贸市场,2.50,1.70,黄瓜,湖北,none,2018-03-06,蔬菜,元/斤
华中,2.00,none,2018-08-25,湖北省洪湖农贸市场,2.50,1.70,黄瓜,湖北,none,2018-03-05,蔬菜,元/斤
华中,2.50,none,2018-08-25,湖北省洪湖农贸市场,3.00,2.20,黄瓜,湖北,none,2018-02-28,蔬菜,元/斤
华中,3.10,none,2018-08-25,湖北省洪湖农贸市场,3.60,2.60,黄瓜,湖北,none,2018-02-22,蔬菜,元/斤
华中,3.10,none,2018-08-25,湖北省洪湖农贸市场,3.60,2.60,黄瓜,湖北,none,2018-02-14,蔬菜,元/斤
华中,2.90,none,2018-08-25,湖北省洪湖农贸市场,3.40,2.40,黄瓜,湖北,none,2018-02-13,蔬菜,元/斤
华中,2.60,none,2018-08-25,湖北省洪湖农贸市场,2.90,2.30,黄瓜,湖北,none,2018-02-11,蔬菜,元/斤
华中,2.60,none,2018-08-25,湖北省洪湖农贸市场,2.90,2.30,黄瓜,湖北,none,2018-02-06,蔬菜,元/斤
华中,2.60,none,2018-08-25,湖北省洪湖农贸市场,2.90,2.30,黄瓜,湖北,none,2018-02-05,蔬菜,元/斤
华中,2.60,none,2018-08-25,湖北省洪湖农贸市场,2.90,2.30,黄瓜,湖北,none,2018-02-02,蔬菜,元/斤
华中,2.60,none,2018-08-25,湖北省洪湖农贸市场,2.90,2.30,黄瓜,湖北,none,2018-02-01,蔬菜,元/斤
华中,2.60,none,2018-08-25,湖北省洪湖农贸市场,2.90,2.30,黄瓜,湖北,none,2018-01-31,蔬菜,元/斤
华中,2.30,none,2018-08-25,湖北省洪湖农贸市场,2.60,2.00,黄瓜,湖北,none,2018-01-28,蔬菜,元/斤
华中,2.30,none,2018-08-25,湖北省洪湖农贸市场,2.60,2.00,黄瓜,湖北,none,2018-01-27,蔬菜,元/斤
华中,2.30,none,2018-08-25,湖北省洪湖农贸市场,2.60,2.00,黄瓜,湖北,none,2018-01-26,蔬菜,元/斤
华中,2.10,none,2018-08-25,湖北省洪湖农贸市场,2.50,1.70,青椒,湖北,none,2017-03-20,蔬菜,元/斤
华中,2.10,none,2018-08-25,湖北省洪湖农贸市场,2.40,1.70,青椒,湖北,none,2017-03-07,蔬菜,元/斤
华中,2.10,none,2018-08-25,湖北省洪湖农贸市场,2.30,1.70,青椒,湖北,none,2017-03-04,蔬菜,元/斤
华中,2.10,none,2018-08-25,湖北省洪湖农贸市场,2.30,1.70,青椒,湖北,none,2017-03-03,蔬菜,元/斤
华中,2.10,none,2018-08-25,湖北省洪湖农贸市场,2.30,1.70,青椒,湖北,none,2017-03-02,蔬菜,元/斤
华中,2.10,none,2018-08-25,湖北省洪湖农贸市场,2.30,1.70,青椒,湖北,none,2017-03-01,蔬菜,元/斤
华中,2.10,none,2018-08-25,湖北省洪湖农贸市场,2.30,1.70,青椒,湖北,none,2017-02-28,蔬菜,元/斤
华中,2.10,none,2018-08-25,湖北省洪湖农贸市场,2.30,1.70,青椒,湖北,none,2017-02-27,蔬菜,元/斤
华中,2.00,none,2018-08-25,湖北省洪湖农贸市场,2.20,1.60,青椒,湖北,none,2017-02-24,蔬菜,元/斤
华中,2.00,none,2018-08-25,湖北省洪湖农贸市场,2.20,1.60,青椒,湖北,none,2017-02-23,蔬菜,元/斤
华中,2.00,none,2018-08-25,湖北省洪湖农贸市场,2.20,1.60,青椒,湖北,none,2017-02-22,蔬菜,元/斤
华中,2.00,none,2018-08-25,湖北省洪湖农贸市场,2.20,1.60,青椒,湖北,none,2017-02-21,蔬菜,元/斤
华中,2.00,none,2018-08-25,湖北省洪湖农贸市场,2.20,1.60,青椒,湖北,none,2017-02-20,蔬菜,元/斤
华中,1.60,none,2018-08-25,湖北省洪湖农贸市场,1.90,1.40,青椒,湖北,none,2017-02-17,蔬菜,元/斤
华中,1.60,none,2018-08-25,湖北省洪湖农贸市场,1.90,1.40,青椒,湖北,none,2017-02-16,蔬菜,元/斤
华中,1.60,none,2018-08-25,湖北省洪湖农贸市场,1.90,1.40,青椒,湖北,none,2017-02-15,蔬菜,元/斤
华中,1.60,none,2018-08-25,湖北省洪湖农贸市场,1.90,1.40,青椒,湖北,none,2017-02-14,蔬菜,元/斤
华中,1.60,none,2018-08-25,湖北省洪湖农贸市场,1.90,1.40,青椒,湖北,none,2017-02-13,蔬菜,元/斤
华中,1.80,none,2018-08-25,湖北省洪湖农贸市场,2.00,1.50,青椒,湖北,none,2017-02-10,蔬菜,元/斤
华中,2.00,none,2018-08-25,湖北省洪湖农贸市场,2.40,1.50,青椒,湖北,none,2017-02-08,蔬菜,元/斤
华中,2.00,none,2018-08-25,湖北省洪湖农贸市场,2.40,1.50,青椒,湖北,none,2017-02-07,蔬菜,元/斤
华中,2.40,none,2018-08-25,湖北省洪湖农贸市场,2.90,1.90,青椒,湖北,none,2017-01-30,蔬菜,元/斤
华中,2.40,none,2018-08-25,湖北省洪湖农贸市场,2.90,1.90,青椒,湖北,none,2017-01-26,蔬菜,元/斤
华中,2.30,none,2018-08-25,湖北省洪湖农贸市场,2.70,1.80,青椒,湖北,none,2017-01-22,蔬菜,元/斤
华中,2.30,none,2018-08-25,湖北省洪湖农贸市场,2.70,1.80,青椒,湖北,none,2017-01-20,蔬菜,元/斤
华中,1.40,none,2018-08-25,湖北省洪湖农贸市场,1.60,1.10,青椒,湖北,none,2017-05-05,蔬菜,元/斤
华中,1.40,none,2018-08-25,湖北省洪湖农贸市场,1.60,1.10,青椒,湖北,none,2017-05-04,蔬菜,元/斤
华中,1.40,none,2018-08-25,湖北省洪湖农贸市场,1.60,1.10,青椒,湖北,none,2017-05-03,蔬菜,元/斤
华中,1.50,none,2018-08-25,湖北省洪湖农贸市场,1.80,1.30,青椒,湖北,none,2017-05-02,蔬菜,元/斤
华中,1.90,none,2018-08-25,湖北省洪湖农贸市场,2.10,1.50,青椒,湖北,none,2017-04-28,蔬菜,元/斤
华中,1.90,none,2018-08-25,湖北省洪湖农贸市场,2.10,1.50,青椒,湖北,none,2017-04-27,蔬菜,元/斤
华中,1.90,none,2018-08-25,湖北省洪湖农贸市场,2.10,1.50,青椒,湖北,none,2017-04-26,蔬菜,元/斤
华中,1.90,none,2018-08-25,湖北省洪湖农贸市场,2.10,1.50,青椒,湖北,none,2017-04-25,蔬菜,元/斤
华中,1.90,none,2018-08-25,湖北省洪湖农贸市场,2.10,1.50,青椒,湖北,none,2017-04-20,蔬菜,元/斤
华中,1.90,none,2018-08-25,湖北省洪湖农贸市场,2.10,1.50,青椒,湖北,none,2017-04-18,蔬菜,元/斤
华中,1.90,none,2018-08-25,湖北省洪湖农贸市场,2.30,1.50,青椒,湖北,none,2017-04-17,蔬菜,元/斤
华中,1.90,none,2018-08-25,湖北省洪湖农贸市场,2.30,1.50,青椒,湖北,none,2017-04-14,蔬菜,元/斤
华中,1.90,none,2018-08-25,湖北省洪湖农贸市场,2.30,1.50,青椒,湖北,none,2017-04-13,蔬菜,元/斤
华中,1.90,none,2018-08-25,湖北省洪湖农贸市场,2.30,1.50,青椒,湖北,none,2017-04-12,蔬菜,元/斤
华中,1.90,none,2018-08-25,湖北省洪湖农贸市场,2.30,1.50,青椒,湖北,none,2017-04-11,蔬菜,元/斤
华中,1.90,none,2018-08-25,湖北省洪湖农贸市场,2.30,1.50,青椒,湖北,none,2017-04-10,蔬菜,元/斤
华中,1.90,none,2018-08-25,湖北省洪湖农贸市场,2.30,1.50,青椒,湖北,none,2017-04-06,蔬菜,元/斤
华中,1.90,none,2018-08-25,湖北省洪湖农贸市场,2.30,1.50,青椒,湖北,none,2017-04-05,蔬菜,元/斤
华中,1.90,none,2018-08-25,湖北省洪湖农贸市场,2.30,1.50,青椒,湖北,none,2017-04-01,蔬菜,元/斤
华中,1.90,none,2018-08-25,湖北省洪湖农贸市场,2.30,1.50,青椒,湖北,none,2017-03-31,蔬菜,元/斤
华中,1.90,none,2018-08-25,湖北省洪湖农贸市场,2.30,1.50,青椒,湖北,none,2017-03-30,蔬菜,元/斤
华中,1.90,none,2018-08-25,湖北省洪湖农贸市场,2.30,1.50,青椒,湖北,none,2017-03-28,蔬菜,元/斤
华中,2.20,none,2018-08-25,湖北省洪湖农贸市场,2.60,1.80,青椒,湖北,none,2017-03-23,蔬菜,元/斤
华中,2.20,none,2018-08-25,湖北省洪湖农贸市场,2.60,1.80,青椒,湖北,none,2017-03-22,蔬菜,元/斤
华中,2.20,none,2018-08-25,湖北省洪湖农贸市场,2.60,1.80,青椒,湖北,none,2017-03-21,蔬菜,元/斤
华中,0.90,none,2018-08-25,湖北省洪湖农贸市场,1.40,0.70,青椒,湖北,none,2017-07-12,蔬菜,元/斤
华中,0.90,none,2018-08-25,湖北省洪湖农贸市场,1.40,0.70,青椒,湖北,none,2017-07-08,蔬菜,元/斤
华中,0.80,none,2018-08-25,湖北省洪湖农贸市场,1.30,0.60,青椒,湖北,none,2017-07-04,蔬菜,元/斤
华中,0.80,none,2018-08-25,湖北省洪湖农贸市场,1.30,0.60,青椒,湖北,none,2017-07-03,蔬菜,元/斤
华中,0.80,none,2018-08-25,湖北省洪湖农贸市场,1.30,0.60,青椒,湖北,none,2017-06-30,蔬菜,元/斤
华中,0.80,none,2018-08-25,湖北省洪湖农贸市场,1.30,0.60,青椒,湖北,none,2017-06-29,蔬菜,元/斤
华中,0.80,none,2018-08-25,湖北省洪湖农贸市场,1.10,0.60,青椒,湖北,none,2017-06-23,蔬菜,元/斤
华中,0.80,none,2018-08-25,湖北省洪湖农贸市场,1.00,0.60,青椒,湖北,none,2017-06-21,蔬菜,元/斤
华中,0.80,none,2018-08-25,湖北省洪湖农贸市场,1.00,0.60,青椒,湖北,none,2017-06-20,蔬菜,元/斤
华中,0.80,none,2018-08-25,湖北省洪湖农贸市场,1.00,0.60,青椒,湖北,none,2017-06-15,蔬菜,元/斤
华中,0.80,none,2018-08-25,湖北省洪湖农贸市场,1.00,0.60,青椒,湖北,none,2017-06-13,蔬菜,元/斤
华中,0.80,none,2018-08-25,湖北省洪湖农贸市场,1.00,0.60,青椒,湖北,none,2017-06-12,蔬菜,元/斤
华中,0.70,none,2018-08-25,湖北省洪湖农贸市场,0.90,0.50,青椒,湖北,none,2017-06-08,蔬菜,元/斤
华中,0.82,none,2018-08-25,湖北省洪湖农贸市场,1.02,0.67,青椒,湖北,none,2017-06-05,蔬菜,元/斤
华中,0.82,none,2018-08-25,湖北省洪湖农贸市场,1.02,0.67,青椒,湖北,none,2017-06-01,蔬菜,元/斤
华中,0.82,none,2018-08-25,湖北省洪湖农贸市场,1.02,0.67,青椒,湖北,none,2017-05-31,蔬菜,元/斤
华中,0.97,none,2018-08-25,湖北省洪湖农贸市场,1.17,0.77,青椒,湖北,none,2017-05-24,蔬菜,元/斤
华中,1.00,none,2018-08-25,湖北省洪湖农贸市场,1.20,0.80,青椒,湖北,none,2017-05-23,蔬菜,元/斤
华中,1.10,none,2018-08-25,湖北省洪湖农贸市场,1.40,0.90,青椒,湖北,none,2017-05-22,蔬菜,元/斤
华中,1.40,none,2018-08-25,湖北省洪湖农贸市场,1.60,1.10,青椒,湖北,none,2017-05-17,蔬菜,元/斤
华中,1.40,none,2018-08-25,湖北省洪湖农贸市场,1.60,1.10,青椒,湖北,none,2017-05-15,蔬菜,元/斤
华中,1.40,none,2018-08-25,湖北省洪湖农贸市场,1.60,1.10,青椒,湖北,none,2017-05-12,蔬菜,元/斤
华中,1.40,none,2018-08-25,湖北省洪湖农贸市场,1.60,1.10,青椒,湖北,none,2017-05-10,蔬菜,元/斤
华中,1.40,none,2018-08-25,湖北省洪湖农贸市场,1.60,1.10,青椒,湖北,none,2017-05-09,蔬菜,元/斤
华中,1.40,none,2018-08-25,湖北省洪湖农贸市场,1.60,1.10,青椒,湖北,none,2017-05-08,蔬菜,元/斤
华中,1.70,none,2018-08-25,湖北省洪湖农贸市场,2.00,1.30,青椒,湖北,none,2017-10-09,蔬菜,元/斤
华中,1.50,none,2018-08-25,湖北省洪湖农贸市场,1.70,1.20,青椒,湖北,none,2017-09-30,蔬菜,元/斤
华中,1.50,none,2018-08-25,湖北省洪湖农贸市场,1.70,1.20,青椒,湖北,none,2017-09-29,蔬菜,元/斤
华中,1.50,none,2018-08-25,湖北省洪湖农贸市场,1.70,1.20,青椒,湖北,none,2017-09-27,蔬菜,元/斤
华中,1.50,none,2018-08-25,湖北省洪湖农贸市场,1.70,1.20,青椒,湖北,none,2017-09-26,蔬菜,元/斤
华中,1.20,none,2018-08-25,湖北省洪湖农贸市场,1.40,1.00,青椒,湖北,none,2017-09-22,蔬菜,元/斤
华中,1.20,none,2018-08-25,湖北省洪湖农贸市场,1.40,1.00,青椒,湖北,none,2017-09-21,蔬菜,元/斤
华中,1.20,none,2018-08-25,湖北省洪湖农贸市场,1.40,1.00,青椒,湖北,none,2017-09-20,蔬菜,元/斤
华中,1.20,none,2018-08-25,湖北省洪湖农贸市场,1.40,1.00,青椒,湖北,none,2017-09-19,蔬菜,元/斤
华中,1.20,none,2018-08-25,湖北省洪湖农贸市场,1.40,1.00,青椒,湖北,none,2017-09-08,蔬菜,元/斤
华中,1.20,none,2018-08-25,湖北省洪湖农贸市场,1.40,1.00,青椒,湖北,none,2017-09-07,蔬菜,元/斤
华中,1.10,none,2018-08-25,湖北省洪湖农贸市场,1.40,0.80,青椒,湖北,none,2017-09-04,蔬菜,元/斤
华中,1.00,none,2018-08-25,湖北省洪湖农贸市场,1.20,0.70,青椒,湖北,none,2017-09-01,蔬菜,元/斤
华中,1.00,none,2018-08-25,湖北省洪湖农贸市场,1.20,0.70,青椒,湖北,none,2017-08-31,蔬菜,元/斤
华中,1.00,none,2018-08-25,湖北省洪湖农贸市场,1.20,0.70,青椒,湖北,none,2017-08-29,蔬菜,元/斤
华中,1.00,none,2018-08-25,湖北省洪湖农贸市场,1.10,0.70,青椒,湖北,none,2017-08-21,蔬菜,元/斤
华中,1.00,none,2018-08-25,湖北省洪湖农贸市场,1.20,0.70,青椒,湖北,none,2017-08-10,蔬菜,元/斤
华中,1.00,none,2018-08-25,湖北省洪湖农贸市场,1.20,0.70,青椒,湖北,none,2017-08-08,蔬菜,元/斤
华中,0.90,none,2018-08-25,湖北省洪湖农贸市场,1.10,0.60,青椒,湖北,none,2017-07-28,蔬菜,元/斤
华中,0.90,none,2018-08-25,湖北省洪湖农贸市场,1.10,0.60,青椒,湖北,none,2017-07-27,蔬菜,元/斤
华中,0.90,none,2018-08-25,湖北省洪湖农贸市场,1.10,0.60,青椒,湖北,none,2017-07-26,蔬菜,元/斤
华中,0.90,none,2018-08-25,湖北省洪湖农贸市场,1.10,0.60,青椒,湖北,none,2017-07-24,蔬菜,元/斤
华中,0.90,none,2018-08-25,湖北省洪湖农贸市场,1.10,0.60,青椒,湖北,none,2017-07-21,蔬菜,元/斤
华中,0.80,none,2018-08-25,湖北省洪湖农贸市场,1.00,0.50,青椒,湖北,none,2017-07-20,蔬菜,元/斤
华中,0.80,none,2018-08-25,湖北省洪湖农贸市场,1.00,0.50,青椒,湖北,none,2017-07-19,蔬菜,元/斤
华中,1.10,none,2018-08-25,湖北省洪湖农贸市场,1.40,0.90,青椒,湖北,none,2017-11-29,蔬菜,元/斤
华中,1.10,none,2018-08-25,湖北省洪湖农贸市场,1.40,0.90,青椒,湖北,none,2017-11-28,蔬菜,元/斤
华中,1.10,none,2018-08-25,湖北省洪湖农贸市场,1.40,0.90,青椒,湖北,none,2017-11-27,蔬菜,元/斤
华中,1.30,none,2018-08-25,湖北省洪湖农贸市场,1.70,1.00,青椒,湖北,none,2017-11-23,蔬菜,元/斤
华中,1.30,none,2018-08-25,湖北省洪湖农贸市场,1.70,1.00,青椒,湖北,none,2017-11-22,蔬菜,元/斤
华中,1.30,none,2018-08-25,湖北省洪湖农贸市场,1.70,1.00,青椒,湖北,none,2017-11-21,蔬菜,元/斤
华中,1.30,none,2018-08-25,湖北省洪湖农贸市场,1.70,1.00,青椒,湖北,none,2017-11-20,蔬菜,元/斤
华中,1.30,none,2018-08-25,湖北省洪湖农贸市场,1.80,1.00,青椒,湖北,none,2017-11-16,蔬菜,元/斤
华中,1.30,none,2018-08-25,湖北省洪湖农贸市场,1.80,1.00,青椒,湖北,none,2017-11-14,蔬菜,元/斤
华中,1.30,none,2018-08-25,湖北省洪湖农贸市场,1.80,1.00,青椒,湖北,none,2017-11-10,蔬菜,元/斤
华中,1.30,none,2018-08-25,湖北省洪湖农贸市场,1.80,1.00,青椒,湖北,none,2017-11-09,蔬菜,元/斤
华中,1.30,none,2018-08-25,湖北省洪湖农贸市场,1.80,1.00,青椒,湖北,none,2017-11-08,蔬菜,元/斤
华中,1.30,none,2018-08-25,湖北省洪湖农贸市场,1.80,1.00,青椒,湖北,none,2017-11-07,蔬菜,元/斤
华中,1.30,none,2018-08-25,湖北省洪湖农贸市场,1.80,1.00,青椒,湖北,none,2017-11-06,蔬菜,元/斤
华中,1.30,none,2018-08-25,湖北省洪湖农贸市场,1.50,1.00,青椒,湖北,none,2017-11-03,蔬菜,元/斤
华中,1.30,none,2018-08-25,湖北省洪湖农贸市场,1.50,1.00,青椒,湖北,none,2017-11-02,蔬菜,元/斤
华中,1.30,none,2018-08-25,湖北省洪湖农贸市场,1.50,1.00,青椒,湖北,none,2017-11-01,蔬菜,元/斤
华中,1.30,none,2018-08-25,湖北省洪湖农贸市场,1.50,1.00,青椒,湖北,none,2017-10-26,蔬菜,元/斤
华中,1.30,none,2018-08-25,湖北省洪湖农贸市场,1.50,1.00,青椒,湖北,none,2017-10-25,蔬菜,元/斤
华中,1.30,none,2018-08-25,湖北省洪湖农贸市场,1.50,1.00,青椒,湖北,none,2017-10-24,蔬菜,元/斤
华中,1.70,none,2018-08-25,湖北省洪湖农贸市场,2.00,1.30,青椒,湖北,none,2017-10-20,蔬菜,元/斤
华中,1.70,none,2018-08-25,湖北省洪湖农贸市场,2.00,1.30,青椒,湖北,none,2017-10-18,蔬菜,元/斤
华中,1.70,none,2018-08-25,湖北省洪湖农贸市场,2.00,1.30,青椒,湖北,none,2017-10-16,蔬菜,元/斤
华中,1.70,none,2018-08-25,湖北省洪湖农贸市场,2.00,1.30,青椒,湖北,none,2017-10-12,蔬菜,元/斤
华中,1.70,none,2018-08-25,湖北省洪湖农贸市场,2.00,1.30,青椒,湖北,none,2017-10-11,蔬菜,元/斤
华中,3.80,none,2018-08-25,湖北省洪湖农贸市场,4.30,3.40,青椒,湖北,none,2018-01-31,蔬菜,元/斤
华中,3.80,none,2018-08-25,湖北省洪湖农贸市场,4.30,3.40,青椒,湖北,none,2018-01-30,蔬菜,元/斤
华中,3.80,none,2018-08-25,湖北省洪湖农贸市场,4.30,3.40,青椒,湖北,none,2018-01-28,蔬菜,元/斤
华中,3.80,none,2018-08-25,湖北省洪湖农贸市场,4.20,3.40,青椒,湖北,none,2018-01-27,蔬菜,元/斤
华中,3.80,none,2018-08-25,湖北省洪湖农贸市场,4.20,3.40,青椒,湖北,none,2018-01-26,蔬菜,元/斤
华中,3.20,none,2018-08-25,湖北省洪湖农贸市场,3.50,3.00,青椒,湖北,none,2018-01-24,蔬菜,元/斤
华中,3.20,none,2018-08-25,湖北省洪湖农贸市场,3.40,3.00,青椒,湖北,none,2018-01-19,蔬菜,元/斤
华中,3.40,none,2018-08-25,湖北省洪湖农贸市场,3.50,3.10,青椒,湖北,none,2018-01-15,蔬菜,元/斤
华中,3.40,none,2018-08-25,湖北省洪湖农贸市场,3.70,3.10,青椒,湖北,none,2018-01-11,蔬菜,元/斤
华中,3.30,none,2018-08-25,湖北省洪湖农贸市场,3.50,3.00,青椒,湖北,none,2018-01-10,蔬菜,元/斤
华中,2.00,none,2018-08-25,湖北省洪湖农贸市场,2.30,1.70,青椒,湖北,none,2018-01-05,蔬菜,元/斤
华中,2.00,none,2018-08-25,湖北省洪湖农贸市场,2.30,1.70,青椒,湖北,none,2018-01-04,蔬菜,元/斤
华中,1.30,none,2018-08-25,湖北省洪湖农贸市场,1.70,1.10,青椒,湖北,none,2017-12-28,蔬菜,元/斤
华中,1.30,none,2018-08-25,湖北省洪湖农贸市场,1.70,1.10,青椒,湖北,none,2017-12-26,蔬菜,元/斤
华中,1.10,none,2018-08-25,湖北省洪湖农贸市场,1.60,0.90,青椒,湖北,none,2017-12-20,蔬菜,元/斤
华中,1.10,none,2018-08-25,湖北省洪湖农贸市场,1.60,0.90,青椒,湖北,none,2017-12-19,蔬菜,元/斤
华中,1.10,none,2018-08-25,湖北省洪湖农贸市场,1.60,0.90,青椒,湖北,none,2017-12-13,蔬菜,元/斤
华中,1.10,none,2018-08-25,湖北省洪湖农贸市场,1.60,0.90,青椒,湖北,none,2017-12-12,蔬菜,元/斤
华中,1.10,none,2018-08-25,湖北省洪湖农贸市场,1.60,0.90,青椒,湖北,none,2017-12-11,蔬菜,元/斤
华中,1.10,none,2018-08-25,湖北省洪湖农贸市场,1.60,0.90,青椒,湖北,none,2017-12-08,蔬菜,元/斤
华中,1.10,none,2018-08-25,湖北省洪湖农贸市场,1.40,0.90,青椒,湖北,none,2017-12-07,蔬菜,元/斤
华中,1.10,none,2018-08-25,湖北省洪湖农贸市场,1.40,0.90,青椒,湖北,none,2017-12-05,蔬菜,元/斤
华中,1.10,none,2018-08-25,湖北省洪湖农贸市场,1.40,0.90,青椒,湖北,none,2017-12-04,蔬菜,元/斤
华中,1.10,none,2018-08-25,湖北省洪湖农贸市场,1.40,0.90,青椒,湖北,none,2017-12-01,蔬菜,元/斤
华中,1.10,none,2018-08-25,湖北省洪湖农贸市场,1.40,0.90,青椒,湖北,none,2017-11-30,蔬菜,元/斤
华中,1.50,none,2018-08-25,湖北省洪湖农贸市场,1.80,1.10,青椒,湖北,none,2018-04-13,蔬菜,元/斤
华中,1.50,none,2018-08-25,湖北省洪湖农贸市场,2.00,1.20,青椒,湖北,none,2018-04-12,蔬菜,元/斤
华中,1.50,none,2018-08-25,湖北省洪湖农贸市场,2.00,1.20,青椒,湖北,none,2018-04-08,蔬菜,元/斤
华中,1.90,none,2018-08-25,湖北省洪湖农贸市场,2.25,1.60,青椒,湖北,none,2018-03-28,蔬菜,元/斤
华中,1.90,none,2018-08-25,湖北省洪湖农贸市场,2.20,1.60,青椒,湖北,none,2018-03-27,蔬菜,元/斤
华中,1.50,none,2018-08-25,湖北省洪湖农贸市场,1.80,1.00,青椒,湖北,none,2018-03-23,蔬菜,元/斤
华中,1.50,none,2018-08-25,湖北省洪湖农贸市场,1.80,1.00,青椒,湖北,none,2018-03-22,蔬菜,元/斤
华中,1.50,none,2018-08-25,湖北省洪湖农贸市场,1.90,1.00,青椒,湖北,none,2018-03-19,蔬菜,元/斤
华中,1.90,none,2018-08-25,湖北省洪湖农贸市场,2.40,1.40,青椒,湖北,none,2018-03-15,蔬菜,元/斤
华中,1.90,none,2018-08-25,湖北省洪湖农贸市场,2.40,1.40,青椒,湖北,none,2018-03-14,蔬菜,元/斤
华中,1.90,none,2018-08-25,湖北省洪湖农贸市场,2.40,1.40,青椒,湖北,none,2018-03-13,蔬菜,元/斤
华中,1.90,none,2018-08-25,湖北省洪湖农贸市场,2.40,1.40,青椒,湖北,none,2018-03-09,蔬菜,元/斤
华中,1.90,none,2018-08-25,湖北省洪湖农贸市场,2.40,1.40,青椒,湖北,none,2018-03-08,蔬菜,元/斤
华中,2.00,none,2018-08-25,湖北省洪湖农贸市场,2.50,1.50,青椒,湖北,none,2018-03-06,蔬菜,元/斤
华中,2.30,none,2018-08-25,湖北省洪湖农贸市场,2.80,1.80,青椒,湖北,none,2018-03-05,蔬菜,元/斤
华中,3.50,none,2018-08-25,湖北省洪湖农贸市场,3.80,3.00,青椒,湖北,none,2018-02-28,蔬菜,元/斤
华中,3.80,none,2018-08-25,湖北省洪湖农贸市场,4.30,3.30,青椒,湖北,none,2018-02-22,蔬菜,元/斤
华中,3.80,none,2018-08-25,湖北省洪湖农贸市场,4.30,3.30,青椒,湖北,none,2018-02-14,蔬菜,元/斤
华中,3.50,none,2018-08-25,湖北省洪湖农贸市场,4.00,3.00,青椒,湖北,none,2018-02-13,蔬菜,元/斤
华中,3.00,none,2018-08-25,湖北省洪湖农贸市场,3.50,2.50,青椒,湖北,none,2018-02-11,蔬菜,元/斤
华中,3.00,none,2018-08-25,湖北省洪湖农贸市场,3.50,2.50,青椒,湖北,none,2018-02-08,蔬菜,元/斤
华中,3.00,none,2018-08-25,湖北省洪湖农贸市场,3.50,2.50,青椒,湖北,none,2018-02-06,蔬菜,元/斤
华中,3.00,none,2018-08-25,湖北省洪湖农贸市场,3.50,2.50,青椒,湖北,none,2018-02-05,蔬菜,元/斤
华中,3.40,none,2018-08-25,湖北省洪湖农贸市场,3.90,2.90,青椒,湖北,none,2018-02-02,蔬菜,元/斤
华中,3.50,none,2018-08-25,湖北省洪湖农贸市场,4.00,3.00,青椒,湖北,none,2018-02-01,蔬菜,元/斤
华中,1.20,none,2018-08-25,湖北省洪湖农贸市场,1.40,1.00,韭菜,湖北,none,2017-05-08,蔬菜,元/斤
华中,1.20,none,2018-08-25,湖北省洪湖农贸市场,1.40,1.00,韭菜,湖北,none,2017-05-05,蔬菜,元/斤
华中,1.20,none,2018-08-25,湖北省洪湖农贸市场,1.40,1.00,韭菜,湖北,none,2017-05-04,蔬菜,元/斤
华中,1.20,none,2018-08-25,湖北省洪湖农贸市场,1.40,1.00,韭菜,湖北,none,2017-05-03,蔬菜,元/斤
华中,1.20,none,2018-08-25,湖北省洪湖农贸市场,1.40,1.00,韭菜,湖北,none,2017-05-02,蔬菜,元/斤
华中,1.20,none,2018-08-25,湖北省洪湖农贸市场,1.40,1.00,韭菜,湖北,none,2017-04-28,蔬菜,元/斤
华中,1.20,none,2018-08-25,湖北省洪湖农贸市场,1.40,1.00,韭菜,湖北,none,2017-04-27,蔬菜,元/斤
华中,1.20,none,2018-08-25,湖北省洪湖农贸市场,1.40,1.00,韭菜,湖北,none,2017-04-26,蔬菜,元/斤
华中,1.30,none,2018-08-25,湖北省洪湖农贸市场,1.50,1.00,韭菜,湖北,none,2017-04-20,蔬菜,元/斤
华中,1.30,none,2018-08-25,湖北省洪湖农贸市场,1.50,1.00,韭菜,湖北,none,2017-04-18,蔬菜,元/斤
华中,1.30,none,2018-08-25,湖北省洪湖农贸市场,1.50,1.00,韭菜,湖北,none,2017-04-17,蔬菜,元/斤
华中,1.30,none,2018-08-25,湖北省洪湖农贸市场,1.50,1.00,韭菜,湖北,none,2017-04-14,蔬菜,元/斤
华中,1.30,none,2018-08-25,湖北省洪湖农贸市场,1.50,1.00,韭菜,湖北,none,2017-04-13,蔬菜,元/斤
华中,1.30,none,2018-08-25,湖北省洪湖农贸市场,1.50,1.00,韭菜,湖北,none,2017-04-12,蔬菜,元/斤
华中,1.30,none,2018-08-25,湖北省洪湖农贸市场,1.50,1.00,韭菜,湖北,none,2017-04-11,蔬菜,元/斤
华中,1.30,none,2018-08-25,湖北省洪湖农贸市场,1.50,1.00,韭菜,湖北,none,2017-04-10,蔬菜,元/斤
华中,1.30,none,2018-08-25,湖北省洪湖农贸市场,1.50,1.00,韭菜,湖北,none,2017-04-06,蔬菜,元/斤
华中,1.30,none,2018-08-25,湖北省洪湖农贸市场,1.50,1.00,韭菜,湖北,none,2017-04-05,蔬菜,元/斤
华中,1.50,none,2018-08-25,湖北省洪湖农贸市场,1.90,1.30,韭菜,湖北,none,2017-04-01,蔬菜,元/斤
华中,1.50,none,2018-08-25,湖北省洪湖农贸市场,1.90,1.30,韭菜,湖北,none,2017-03-31,蔬菜,元/斤
华中,1.50,none,2018-08-25,湖北省洪湖农贸市场,1.90,1.30,韭菜,湖北,none,2017-03-30,蔬菜,元/斤
华中,1.50,none,2018-08-25,湖北省洪湖农贸市场,1.90,1.30,韭菜,湖北,none,2017-03-28,蔬菜,元/斤
华中,1.50,none,2018-08-25,湖北省洪湖农贸市场,1.90,1.30,韭菜,湖北,none,2017-03-23,蔬菜,元/斤
华中,1.50,none,2018-08-25,湖北省洪湖农贸市场,1.90,1.30,韭菜,湖北,none,2017-03-22,蔬菜,元/斤
华中,1.60,none,2018-08-25,湖北省洪湖农贸市场,2.00,1.40,韭菜,湖北,none,2017-03-21,蔬菜,元/斤
华中,1.00,none,2018-08-25,湖北省洪湖农贸市场,1.20,0.80,韭菜,湖北,none,2017-06-30,蔬菜,元/斤
华中,1.00,none,2018-08-25,湖北省洪湖农贸市场,1.20,0.80,韭菜,湖北,none,2017-06-29,蔬菜,元/斤
华中,1.00,none,2018-08-25,湖北省洪湖农贸市场,1.20,0.80,韭菜,湖北,none,2017-06-27,蔬菜,元/斤
华中,1.00,none,2018-08-25,湖北省洪湖农贸市场,1.20,0.80,韭菜,湖北,none,2017-06-26,蔬菜,元/斤
华中,1.00,none,2018-08-25,湖北省洪湖农贸市场,1.20,0.80,韭菜,湖北,none,2017-06-23,蔬菜,元/斤
华中,1.00,none,2018-08-25,湖北省洪湖农贸市场,1.20,0.80,韭菜,湖北,none,2017-06-21,蔬菜,元/斤
华中,1.00,none,2018-08-25,湖北省洪湖农贸市场,1.20,0.80,韭菜,湖北,none,2017-06-20,蔬菜,元/斤
华中,1.00,none,2018-08-25,湖北省洪湖农贸市场,1.20,0.80,韭菜,湖北,none,2017-06-15,蔬菜,元/斤
华中,1.00,none,2018-08-25,湖北省洪湖农贸市场,1.20,0.80,韭菜,湖北,none,2017-06-14,蔬菜,元/斤
华中,1.00,none,2018-08-25,湖北省洪湖农贸市场,1.20,0.80,韭菜,湖北,none,2017-06-13,蔬菜,元/斤
华中,1.00,none,2018-08-25,湖北省洪湖农贸市场,1.20,0.80,韭菜,湖北,none,2017-06-12,蔬菜,元/斤
华中,1.00,none,2018-08-25,湖北省洪湖农贸市场,1.20,0.80,韭菜,湖北,none,2017-06-09,蔬菜,元/斤
华中,1.00,none,2018-08-25,湖北省洪湖农贸市场,1.20,0.80,韭菜,湖北,none,2017-06-08,蔬菜,元/斤
华中,1.00,none,2018-08-25,湖北省洪湖农贸市场,1.20,0.80,韭菜,湖北,none,2017-06-06,蔬菜,元/斤
华中,1.00,none,2018-08-25,湖北省洪湖农贸市场,1.20,0.80,韭菜,湖北,none,2017-06-05,蔬菜,元/斤
华中,1.00,none,2018-08-25,湖北省洪湖农贸市场,1.20,0.80,韭菜,湖北,none,2017-06-01,蔬菜,元/斤
华中,1.00,none,2018-08-25,湖北省洪湖农贸市场,1.20,0.80,韭菜,湖北,none,2017-05-31,蔬菜,元/斤
华中,1.20,none,2018-08-25,湖北省洪湖农贸市场,1.40,1.00,韭菜,湖北,none,2017-05-24,蔬菜,元/斤
华中,1.20,none,2018-08-25,湖北省洪湖农贸市场,1.40,1.00,韭菜,湖北,none,2017-05-23,蔬菜,元/斤
华中,1.20,none,2018-08-25,湖北省洪湖农贸市场,1.40,1.00,韭菜,湖北,none,2017-05-22,蔬菜,元/斤
华中,1.20,none,2018-08-25,湖北省洪湖农贸市场,1.40,1.00,韭菜,湖北,none,2017-05-17,蔬菜,元/斤
华中,1.20,none,2018-08-25,湖北省洪湖农贸市场,1.40,1.00,韭菜,湖北,none,2017-05-15,蔬菜,元/斤
华中,1.20,none,2018-08-25,湖北省洪湖农贸市场,1.40,1.00,韭菜,湖北,none,2017-05-12,蔬菜,元/斤
华中,1.20,none,2018-08-25,湖北省洪湖农贸市场,1.40,1.00,韭菜,湖北,none,2017-05-10,蔬菜,元/斤
华中,1.20,none,2018-08-25,湖北省洪湖农贸市场,1.40,1.00,韭菜,湖北,none,2017-05-09,蔬菜,元/斤
华中,1.50,none,2018-08-25,湖北省洪湖农贸市场,1.70,1.30,韭菜,湖北,none,2017-08-16,蔬菜,元/斤
华中,1.50,none,2018-08-25,湖北省洪湖农贸市场,1.70,1.30,韭菜,湖北,none,2017-08-15,蔬菜,元/斤
华中,1.50,none,2018-08-25,湖北省洪湖农贸市场,1.70,1.30,韭菜,湖北,none,2017-08-14,蔬菜,元/斤
华中,1.30,none,2018-08-25,湖北省洪湖农贸市场,1.50,1.10,韭菜,湖北,none,2017-08-10,蔬菜,元/斤
华中,1.30,none,2018-08-25,湖北省洪湖农贸市场,1.50,1.10,韭菜,湖北,none,2017-08-08,蔬菜,元/斤
华中,1.00,none,2018-08-25,湖北省洪湖农贸市场,1.20,0.80,韭菜,湖北,none,2017-08-03,蔬菜,元/斤
华中,1.00,none,2018-08-25,湖北省洪湖农贸市场,1.20,0.80,韭菜,湖北,none,2017-08-02,蔬菜,元/斤
华中,1.00,none,2018-08-25,湖北省洪湖农贸市场,1.20,0.80,韭菜,湖北,none,2017-07-28,蔬菜,元/斤
华中,1.00,none,2018-08-25,湖北省洪湖农贸市场,1.20,0.80,韭菜,湖北,none,2017-07-27,蔬菜,元/斤
华中,1.00,none,2018-08-25,湖北省洪湖农贸市场,1.20,0.80,韭菜,湖北,none,2017-07-26,蔬菜,元/斤
华中,1.00,none,2018-08-25,湖北省洪湖农贸市场,1.20,0.80,韭菜,湖北,none,2017-07-25,蔬菜,元/斤
华中,1.00,none,2018-08-25,湖北省洪湖农贸市场,1.20,0.80,韭菜,湖北,none,2017-07-24,蔬菜,元/斤
华中,1.00,none,2018-08-25,湖北省洪湖农贸市场,1.20,0.80,韭菜,湖北,none,2017-07-21,蔬菜,元/斤
华中,1.00,none,2018-08-25,湖北省洪湖农贸市场,1.20,0.80,韭菜,湖北,none,2017-07-20,蔬菜,元/斤
华中,1.00,none,2018-08-25,湖北省洪湖农贸市场,1.20,0.80,韭菜,湖北,none,2017-07-19,蔬菜,元/斤
华中,1.00,none,2018-08-25,湖北省洪湖农贸市场,1.20,0.80,韭菜,湖北,none,2017-07-13,蔬菜,元/斤
华中,1.00,none,2018-08-25,湖北省洪湖农贸市场,1.20,0.80,韭菜,湖北,none,2017-07-12,蔬菜,元/斤
华中,1.00,none,2018-08-25,湖北省洪湖农贸市场,1.20,0.80,韭菜,湖北,none,2017-07-11,蔬菜,元/斤
华中,1.00,none,2018-08-25,湖北省洪湖农贸市场,1.20,0.80,韭菜,湖北,none,2017-07-10,蔬菜,元/斤
华中,1.00,none,2018-08-25,湖北省洪湖农贸市场,1.20,0.80,韭菜,湖北,none,2017-07-08,蔬菜,元/斤
华中,1.00,none,2018-08-25,湖北省洪湖农贸市场,1.20,0.80,韭菜,湖北,none,2017-07-07,蔬菜,元/斤
华中,1.00,none,2018-08-25,湖北省洪湖农贸市场,1.20,0.80,韭菜,湖北,none,2017-07-06,蔬菜,元/斤
华中,1.00,none,2018-08-25,湖北省洪湖农贸市场,1.20,0.80,韭菜,湖北,none,2017-07-05,蔬菜,元/斤
华中,1.00,none,2018-08-25,湖北省洪湖农贸市场,1.20,0.80,韭菜,湖北,none,2017-07-04,蔬菜,元/斤
华中,1.00,none,2018-08-25,湖北省洪湖农贸市场,1.20,0.80,韭菜,湖北,none,2017-07-03,蔬菜,元/斤
华中,1.70,none,2018-08-25,湖北省洪湖农贸市场,2.00,1.50,韭菜,湖北,none,2017-10-16,蔬菜,元/斤
华中,1.70,none,2018-08-25,湖北省洪湖农贸市场,2.00,1.50,韭菜,湖北,none,2017-10-13,蔬菜,元/斤
华中,2.00,none,2018-08-25,湖北省洪湖农贸市场,2.50,1.50,韭菜,湖北,none,2017-10-12,蔬菜,元/斤
华中,2.50,none,2018-08-25,湖北省洪湖农贸市场,3.00,2.00,韭菜,湖北,none,2017-10-11,蔬菜,元/斤
华中,2.50,none,2018-08-25,湖北省洪湖农贸市场,3.00,2.00,韭菜,湖北,none,2017-10-09,蔬菜,元/斤
华中,1.70,none,2018-08-25,湖北省洪湖农贸市场,2.00,1.50,韭菜,湖北,none,2017-09-30,蔬菜,元/斤
华中,1.70,none,2018-08-25,湖北省洪湖农贸市场,2.00,1.50,韭菜,湖北,none,2017-09-29,蔬菜,元/斤
华中,1.70,none,2018-08-25,湖北省洪湖农贸市场,2.00,1.50,韭菜,湖北,none,2017-09-28,蔬菜,元/斤
华中,1.70,none,2018-08-25,湖北省洪湖农贸市场,2.00,1.50,韭菜,湖北,none,2017-09-27,蔬菜,元/斤
华中,1.70,none,2018-08-25,湖北省洪湖农贸市场,2.00,1.50,韭菜,湖北,none,2017-09-26,蔬菜,元/斤
华中,1.70,none,2018-08-25,湖北省洪湖农贸市场,2.00,1.50,韭菜,湖北,none,2017-09-22,蔬菜,元/斤
华中,1.70,none,2018-08-25,湖北省洪湖农贸市场,2.00,1.50,韭菜,湖北,none,2017-09-21,蔬菜,元/斤
华中,1.70,none,2018-08-25,湖北省洪湖农贸市场,2.00,1.50,韭菜,湖北,none,2017-09-20,蔬菜,元/斤
华中,1.70,none,2018-08-25,湖北省洪湖农贸市场,2.00,1.50,韭菜,湖北,none,2017-09-19,蔬菜,元/斤
华中,1.50,none,2018-08-25,湖北省洪湖农贸市场,1.70,1.30,韭菜,湖北,none,2017-09-08,蔬菜,元/斤
华中,1.50,none,2018-08-25,湖北省洪湖农贸市场,1.70,1.30,韭菜,湖北,none,2017-09-07,蔬菜,元/斤
华中,1.60,none,2018-08-25,湖北省洪湖农贸市场,1.80,1.40,韭菜,湖北,none,2017-09-04,蔬菜,元/斤
华中,1.70,none,2018-08-25,湖北省洪湖农贸市场,1.90,1.50,韭菜,湖北,none,2017-09-01,蔬菜,元/斤
华中,1.70,none,2018-08-25,湖北省洪湖农贸市场,1.90,1.50,韭菜,湖北,none,2017-08-31,蔬菜,元/斤
华中,1.70,none,2018-08-25,湖北省洪湖农贸市场,1.90,1.50,韭菜,湖北,none,2017-08-30,蔬菜,元/斤
华中,1.70,none,2018-08-25,湖北省洪湖农贸市场,1.90,1.50,韭菜,湖北,none,2017-08-29,蔬菜,元/斤
华中,1.50,none,2018-08-25,湖北省洪湖农贸市场,1.70,1.30,韭菜,湖北,none,2017-08-24,蔬菜,元/斤
华中,1.50,none,2018-08-25,湖北省洪湖农贸市场,1.70,1.30,韭菜,湖北,none,2017-08-22,蔬菜,元/斤
华中,1.50,none,2018-08-25,湖北省洪湖农贸市场,1.70,1.30,韭菜,湖北,none,2017-08-21,蔬菜,元/斤
华中,1.50,none,2018-08-25,湖北省洪湖农贸市场,1.70,1.30,韭菜,湖北,none,2017-08-18,蔬菜,元/斤
华中,2.00,none,2018-08-25,湖北省洪湖农贸市场,2.30,1.80,韭菜,湖北,none,2017-11-28,蔬菜,元/斤
华中,2.00,none,2018-08-25,湖北省洪湖农贸市场,2.30,1.80,韭菜,湖北,none,2017-11-27,蔬菜,元/斤
华中,2.00,none,2018-08-25,湖北省洪湖农贸市场,2.30,1.80,韭菜,湖北,none,2017-11-23,蔬菜,元/斤
华中,2.00,none,2018-08-25,湖北省洪湖农贸市场,2.30,1.80,韭菜,湖北,none,2017-11-22,蔬菜,元/斤
华中,2.00,none,2018-08-25,湖北省洪湖农贸市场,2.30,1.80,韭菜,湖北,none,2017-11-21,蔬菜,元/斤
华中,2.00,none,2018-08-25,湖北省洪湖农贸市场,2.30,1.80,韭菜,湖北,none,2017-11-20,蔬菜,元/斤
华中,2.00,none,2018-08-25,湖北省洪湖农贸市场,2.30,1.80,韭菜,湖北,none,2017-11-17,蔬菜,元/斤
华中,2.00,none,2018-08-25,湖北省洪湖农贸市场,2.30,1.80,韭菜,湖北,none,2017-11-16,蔬菜,元/斤
华中,2.00,none,2018-08-25,湖北省洪湖农贸市场,2.30,1.80,韭菜,湖北,none,2017-11-14,蔬菜,元/斤
华中,2.00,none,2018-08-25,湖北省洪湖农贸市场,2.30,1.80,韭菜,湖北,none,2017-11-13,蔬菜,元/斤
华中,1.70,none,2018-08-25,湖北省洪湖农贸市场,2.00,1.50,韭菜,湖北,none,2017-11-10,蔬菜,元/斤
华中,1.70,none,2018-08-25,湖北省洪湖农贸市场,2.00,1.50,韭菜,湖北,none,2017-11-09,蔬菜,元/斤
华中,1.70,none,2018-08-25,湖北省洪湖农贸市场,2.00,1.50,韭菜,湖北,none,2017-11-08,蔬菜,元/斤
华中,1.70,none,2018-08-25,湖北省洪湖农贸市场,2.00,1.50,韭菜,湖北,none,2017-11-07,蔬菜,元/斤
华中,1.70,none,2018-08-25,湖北省洪湖农贸市场,2.00,1.50,韭菜,湖北,none,2017-11-06,蔬菜,元/斤
华中,1.70,none,2018-08-25,湖北省洪湖农贸市场,2.00,1.50,韭菜,湖北,none,2017-11-03,蔬菜,元/斤
华中,1.70,none,2018-08-25,湖北省洪湖农贸市场,2.00,1.50,韭菜,湖北,none,2017-11-02,蔬菜,元/斤
华中,1.70,none,2018-08-25,湖北省洪湖农贸市场,2.00,1.50,韭菜,湖北,none,2017-11-01,蔬菜,元/斤
华中,1.70,none,2018-08-25,湖北省洪湖农贸市场,2.00,1.50,韭菜,湖北,none,2017-10-27,蔬菜,元/斤
华中,1.70,none,2018-08-25,湖北省洪湖农贸市场,2.00,1.50,韭菜,湖北,none,2017-10-26,蔬菜,元/斤
华中,1.70,none,2018-08-25,湖北省洪湖农贸市场,2.00,1.50,韭菜,湖北,none,2017-10-25,蔬菜,元/斤
华中,1.70,none,2018-08-25,湖北省洪湖农贸市场,2.00,1.50,韭菜,湖北,none,2017-10-24,蔬菜,元/斤
华中,1.70,none,2018-08-25,湖北省洪湖农贸市场,2.00,1.50,韭菜,湖北,none,2017-10-20,蔬菜,元/斤
华中,1.70,none,2018-08-25,湖北省洪湖农贸市场,2.00,1.50,韭菜,湖北,none,2017-10-19,蔬菜,元/斤
华中,1.70,none,2018-08-25,湖北省洪湖农贸市场,2.00,1.50,韭菜,湖北,none,2017-10-18,蔬菜,元/斤
华中,3.30,none,2018-08-25,湖北省洪湖农贸市场,3.80,3.00,韭菜,湖北,none,2018-01-17,蔬菜,元/斤
华中,3.30,none,2018-08-25,湖北省洪湖农贸市场,3.80,3.00,韭菜,湖北,none,2018-01-15,蔬菜,元/斤
华中,3.30,none,2018-08-25,湖北省洪湖农贸市场,3.80,3.00,韭菜,湖北,none,2018-01-12,蔬菜,元/斤
华中,3.30,none,2018-08-25,湖北省洪湖农贸市场,3.80,3.00,韭菜,湖北,none,2018-01-11,蔬菜,元/斤
华中,3.30,none,2018-08-25,湖北省洪湖农贸市场,3.70,3.00,韭菜,湖北,none,2018-01-10,蔬菜,元/斤
华中,3.30,none,2018-08-25,湖北省洪湖农贸市场,3.50,3.00,韭菜,湖北,none,2018-01-09,蔬菜,元/斤
华中,2.80,none,2018-08-25,湖北省洪湖农贸市场,3.00,2.50,韭菜,湖北,none,2018-01-05,蔬菜,元/斤
华中,2.60,none,2018-08-25,湖北省洪湖农贸市场,2.80,2.30,韭菜,湖北,none,2018-01-04,蔬菜,元/斤
华中,2.00,none,2018-08-25,湖北省洪湖农贸市场,2.30,1.80,韭菜,湖北,none,2018-01-03,蔬菜,元/斤
华中,2.00,none,2018-08-25,湖北省洪湖农贸市场,2.30,1.80,韭菜,湖北,none,2017-12-28,蔬菜,元/斤
华中,2.00,none,2018-08-25,湖北省洪湖农贸市场,2.30,1.80,韭菜,湖北,none,2017-12-26,蔬菜,元/斤
华中,2.00,none,2018-08-25,湖北省洪湖农贸市场,2.30,1.80,韭菜,湖北,none,2017-12-22,蔬菜,元/斤
华中,2.00,none,2018-08-25,湖北省洪湖农贸市场,2.30,1.80,韭菜,湖北,none,2017-12-20,蔬菜,元/斤
华中,2.00,none,2018-08-25,湖北省洪湖农贸市场,2.30,1.80,韭菜,湖北,none,2017-12-19,蔬菜,元/斤
华中,2.00,none,2018-08-25,湖北省洪湖农贸市场,2.30,1.80,韭菜,湖北,none,2017-12-13,蔬菜,元/斤
华中,2.00,none,2018-08-25,湖北省洪湖农贸市场,2.30,1.80,韭菜,湖北,none,2017-12-12,蔬菜,元/斤
华中,2.00,none,2018-08-25,湖北省洪湖农贸市场,2.30,1.80,韭菜,湖北,none,2017-12-11,蔬菜,元/斤
华中,2.00,none,2018-08-25,湖北省洪湖农贸市场,2.30,1.80,韭菜,湖北,none,2017-12-08,蔬菜,元/斤
华中,2.00,none,2018-08-25,湖北省洪湖农贸市场,2.30,1.80,韭菜,湖北,none,2017-12-07,蔬菜,元/斤
华中,2.00,none,2018-08-25,湖北省洪湖农贸市场,2.30,1.80,韭菜,湖北,none,2017-12-06,蔬菜,元/斤
华中,2.00,none,2018-08-25,湖北省洪湖农贸市场,2.30,1.80,韭菜,湖北,none,2017-12-05,蔬菜,元/斤
华中,2.00,none,2018-08-25,湖北省洪湖农贸市场,2.30,1.80,韭菜,湖北,none,2017-12-04,蔬菜,元/斤
华中,2.00,none,2018-08-25,湖北省洪湖农贸市场,2.30,1.80,韭菜,湖北,none,2017-12-01,蔬菜,元/斤
华中,2.00,none,2018-08-25,湖北省洪湖农贸市场,2.30,1.80,韭菜,湖北,none,2017-11-30,蔬菜,元/斤
华中,2.00,none,2018-08-25,湖北省洪湖农贸市场,2.30,1.80,韭菜,湖北,none,2017-11-29,蔬菜,元/斤
华中,2.40,none,2018-08-25,湖北省洪湖农贸市场,2.70,2.00,韭菜,湖北,none,2018-03-07,蔬菜,元/斤
华中,2.40,none,2018-08-25,湖北省洪湖农贸市场,2.70,2.00,韭菜,湖北,none,2018-03-06,蔬菜,元/斤
华中,2.50,none,2018-08-25,湖北省洪湖农贸市场,2.80,2.30,韭菜,湖北,none,2018-03-05,蔬菜,元/斤
华中,3.00,none,2018-08-25,湖北省洪湖农贸市场,3.30,2.80,韭菜,湖北,none,2018-03-02,蔬菜,元/斤
华中,3.00,none,2018-08-25,湖北省洪湖农贸市场,3.30,2.80,韭菜,湖北,none,2018-02-28,蔬菜,元/斤
华中,3.00,none,2018-08-25,湖北省洪湖农贸市场,3.30,2.80,韭菜,湖北,none,2018-02-26,蔬菜,元/斤
华中,3.00,none,2018-08-25,湖北省洪湖农贸市场,3.30,2.80,韭菜,湖北,none,2018-02-22,蔬菜,元/斤
华中,3.00,none,2018-08-25,湖北省洪湖农贸市场,3.30,2.80,韭菜,湖北,none,2018-02-14,蔬菜,元/斤
华中,3.00,none,2018-08-25,湖北省洪湖农贸市场,3.30,2.80,韭菜,湖北,none,2018-02-13,蔬菜,元/斤
华中,3.30,none,2018-08-25,湖北省洪湖农贸市场,3.50,3.00,韭菜,湖北,none,2018-02-11,蔬菜,元/斤
华中,3.30,none,2018-08-25,湖北省洪湖农贸市场,3.50,3.00,韭菜,湖北,none,2018-02-08,蔬菜,元/斤
华中,3.30,none,2018-08-25,湖北省洪湖农贸市场,3.50,3.00,韭菜,湖北,none,2018-02-06,蔬菜,元/斤
华中,3.30,none,2018-08-25,湖北省洪湖农贸市场,3.50,3.00,韭菜,湖北,none,2018-02-05,蔬菜,元/斤
华中,3.30,none,2018-08-25,湖北省洪湖农贸市场,3.50,3.00,韭菜,湖北,none,2018-02-02,蔬菜,元/斤
华中,3.30,none,2018-08-25,湖北省洪湖农贸市场,3.50,3.00,韭菜,湖北,none,2018-02-01,蔬菜,元/斤
华中,3.30,none,2018-08-25,湖北省洪湖农贸市场,3.50,3.00,韭菜,湖北,none,2018-01-31,蔬菜,元/斤
华中,3.30,none,2018-08-25,湖北省洪湖农贸市场,3.50,3.00,韭菜,湖北,none,2018-01-30,蔬菜,元/斤
华中,3.30,none,2018-08-25,湖北省洪湖农贸市场,3.50,3.00,韭菜,湖北,none,2018-01-29,蔬菜,元/斤
华中,3.30,none,2018-08-25,湖北省洪湖农贸市场,3.80,3.00,韭菜,湖北,none,2018-01-28,蔬菜,元/斤
华中,3.30,none,2018-08-25,湖北省洪湖农贸市场,3.80,3.00,韭菜,湖北,none,2018-01-27,蔬菜,元/斤
华中,3.30,none,2018-08-25,湖北省洪湖农贸市场,3.80,3.00,韭菜,湖北,none,2018-01-26,蔬菜,元/斤
华中,3.30,none,2018-08-25,湖北省洪湖农贸市场,3.80,3.00,韭菜,湖北,none,2018-01-25,蔬菜,元/斤
华中,3.30,none,2018-08-25,湖北省洪湖农贸市场,3.80,3.00,韭菜,湖北,none,2018-01-24,蔬菜,元/斤
华中,3.30,none,2018-08-25,湖北省洪湖农贸市场,3.80,3.00,韭菜,湖北,none,2018-01-23,蔬菜,元/斤
华中,3.30,none,2018-08-25,湖北省洪湖农贸市场,3.80,3.00,韭菜,湖北,none,2018-01-19,蔬菜,元/斤
华中,1.50,none,2018-08-25,湖北省洪湖农贸市场,1.90,1.00,韭菜,湖北,none,2018-04-26,蔬菜,元/斤
华中,1.50,none,2018-08-25,湖北省洪湖农贸市场,1.90,1.00,韭菜,湖北,none,2018-04-25,蔬菜,元/斤
华中,1.50,none,2018-08-25,湖北省洪湖农贸市场,1.90,1.00,韭菜,湖北,none,2018-04-24,蔬菜,元/斤
华中,1.50,none,2018-08-25,湖北省洪湖农贸市场,1.90,1.00,韭菜,湖北,none,2018-04-20,蔬菜,元/斤
华中,1.50,none,2018-08-25,湖北省洪湖农贸市场,1.90,1.00,韭菜,湖北,none,2018-04-19,蔬菜,元/斤
华中,1.50,none,2018-08-25,湖北省洪湖农贸市场,1.90,1.00,韭菜,湖北,none,2018-04-17,蔬菜,元/斤
华中,1.50,none,2018-08-25,湖北省洪湖农贸市场,1.90,1.00,韭菜,湖北,none,2018-04-16,蔬菜,元/斤
华中,1.50,none,2018-08-25,湖北省洪湖农贸市场,1.90,1.00,韭菜,湖北,none,2018-04-13,蔬菜,元/斤
华中,1.50,none,2018-08-25,湖北省洪湖农贸市场,1.90,1.00,韭菜,湖北,none,2018-04-12,蔬菜,元/斤
华中,1.50,none,2018-08-25,湖北省洪湖农贸市场,1.90,1.00,韭菜,湖北,none,2018-04-08,蔬菜,元/斤
华中,1.80,none,2018-08-25,湖北省洪湖农贸市场,2.20,1.40,韭菜,湖北,none,2018-03-30,蔬菜,元/斤
华中,1.80,none,2018-08-25,湖北省洪湖农贸市场,2.20,1.40,韭菜,湖北,none,2018-03-29,蔬菜,元/斤
华中,1.80,none,2018-08-25,湖北省洪湖农贸市场,2.20,1.40,韭菜,湖北,none,2018-03-28,蔬菜,元/斤
华中,1.80,none,2018-08-25,湖北省洪湖农贸市场,2.20,1.40,韭菜,湖北,none,2018-03-27,蔬菜,元/斤
华中,1.80,none,2018-08-25,湖北省洪湖农贸市场,2.20,1.40,韭菜,湖北,none,2018-03-26,蔬菜,元/斤
华中,1.80,none,2018-08-25,湖北省洪湖农贸市场,2.20,1.40,韭菜,湖北,none,2018-03-23,蔬菜,元/斤
华中,1.80,none,2018-08-25,湖北省洪湖农贸市场,2.20,1.40,韭菜,湖北,none,2018-03-22,蔬菜,元/斤
华中,1.80,none,2018-08-25,湖北省洪湖农贸市场,2.20,1.40,韭菜,湖北,none,2018-03-21,蔬菜,元/斤
华中,1.80,none,2018-08-25,湖北省洪湖农贸市场,2.20,1.40,韭菜,湖北,none,2018-03-19,蔬菜,元/斤
华中,2.40,none,2018-08-25,湖北省洪湖农贸市场,2.70,2.00,韭菜,湖北,none,2018-03-15,蔬菜,元/斤
华中,2.40,none,2018-08-25,湖北省洪湖农贸市场,2.70,2.00,韭菜,湖北,none,2018-03-14,蔬菜,元/斤
华中,2.40,none,2018-08-25,湖北省洪湖农贸市场,2.70,2.00,韭菜,湖北,none,2018-03-13,蔬菜,元/斤
华中,2.40,none,2018-08-25,湖北省洪湖农贸市场,2.70,2.00,韭菜,湖北,none,2018-03-12,蔬菜,元/斤
华中,2.40,none,2018-08-25,湖北省洪湖农贸市场,2.70,2.00,韭菜,湖北,none,2018-03-09,蔬菜,元/斤
华中,2.40,none,2018-08-25,湖北省洪湖农贸市场,2.70,2.00,韭菜,湖北,none,2018-03-08,蔬菜,元/斤
华中,0.30,none,2018-08-25,湖北省洪湖农贸市场,0.40,0.20,白萝卜,湖北,none,2017-04-20,蔬菜,元/斤
华中,0.30,none,2018-08-25,湖北省洪湖农贸市场,0.40,0.20,白萝卜,湖北,none,2017-04-18,蔬菜,元/斤
华中,0.30,none,2018-08-25,湖北省洪湖农贸市场,0.40,0.20,白萝卜,湖北,none,2017-04-17,蔬菜,元/斤
华中,0.30,none,2018-08-25,湖北省洪湖农贸市场,0.40,0.20,白萝卜,湖北,none,2017-04-14,蔬菜,元/斤
华中,0.30,none,2018-08-25,湖北省洪湖农贸市场,0.40,0.20,白萝卜,湖北,none,2017-04-13,蔬菜,元/斤
华中,0.30,none,2018-08-25,湖北省洪湖农贸市场,0.40,0.20,白萝卜,湖北,none,2017-04-12,蔬菜,元/斤
华中,0.30,none,2018-08-25,湖北省洪湖农贸市场,0.40,0.20,白萝卜,湖北,none,2017-04-11,蔬菜,元/斤
华中,0.30,none,2018-08-25,湖北省洪湖农贸市场,0.40,0.20,白萝卜,湖北,none,2017-04-10,蔬菜,元/斤
华中,0.30,none,2018-08-25,湖北省洪湖农贸市场,0.40,0.20,白萝卜,湖北,none,2017-04-06,蔬菜,元/斤
华中,0.30,none,2018-08-25,湖北省洪湖农贸市场,0.40,0.20,白萝卜,湖北,none,2017-04-05,蔬菜,元/斤
华中,0.30,none,2018-08-25,湖北省洪湖农贸市场,0.40,0.20,白萝卜,湖北,none,2017-04-01,蔬菜,元/斤
华中,0.30,none,2018-08-25,湖北省洪湖农贸市场,0.40,0.20,白萝卜,湖北,none,2017-03-31,蔬菜,元/斤
华中,0.30,none,2018-08-25,湖北省洪湖农贸市场,0.40,0.20,白萝卜,湖北,none,2017-03-30,蔬菜,元/斤
华中,0.30,none,2018-08-25,湖北省洪湖农贸市场,0.40,0.20,白萝卜,湖北,none,2017-03-29,蔬菜,元/斤
华中,0.30,none,2018-08-25,湖北省洪湖农贸市场,0.40,0.20,白萝卜,湖北,none,2017-03-28,蔬菜,元/斤
华中,0.30,none,2018-08-25,湖北省洪湖农贸市场,0.40,0.20,白萝卜,湖北,none,2017-03-23,蔬菜,元/斤
华中,0.30,none,2018-08-25,湖北省洪湖农贸市场,0.40,0.20,白萝卜,湖北,none,2017-03-22,蔬菜,元/斤
华中,0.30,none,2018-08-25,湖北省洪湖农贸市场,0.40,0.20,白萝卜,湖北,none,2017-03-21,蔬菜,元/斤
华中,0.30,none,2018-08-25,湖北省洪湖农贸市场,0.40,0.20,白萝卜,湖北,none,2017-03-20,蔬菜,元/斤
华中,0.30,none,2018-08-25,湖北省洪湖农贸市场,0.40,0.20,白萝卜,湖北,none,2017-03-17,蔬菜,元/斤
华中,0.30,none,2018-08-25,湖北省洪湖农贸市场,0.50,0.20,白萝卜,湖北,none,2017-03-07,蔬菜,元/斤
华中,0.30,none,2018-08-25,湖北省洪湖农贸市场,0.50,0.20,白萝卜,湖北,none,2017-03-04,蔬菜,元/斤
华中,0.30,none,2018-08-25,湖北省洪湖农贸市场,0.50,0.20,白萝卜,湖北,none,2017-03-03,蔬菜,元/斤
华中,0.30,none,2018-08-25,湖北省洪湖农贸市场,0.50,0.20,白萝卜,湖北,none,2017-03-02,蔬菜,元/斤
华中,0.30,none,2018-08-25,湖北省洪湖农贸市场,0.50,0.20,白萝卜,湖北,none,2017-03-01,蔬菜,元/斤
华中,0.30,none,2018-08-25,湖北省洪湖农贸市场,0.40,0.20,白萝卜,湖北,none,2017-06-14,蔬菜,元/斤
华中,0.30,none,2018-08-25,湖北省洪湖农贸市场,0.40,0.20,白萝卜,湖北,none,2017-06-13,蔬菜,元/斤
华中,0.30,none,2018-08-25,湖北省洪湖农贸市场,0.40,0.20,白萝卜,湖北,none,2017-06-12,蔬菜,元/斤
华中,0.30,none,2018-08-25,湖北省洪湖农贸市场,0.40,0.20,白萝卜,湖北,none,2017-06-08,蔬菜,元/斤
华中,0.30,none,2018-08-25,湖北省洪湖农贸市场,0.40,0.20,白萝卜,湖北,none,2017-06-06,蔬菜,元/斤
华中,0.30,none,2018-08-25,湖北省洪湖农贸市场,0.40,0.20,白萝卜,湖北,none,2017-06-05,蔬菜,元/斤
华中,0.30,none,2018-08-25,湖北省洪湖农贸市场,0.40,0.20,白萝卜,湖北,none,2017-06-01,蔬菜,元/斤
华中,0.30,none,2018-08-25,湖北省洪湖农贸市场,0.40,0.20,白萝卜,湖北,none,2017-05-31,蔬菜,元/斤
华中,0.30,none,2018-08-25,湖北省洪湖农贸市场,0.40,0.20,白萝卜,湖北,none,2017-05-24,蔬菜,元/斤
华中,0.30,none,2018-08-25,湖北省洪湖农贸市场,0.40,0.20,白萝卜,湖北,none,2017-05-23,蔬菜,元/斤
华中,0.30,none,2018-08-25,湖北省洪湖农贸市场,0.40,0.20,白萝卜,湖北,none,2017-05-22,蔬菜,元/斤
华中,0.30,none,2018-08-25,湖北省洪湖农贸市场,0.40,0.20,白萝卜,湖北,none,2017-05-17,蔬菜,元/斤
华中,0.30,none,2018-08-25,湖北省洪湖农贸市场,0.40,0.20,白萝卜,湖北,none,2017-05-15,蔬菜,元/斤
华中,0.30,none,2018-08-25,湖北省洪湖农贸市场,0.40,0.20,白萝卜,湖北,none,2017-05-12,蔬菜,元/斤
华中,0.30,none,2018-08-25,湖北省洪湖农贸市场,0.40,0.20,白萝卜,湖北,none,2017-05-10,蔬菜,元/斤
华中,0.30,none,2018-08-25,湖北省洪湖农贸市场,0.40,0.20,白萝卜,湖北,none,2017-05-09,蔬菜,元/斤
华中,0.30,none,2018-08-25,湖北省洪湖农贸市场,0.40,0.20,白萝卜,湖北,none,2017-05-08,蔬菜,元/斤
华中,0.30,none,2018-08-25,湖北省洪湖农贸市场,0.40,0.20,白萝卜,湖北,none,2017-05-05,蔬菜,元/斤
华中,0.30,none,2018-08-25,湖北省洪湖农贸市场,0.40,0.20,白萝卜,湖北,none,2017-05-04,蔬菜,元/斤
华中,0.30,none,2018-08-25,湖北省洪湖农贸市场,0.40,0.20,白萝卜,湖北,none,2017-05-03,蔬菜,元/斤
华中,0.30,none,2018-08-25,湖北省洪湖农贸市场,0.40,0.20,白萝卜,湖北,none,2017-05-02,蔬菜,元/斤
华中,0.30,none,2018-08-25,湖北省洪湖农贸市场,0.40,0.20,白萝卜,湖北,none,2017-04-28,蔬菜,元/斤
华中,0.30,none,2018-08-25,湖北省洪湖农贸市场,0.40,0.20,白萝卜,湖北,none,2017-04-27,蔬菜,元/斤
华中,0.30,none,2018-08-25,湖北省洪湖农贸市场,0.40,0.20,白萝卜,湖北,none,2017-04-26,蔬菜,元/斤
华中,0.30,none,2018-08-25,湖北省洪湖农贸市场,0.40,0.20,白萝卜,湖北,none,2017-04-25,蔬菜,元/斤
华中,0.30,none,2018-08-25,湖北省洪湖农贸市场,0.40,0.20,白萝卜,湖北,none,2017-08-02,蔬菜,元/斤
华中,0.30,none,2018-08-25,湖北省洪湖农贸市场,0.40,0.20,白萝卜,湖北,none,2017-07-28,蔬菜,元/斤
华中,0.30,none,2018-08-25,湖北省洪湖农贸市场,0.40,0.20,白萝卜,湖北,none,2017-07-27,蔬菜,元/斤
华中,0.30,none,2018-08-25,湖北省洪湖农贸市场,0.40,0.20,白萝卜,湖北,none,2017-07-26,蔬菜,元/斤
华中,0.30,none,2018-08-25,湖北省洪湖农贸市场,0.40,0.20,白萝卜,湖北,none,2017-07-25,蔬菜,元/斤
华中,0.30,none,2018-08-25,湖北省洪湖农贸市场,0.40,0.20,白萝卜,湖北,none,2017-07-21,蔬菜,元/斤
华中,0.30,none,2018-08-25,湖北省洪湖农贸市场,0.40,0.20,白萝卜,湖北,none,2017-07-20,蔬菜,元/斤
华中,0.30,none,2018-08-25,湖北省洪湖农贸市场,0.40,0.20,白萝卜,湖北,none,2017-07-19,蔬菜,元/斤
华中,0.30,none,2018-08-25,湖北省洪湖农贸市场,0.40,0.20,白萝卜,湖北,none,2017-07-13,蔬菜,元/斤
华中,0.30,none,2018-08-25,湖北省洪湖农贸市场,0.40,0.20,白萝卜,湖北,none,2017-07-12,蔬菜,元/斤
华中,0.30,none,2018-08-25,湖北省洪湖农贸市场,0.40,0.20,白萝卜,湖北,none,2017-07-11,蔬菜,元/斤
华中,0.30,none,2018-08-25,湖北省洪湖农贸市场,0.40,0.20,白萝卜,湖北,none,2017-07-10,蔬菜,元/斤
华中,0.30,none,2018-08-25,湖北省洪湖农贸市场,0.40,0.20,白萝卜,湖北,none,2017-07-08,蔬菜,元/斤
华中,0.30,none,2018-08-25,湖北省洪湖农贸市场,0.40,0.20,白萝卜,湖北,none,2017-07-07,蔬菜,元/斤
华中,0.30,none,2018-08-25,湖北省洪湖农贸市场,0.40,0.20,白萝卜,湖北,none,2017-07-06,蔬菜,元/斤
华中,0.30,none,2018-08-25,湖北省洪湖农贸市场,0.40,0.20,白萝卜,湖北,none,2017-07-05,蔬菜,元/斤
华中,0.30,none,2018-08-25,湖北省洪湖农贸市场,0.40,0.20,白萝卜,湖北,none,2017-07-04,蔬菜,元/斤
华中,0.30,none,2018-08-25,湖北省洪湖农贸市场,0.40,0.20,白萝卜,湖北,none,2017-07-03,蔬菜,元/斤
华中,0.30,none,2018-08-25,湖北省洪湖农贸市场,0.40,0.20,白萝卜,湖北,none,2017-06-30,蔬菜,元/斤
华中,0.30,none,2018-08-25,湖北省洪湖农贸市场,0.40,0.20,白萝卜,湖北,none,2017-06-29,蔬菜,元/斤
华中,0.30,none,2018-08-25,湖北省洪湖农贸市场,0.40,0.20,白萝卜,湖北,none,2017-06-27,蔬菜,元/斤
华中,0.30,none,2018-08-25,湖北省洪湖农贸市场,0.40,0.20,白萝卜,湖北,none,2017-06-23,蔬菜,元/斤
华中,0.30,none,2018-08-25,湖北省洪湖农贸市场,0.40,0.20,白萝卜,湖北,none,2017-06-21,蔬菜,元/斤
华中,0.30,none,2018-08-25,湖北省洪湖农贸市场,0.40,0.20,白萝卜,湖北,none,2017-06-20,蔬菜,元/斤
华中,0.30,none,2018-08-25,湖北省洪湖农贸市场,0.40,0.20,白萝卜,湖北,none,2017-06-15,蔬菜,元/斤
华中,0.80,none,2018-08-25,湖北省洪湖农贸市场,0.90,0.60,白萝卜,湖北,none,2017-10-11,蔬菜,元/斤
华中,0.80,none,2018-08-25,湖北省洪湖农贸市场,0.90,0.60,白萝卜,湖北,none,2017-10-09,蔬菜,元/斤
华中,0.50,none,2018-08-25,湖北省洪湖农贸市场,0.70,0.40,白萝卜,湖北,none,2017-09-30,蔬菜,元/斤
华中,0.50,none,2018-08-25,湖北省洪湖农贸市场,0.70,0.40,白萝卜,湖北,none,2017-09-29,蔬菜,元/斤
华中,0.50,none,2018-08-25,湖北省洪湖农贸市场,0.70,0.40,白萝卜,湖北,none,2017-09-28,蔬菜,元/斤
华中,0.50,none,2018-08-25,湖北省洪湖农贸市场,0.70,0.40,白萝卜,湖北,none,2017-09-27,蔬菜,元/斤
华中,0.50,none,2018-08-25,湖北省洪湖农贸市场,0.70,0.40,白萝卜,湖北,none,2017-09-26,蔬菜,元/斤
华中,0.50,none,2018-08-25,湖北省洪湖农贸市场,0.70,0.40,白萝卜,湖北,none,2017-09-22,蔬菜,元/斤
华中,0.50,none,2018-08-25,湖北省洪湖农贸市场,0.70,0.40,白萝卜,湖北,none,2017-09-21,蔬菜,元/斤
华中,0.50,none,2018-08-25,湖北省洪湖农贸市场,0.70,0.40,白萝卜,湖北,none,2017-09-20,蔬菜,元/斤
华中,0.50,none,2018-08-25,湖北省洪湖农贸市场,0.70,0.40,白萝卜,湖北,none,2017-09-19,蔬菜,元/斤
华中,0.50,none,2018-08-25,湖北省洪湖农贸市场,0.70,0.40,白萝卜,湖北,none,2017-09-08,蔬菜,元/斤
华中,0.50,none,2018-08-25,湖北省洪湖农贸市场,0.70,0.40,白萝卜,湖北,none,2017-09-07,蔬菜,元/斤
华中,0.50,none,2018-08-25,湖北省洪湖农贸市场,0.70,0.40,白萝卜,湖北,none,2017-09-04,蔬菜,元/斤
华中,0.50,none,2018-08-25,湖北省洪湖农贸市场,0.70,0.40,白萝卜,湖北,none,2017-09-01,蔬菜,元/斤
华中,0.50,none,2018-08-25,湖北省洪湖农贸市场,0.70,0.40,白萝卜,湖北,none,2017-08-31,蔬菜,元/斤
华中,0.50,none,2018-08-25,湖北省洪湖农贸市场,0.70,0.40,白萝卜,湖北,none,2017-08-30,蔬菜,元/斤
华中,0.50,none,2018-08-25,湖北省洪湖农贸市场,0.70,0.40,白萝卜,湖北,none,2017-08-29,蔬菜,元/斤
华中,0.50,none,2018-08-25,湖北省洪湖农贸市场,0.70,0.40,白萝卜,湖北,none,2017-08-21,蔬菜,元/斤
华中,0.50,none,2018-08-25,湖北省洪湖农贸市场,0.70,0.40,白萝卜,湖北,none,2017-08-16,蔬菜,元/斤
华中,0.50,none,2018-08-25,湖北省洪湖农贸市场,0.70,0.40,白萝卜,湖北,none,2017-08-15,蔬菜,元/斤
华中,0.50,none,2018-08-25,湖北省洪湖农贸市场,0.70,0.40,白萝卜,湖北,none,2017-08-14,蔬菜,元/斤
华中,0.50,none,2018-08-25,湖北省洪湖农贸市场,0.60,0.40,白萝卜,湖北,none,2017-08-10,蔬菜,元/斤
华中,0.50,none,2018-08-25,湖北省洪湖农贸市场,0.60,0.40,白萝卜,湖北,none,2017-08-08,蔬菜,元/斤
华中,0.30,none,2018-08-25,湖北省洪湖农贸市场,0.40,0.20,白萝卜,湖北,none,2017-08-03,蔬菜,元/斤
华中,0.80,none,2018-08-25,湖北省洪湖农贸市场,0.90,0.60,白萝卜,湖北,none,2017-11-23,蔬菜,元/斤
华中,0.80,none,2018-08-25,湖北省洪湖农贸市场,0.90,0.60,白萝卜,湖北,none,2017-11-22,蔬菜,元/斤
华中,0.80,none,2018-08-25,湖北省洪湖农贸市场,0.90,0.60,白萝卜,湖北,none,2017-11-21,蔬菜,元/斤
华中,0.80,none,2018-08-25,湖北省洪湖农贸市场,0.90,0.60,白萝卜,湖北,none,2017-11-20,蔬菜,元/斤
华中,0.80,none,2018-08-25,湖北省洪湖农贸市场,0.90,0.60,白萝卜,湖北,none,2017-11-16,蔬菜,元/斤
华中,0.80,none,2018-08-25,湖北省洪湖农贸市场,0.90,0.60,白萝卜,湖北,none,2017-11-14,蔬菜,元/斤
华中,0.80,none,2018-08-25,湖北省洪湖农贸市场,0.90,0.60,白萝卜,湖北,none,2017-11-13,蔬菜,元/斤
华中,0.80,none,2018-08-25,湖北省洪湖农贸市场,0.90,0.60,白萝卜,湖北,none,2017-11-10,蔬菜,元/斤
华中,0.80,none,2018-08-25,湖北省洪湖农贸市场,0.90,0.60,白萝卜,湖北,none,2017-11-09,蔬菜,元/斤
华中,0.80,none,2018-08-25,湖北省洪湖农贸市场,0.90,0.60,白萝卜,湖北,none,2017-11-08,蔬菜,元/斤
华中,0.80,none,2018-08-25,湖北省洪湖农贸市场,0.90,0.60,白萝卜,湖北,none,2017-11-07,蔬菜,元/斤
华中,0.80,none,2018-08-25,湖北省洪湖农贸市场,0.90,0.60,白萝卜,湖北,none,2017-11-06,蔬菜,元/斤
华中,0.80,none,2018-08-25,湖北省洪湖农贸市场,0.90,0.60,白萝卜,湖北,none,2017-11-03,蔬菜,元/斤
华中,0.80,none,2018-08-25,湖北省洪湖农贸市场,0.90,0.60,白萝卜,湖北,none,2017-11-02,蔬菜,元/斤
华中,0.80,none,2018-08-25,湖北省洪湖农贸市场,0.90,0.60,白萝卜,湖北,none,2017-11-01,蔬菜,元/斤
华中,0.80,none,2018-08-25,湖北省洪湖农贸市场,0.90,0.60,白萝卜,湖北,none,2017-10-27,蔬菜,元/斤
华中,0.80,none,2018-08-25,湖北省洪湖农贸市场,0.90,0.60,白萝卜,湖北,none,2017-10-26,蔬菜,元/斤
华中,0.80,none,2018-08-25,湖北省洪湖农贸市场,0.90,0.60,白萝卜,湖北,none,2017-10-25,蔬菜,元/斤
华中,0.80,none,2018-08-25,湖北省洪湖农贸市场,0.90,0.60,白萝卜,湖北,none,2017-10-24,蔬菜,元/斤
华中,0.80,none,2018-08-25,湖北省洪湖农贸市场,0.90,0.60,白萝卜,湖北,none,2017-10-20,蔬菜,元/斤
华中,0.80,none,2018-08-25,湖北省洪湖农贸市场,0.90,0.60,白萝卜,湖北,none,2017-10-19,蔬菜,元/斤
华中,0.80,none,2018-08-25,湖北省洪湖农贸市场,0.90,0.60,白萝卜,湖北,none,2017-10-18,蔬菜,元/斤
华中,0.80,none,2018-08-25,湖北省洪湖农贸市场,0.90,0.60,白萝卜,湖北,none,2017-10-16,蔬菜,元/斤
华中,0.80,none,2018-08-25,湖北省洪湖农贸市场,0.90,0.60,白萝卜,湖北,none,2017-10-13,蔬菜,元/斤
华中,0.80,none,2018-08-25,湖北省洪湖农贸市场,0.90,0.60,白萝卜,湖北,none,2017-10-12,蔬菜,元/斤
华中,0.50,none,2018-08-25,湖北省洪湖农贸市场,0.70,0.30,白萝卜,湖北,none,2018-01-12,蔬菜,元/斤
华中,0.50,none,2018-08-25,湖北省洪湖农贸市场,0.70,0.30,白萝卜,湖北,none,2018-01-11,蔬菜,元/斤
华中,0.50,none,2018-08-25,湖北省洪湖农贸市场,0.70,0.30,白萝卜,湖北,none,2018-01-10,蔬菜,元/斤
华中,0.50,none,2018-08-25,湖北省洪湖农贸市场,0.70,0.30,白萝卜,湖北,none,2018-01-09,蔬菜,元/斤
华中,0.50,none,2018-08-25,湖北省洪湖农贸市场,0.70,0.30,白萝卜,湖北,none,2018-01-05,蔬菜,元/斤
华中,0.50,none,2018-08-25,湖北省洪湖农贸市场,0.70,0.30,白萝卜,湖北,none,2018-01-04,蔬菜,元/斤
华中,0.50,none,2018-08-25,湖北省洪湖农贸市场,0.70,0.30,白萝卜,湖北,none,2018-01-03,蔬菜,元/斤
华中,0.50,none,2018-08-25,湖北省洪湖农贸市场,0.70,0.30,白萝卜,湖北,none,2017-12-28,蔬菜,元/斤
华中,0.50,none,2018-08-25,湖北省洪湖农贸市场,0.70,0.30,白萝卜,湖北,none,2017-12-26,蔬菜,元/斤
华中,0.50,none,2018-08-25,湖北省洪湖农贸市场,0.70,0.30,白萝卜,湖北,none,2017-12-22,蔬菜,元/斤
华中,0.50,none,2018-08-25,湖北省洪湖农贸市场,0.70,0.30,白萝卜,湖北,none,2017-12-20,蔬菜,元/斤
华中,0.50,none,2018-08-25,湖北省洪湖农贸市场,0.70,0.30,白萝卜,湖北,none,2017-12-19,蔬菜,元/斤
华中,0.50,none,2018-08-25,湖北省洪湖农贸市场,0.70,0.30,白萝卜,湖北,none,2017-12-13,蔬菜,元/斤
华中,0.50,none,2018-08-25,湖北省洪湖农贸市场,0.70,0.30,白萝卜,湖北,none,2017-12-12,蔬菜,元/斤
华中,0.50,none,2018-08-25,湖北省洪湖农贸市场,0.70,0.30,白萝卜,湖北,none,2017-12-11,蔬菜,元/斤
华中,0.50,none,2018-08-25,湖北省洪湖农贸市场,0.70,0.30,白萝卜,湖北,none,2017-12-08,蔬菜,元/斤
华中,0.50,none,2018-08-25,湖北省洪湖农贸市场,0.70,0.30,白萝卜,湖北,none,2017-12-07,蔬菜,元/斤
华中,0.50,none,2018-08-25,湖北省洪湖农贸市场,0.70,0.30,白萝卜,湖北,none,2017-12-06,蔬菜,元/斤
华中,0.50,none,2018-08-25,湖北省洪湖农贸市场,0.70,0.30,白萝卜,湖北,none,2017-12-05,蔬菜,元/斤
华中,0.50,none,2018-08-25,湖北省洪湖农贸市场,0.70,0.30,白萝卜,湖北,none,2017-12-04,蔬菜,元/斤
华中,0.50,none,2018-08-25,湖北省洪湖农贸市场,0.70,0.30,白萝卜,湖北,none,2017-12-01,蔬菜,元/斤
华中,0.50,none,2018-08-25,湖北省洪湖农贸市场,0.70,0.30,白萝卜,湖北,none,2017-11-30,蔬菜,元/斤
华中,0.50,none,2018-08-25,湖北省洪湖农贸市场,0.70,0.30,白萝卜,湖北,none,2017-11-29,蔬菜,元/斤
华中,0.50,none,2018-08-25,湖北省洪湖农贸市场,0.70,0.30,白萝卜,湖北,none,2017-11-28,蔬菜,元/斤
华中,0.50,none,2018-08-25,湖北省洪湖农贸市场,0.70,0.30,白萝卜,湖北,none,2017-11-27,蔬菜,元/斤
华中,0.70,none,2018-08-25,湖北省洪湖农贸市场,0.90,0.40,白萝卜,湖北,none,2018-03-05,蔬菜,元/斤
华中,0.70,none,2018-08-25,湖北省洪湖农贸市场,0.90,0.40,白萝卜,湖北,none,2018-03-02,蔬菜,元/斤
华中,0.70,none,2018-08-25,湖北省洪湖农贸市场,0.90,0.40,白萝卜,湖北,none,2018-02-28,蔬菜,元/斤
华中,0.70,none,2018-08-25,湖北省洪湖农贸市场,0.90,0.40,白萝卜,湖北,none,2018-02-26,蔬菜,元/斤
华中,0.80,none,2018-08-25,湖北省洪湖农贸市场,1.00,0.50,白萝卜,湖北,none,2018-02-22,蔬菜,元/斤
华中,0.80,none,2018-08-25,湖北省洪湖农贸市场,1.00,0.50,白萝卜,湖北,none,2018-02-14,蔬菜,元/斤
华中,0.80,none,2018-08-25,湖北省洪湖农贸市场,1.00,0.50,白萝卜,湖北,none,2018-02-13,蔬菜,元/斤
华中,0.80,none,2018-08-25,湖北省洪湖农贸市场,1.00,0.50,白萝卜,湖北,none,2018-02-11,蔬菜,元/斤
华中,0.80,none,2018-08-25,湖北省洪湖农贸市场,1.00,0.50,白萝卜,湖北,none,2018-02-08,蔬菜,元/斤
华中,0.80,none,2018-08-25,湖北省洪湖农贸市场,1.00,0.50,白萝卜,湖北,none,2018-02-06,蔬菜,元/斤
华中,0.80,none,2018-08-25,湖北省洪湖农贸市场,1.00,0.50,白萝卜,湖北,none,2018-02-05,蔬菜,元/斤
华中,0.80,none,2018-08-25,湖北省洪湖农贸市场,1.00,0.50,白萝卜,湖北,none,2018-02-02,蔬菜,元/斤
华中,0.80,none,2018-08-25,湖北省洪湖农贸市场,1.00,0.50,白萝卜,湖北,none,2018-02-01,蔬菜,元/斤
华中,0.60,none,2018-08-25,湖北省洪湖农贸市场,0.80,0.40,白萝卜,湖北,none,2018-01-31,蔬菜,元/斤
华中,0.50,none,2018-08-25,湖北省洪湖农贸市场,0.70,0.30,白萝卜,湖北,none,2018-01-30,蔬菜,元/斤
华中,0.50,none,2018-08-25,湖北省洪湖农贸市场,0.70,0.30,白萝卜,湖北,none,2018-01-29,蔬菜,元/斤
华中,0.50,none,2018-08-25,湖北省洪湖农贸市场,0.70,0.30,白萝卜,湖北,none,2018-01-28,蔬菜,元/斤
华中,0.50,none,2018-08-25,湖北省洪湖农贸市场,0.70,0.30,白萝卜,湖北,none,2018-01-27,蔬菜,元/斤
华中,0.50,none,2018-08-25,湖北省洪湖农贸市场,0.70,0.30,白萝卜,湖北,none,2018-01-26,蔬菜,元/斤
华中,0.50,none,2018-08-25,湖北省洪湖农贸市场,0.70,0.30,白萝卜,湖北,none,2018-01-25,蔬菜,元/斤
华中,0.50,none,2018-08-25,湖北省洪湖农贸市场,0.70,0.30,白萝卜,湖北,none,2018-01-24,蔬菜,元/斤
华中,0.50,none,2018-08-25,湖北省洪湖农贸市场,0.70,0.30,白萝卜,湖北,none,2018-01-23,蔬菜,元/斤
华中,0.50,none,2018-08-25,湖北省洪湖农贸市场,0.70,0.30,白萝卜,湖北,none,2018-01-19,蔬菜,元/斤
华中,0.50,none,2018-08-25,湖北省洪湖农贸市场,0.70,0.30,白萝卜,湖北,none,2018-01-17,蔬菜,元/斤
华中,0.50,none,2018-08-25,湖北省洪湖农贸市场,0.70,0.30,白萝卜,湖北,none,2018-01-15,蔬菜,元/斤
华中,0.70,none,2018-08-25,湖北省洪湖农贸市场,0.80,0.40,白萝卜,湖北,none,2018-04-24,蔬菜,元/斤
华中,0.70,none,2018-08-25,湖北省洪湖农贸市场,0.80,0.40,白萝卜,湖北,none,2018-04-20,蔬菜,元/斤
华中,0.70,none,2018-08-25,湖北省洪湖农贸市场,0.80,0.40,白萝卜,湖北,none,2018-04-19,蔬菜,元/斤
华中,0.70,none,2018-08-25,湖北省洪湖农贸市场,0.80,0.40,白萝卜,湖北,none,2018-04-17,蔬菜,元/斤
华中,0.70,none,2018-08-25,湖北省洪湖农贸市场,0.80,0.40,白萝卜,湖北,none,2018-04-16,蔬菜,元/斤
华中,0.70,none,2018-08-25,湖北省洪湖农贸市场,0.80,0.40,白萝卜,湖北,none,2018-04-13,蔬菜,元/斤
华中,0.70,none,2018-08-25,湖北省洪湖农贸市场,0.80,0.40,白萝卜,湖北,none,2018-04-12,蔬菜,元/斤
华中,0.70,none,2018-08-25,湖北省洪湖农贸市场,0.80,0.40,白萝卜,湖北,none,2018-04-08,蔬菜,元/斤
华中,0.70,none,2018-08-25,湖北省洪湖农贸市场,0.90,0.40,白萝卜,湖北,none,2018-03-30,蔬菜,元/斤
华中,0.70,none,2018-08-25,湖北省洪湖农贸市场,0.90,0.40,白萝卜,湖北,none,2018-03-29,蔬菜,元/斤
华中,0.70,none,2018-08-25,湖北省洪湖农贸市场,0.90,0.40,白萝卜,湖北,none,2018-03-28,蔬菜,元/斤
华中,0.70,none,2018-08-25,湖北省洪湖农贸市场,0.90,0.40,白萝卜,湖北,none,2018-03-27,蔬菜,元/斤
华中,0.70,none,2018-08-25,湖北省洪湖农贸市场,0.90,0.40,白萝卜,湖北,none,2018-03-26,蔬菜,元/斤
华中,0.70,none,2018-08-25,湖北省洪湖农贸市场,0.90,0.40,白萝卜,湖北,none,2018-03-23,蔬菜,元/斤
华中,0.70,none,2018-08-25,湖北省洪湖农贸市场,0.90,0.40,白萝卜,湖北,none,2018-03-22,蔬菜,元/斤
华中,0.70,none,2018-08-25,湖北省洪湖农贸市场,0.90,0.40,白萝卜,湖北,none,2018-03-21,蔬菜,元/斤
华中,0.70,none,2018-08-25,湖北省洪湖农贸市场,0.90,0.40,白萝卜,湖北,none,2018-03-19,蔬菜,元/斤
华中,0.70,none,2018-08-25,湖北省洪湖农贸市场,0.90,0.40,白萝卜,湖北,none,2018-03-15,蔬菜,元/斤
华中,0.70,none,2018-08-25,湖北省洪湖农贸市场,0.90,0.40,白萝卜,湖北,none,2018-03-14,蔬菜,元/斤
华中,0.70,none,2018-08-25,湖北省洪湖农贸市场,0.90,0.40,白萝卜,湖北,none,2018-03-13,蔬菜,元/斤
华中,0.70,none,2018-08-25,湖北省洪湖农贸市场,0.90,0.40,白萝卜,湖北,none,2018-03-12,蔬菜,元/斤
华中,0.70,none,2018-08-25,湖北省洪湖农贸市场,0.90,0.40,白萝卜,湖北,none,2018-03-09,蔬菜,元/斤
华中,0.70,none,2018-08-25,湖北省洪湖农贸市场,0.90,0.40,白萝卜,湖北,none,2018-03-08,蔬菜,元/斤
华中,0.70,none,2018-08-25,湖北省洪湖农贸市场,0.90,0.40,白萝卜,湖北,none,2018-03-07,蔬菜,元/斤
华中,0.70,none,2018-08-25,湖北省洪湖农贸市场,0.90,0.40,白萝卜,湖北,none,2018-03-06,蔬菜,元/斤
华中,2.60,none,2018-08-25,湖北省洪湖农贸市场,3.10,2.10,茄子,湖北,none,2017-03-04,蔬菜,元/斤
华中,2.60,none,2018-08-25,湖北省洪湖农贸市场,3.10,2.10,茄子,湖北,none,2017-03-03,蔬菜,元/斤
华中,2.60,none,2018-08-25,湖北省洪湖农贸市场,3.10,2.10,茄子,湖北,none,2017-03-02,蔬菜,元/斤
华中,2.60,none,2018-08-25,湖北省洪湖农贸市场,3.10,2.10,茄子,湖北,none,2017-03-01,蔬菜,元/斤
华中,2.60,none,2018-08-25,湖北省洪湖农贸市场,3.10,2.10,茄子,湖北,none,2017-02-28,蔬菜,元/斤
华中,2.60,none,2018-08-25,湖北省洪湖农贸市场,3.10,2.10,茄子,湖北,none,2017-02-27,蔬菜,元/斤
华中,2.40,none,2018-08-25,湖北省洪湖农贸市场,2.90,2.00,茄子,湖北,none,2017-02-24,蔬菜,元/斤
华中,2.40,none,2018-08-25,湖北省洪湖农贸市场,2.90,2.00,茄子,湖北,none,2017-02-23,蔬菜,元/斤
华中,2.40,none,2018-08-25,湖北省洪湖农贸市场,2.90,2.00,茄子,湖北,none,2017-02-22,蔬菜,元/斤
华中,2.40,none,2018-08-25,湖北省洪湖农贸市场,2.90,2.00,茄子,湖北,none,2017-02-21,蔬菜,元/斤
华中,2.40,none,2018-08-25,湖北省洪湖农贸市场,2.90,2.00,茄子,湖北,none,2017-02-20,蔬菜,元/斤
华中,2.40,none,2018-08-25,湖北省洪湖农贸市场,2.90,2.00,茄子,湖北,none,2017-02-17,蔬菜,元/斤
华中,2.40,none,2018-08-25,湖北省洪湖农贸市场,2.90,2.00,茄子,湖北,none,2017-02-16,蔬菜,元/斤
华中,2.40,none,2018-08-25,湖北省洪湖农贸市场,2.90,2.00,茄子,湖北,none,2017-02-15,蔬菜,元/斤
华中,2.40,none,2018-08-25,湖北省洪湖农贸市场,2.90,2.00,茄子,湖北,none,2017-02-14,蔬菜,元/斤
华中,2.60,none,2018-08-25,湖北省洪湖农贸市场,3.10,2.10,茄子,湖北,none,2017-02-13,蔬菜,元/斤
华中,3.00,none,2018-08-25,湖北省洪湖农贸市场,3.60,2.50,茄子,湖北,none,2017-02-10,蔬菜,元/斤
华中,3.00,none,2018-08-25,湖北省洪湖农贸市场,3.60,2.50,茄子,湖北,none,2017-02-08,蔬菜,元/斤
华中,3.00,none,2018-08-25,湖北省洪湖农贸市场,3.60,2.50,茄子,湖北,none,2017-02-07,蔬菜,元/斤
华中,3.40,none,2018-08-25,湖北省洪湖农贸市场,4.10,2.90,茄子,湖北,none,2017-01-30,蔬菜,元/斤
华中,3.40,none,2018-08-25,湖北省洪湖农贸市场,4.10,2.90,茄子,湖北,none,2017-01-26,蔬菜,元/斤
华中,3.40,none,2018-08-25,湖北省洪湖农贸市场,4.10,2.90,茄子,湖北,none,2017-01-22,蔬菜,元/斤
华中,3.40,none,2018-08-25,湖北省洪湖农贸市场,4.10,2.90,茄子,湖北,none,2017-01-20,蔬菜,元/斤
华中,3.40,none,2018-08-25,湖北省洪湖农贸市场,4.10,2.90,茄子,湖北,none,2017-01-19,蔬菜,元/斤
华中,3.40,none,2018-08-25,湖北省洪湖农贸市场,4.10,2.90,茄子,湖北,none,2017-01-18,蔬菜,元/斤
华中,2.20,none,2018-08-25,湖北省洪湖农贸市场,2.90,1.70,茄子,湖北,none,2017-04-28,蔬菜,元/斤
华中,2.20,none,2018-08-25,湖北省洪湖农贸市场,3.00,1.70,茄子,湖北,none,2017-04-27,蔬菜,元/斤
华中,2.20,none,2018-08-25,湖北省洪湖农贸市场,3.00,1.70,茄子,湖北,none,2017-04-26,蔬菜,元/斤
华中,2.40,none,2018-08-25,湖北省洪湖农贸市场,3.20,1.90,茄子,湖北,none,2017-04-25,蔬菜,元/斤
华中,3.00,none,2018-08-25,湖北省洪湖农贸市场,3.50,2.40,茄子,湖北,none,2017-04-20,蔬菜,元/斤
华中,2.80,none,2018-08-25,湖北省洪湖农贸市场,3.30,2.30,茄子,湖北,none,2017-04-18,蔬菜,元/斤
华中,2.60,none,2018-08-25,湖北省洪湖农贸市场,3.10,2.10,茄子,湖北,none,2017-04-17,蔬菜,元/斤
华中,2.60,none,2018-08-25,湖北省洪湖农贸市场,3.10,2.10,茄子,湖北,none,2017-04-14,蔬菜,元/斤
华中,2.60,none,2018-08-25,湖北省洪湖农贸市场,3.10,2.10,茄子,湖北,none,2017-04-13,蔬菜,元/斤
华中,2.60,none,2018-08-25,湖北省洪湖农贸市场,3.10,2.10,茄子,湖北,none,2017-04-12,蔬菜,元/斤
华中,2.60,none,2018-08-25,湖北省洪湖农贸市场,3.10,2.10,茄子,湖北,none,2017-04-11,蔬菜,元/斤
华中,2.60,none,2018-08-25,湖北省洪湖农贸市场,3.10,2.10,茄子,湖北,none,2017-04-10,蔬菜,元/斤
华中,2.30,none,2018-08-25,湖北省洪湖农贸市场,2.70,1.90,茄子,湖北,none,2017-04-06,蔬菜,元/斤
华中,2.30,none,2018-08-25,湖北省洪湖农贸市场,2.70,1.90,茄子,湖北,none,2017-04-05,蔬菜,元/斤
华中,2.10,none,2018-08-25,湖北省洪湖农贸市场,2.40,1.70,茄子,湖北,none,2017-04-01,蔬菜,元/斤
华中,2.10,none,2018-08-25,湖北省洪湖农贸市场,2.40,1.70,茄子,湖北,none,2017-03-31,蔬菜,元/斤
华中,2.10,none,2018-08-25,湖北省洪湖农贸市场,2.40,1.70,茄子,湖北,none,2017-03-30,蔬菜,元/斤
华中,2.10,none,2018-08-25,湖北省洪湖农贸市场,2.40,1.70,茄子,湖北,none,2017-03-29,蔬菜,元/斤
华中,2.10,none,2018-08-25,湖北省洪湖农贸市场,2.40,1.70,茄子,湖北,none,2017-03-28,蔬菜,元/斤
华中,2.70,none,2018-08-25,湖北省洪湖农贸市场,3.00,2.30,茄子,湖北,none,2017-03-23,蔬菜,元/斤
华中,2.70,none,2018-08-25,湖北省洪湖农贸市场,3.00,2.30,茄子,湖北,none,2017-03-22,蔬菜,元/斤
华中,2.70,none,2018-08-25,湖北省洪湖农贸市场,3.00,2.30,茄子,湖北,none,2017-03-21,蔬菜,元/斤
华中,2.70,none,2018-08-25,湖北省洪湖农贸市场,3.00,2.30,茄子,湖北,none,2017-03-20,蔬菜,元/斤
华中,2.70,none,2018-08-25,湖北省洪湖农贸市场,3.00,2.30,茄子,湖北,none,2017-03-17,蔬菜,元/斤
华中,2.80,none,2018-08-25,湖北省洪湖农贸市场,3.30,2.30,茄子,湖北,none,2017-03-07,蔬菜,元/斤
华中,1.20,none,2018-08-25,湖北省洪湖农贸市场,1.40,1.00,茄子,湖北,none,2017-06-30,蔬菜,元/斤
华中,1.20,none,2018-08-25,湖北省洪湖农贸市场,1.40,1.00,茄子,湖北,none,2017-06-29,蔬菜,元/斤
华中,1.30,none,2018-08-25,湖北省洪湖农贸市场,1.60,1.10,茄子,湖北,none,2017-06-23,蔬菜,元/斤
华中,1.20,none,2018-08-25,湖北省洪湖农贸市场,1.50,1.00,茄子,湖北,none,2017-06-21,蔬菜,元/斤
华中,1.20,none,2018-08-25,湖北省洪湖农贸市场,1.50,1.00,茄子,湖北,none,2017-06-20,蔬菜,元/斤
华中,1.20,none,2018-08-25,湖北省洪湖农贸市场,1.50,1.00,茄子,湖北,none,2017-06-15,蔬菜,元/斤
华中,1.20,none,2018-08-25,湖北省洪湖农贸市场,1.50,1.00,茄子,湖北,none,2017-06-13,蔬菜,元/斤
华中,1.20,none,2018-08-25,湖北省洪湖农贸市场,1.50,1.00,茄子,湖北,none,2017-06-12,蔬菜,元/斤
华中,1.10,none,2018-08-25,湖北省洪湖农贸市场,1.30,0.90,茄子,湖北,none,2017-06-08,蔬菜,元/斤
华中,1.10,none,2018-08-25,湖北省洪湖农贸市场,1.30,0.90,茄子,湖北,none,2017-06-05,蔬菜,元/斤
华中,1.30,none,2018-08-25,湖北省洪湖农贸市场,1.50,1.10,茄子,湖北,none,2017-06-01,蔬菜,元/斤
华中,1.30,none,2018-08-25,湖北省洪湖农贸市场,1.50,1.10,茄子,湖北,none,2017-05-31,蔬菜,元/斤
华中,1.70,none,2018-08-25,湖北省洪湖农贸市场,1.90,1.40,茄子,湖北,none,2017-05-24,蔬菜,元/斤
华中,1.70,none,2018-08-25,湖北省洪湖农贸市场,2.00,1.40,茄子,湖北,none,2017-05-23,蔬菜,元/斤
华中,1.70,none,2018-08-25,湖北省洪湖农贸市场,2.00,1.40,茄子,湖北,none,2017-05-22,蔬菜,元/斤
华中,1.90,none,2018-08-25,湖北省洪湖农贸市场,2.20,1.60,茄子,湖北,none,2017-05-17,蔬菜,元/斤
华中,1.90,none,2018-08-25,湖北省洪湖农贸市场,2.20,1.60,茄子,湖北,none,2017-05-15,蔬菜,元/斤
华中,1.90,none,2018-08-25,湖北省洪湖农贸市场,2.10,1.50,茄子,湖北,none,2017-05-12,蔬菜,元/斤
华中,2.00,none,2018-08-25,湖北省洪湖农贸市场,2.30,1.50,茄子,湖北,none,2017-05-10,蔬菜,元/斤
华中,2.00,none,2018-08-25,湖北省洪湖农贸市场,2.30,1.50,茄子,湖北,none,2017-05-09,蔬菜,元/斤
华中,2.10,none,2018-08-25,湖北省洪湖农贸市场,2.50,1.60,茄子,湖北,none,2017-05-08,蔬菜,元/斤
华中,2.30,none,2018-08-25,湖北省洪湖农贸市场,3.00,1.80,茄子,湖北,none,2017-05-05,蔬菜,元/斤
华中,2.20,none,2018-08-25,湖北省洪湖农贸市场,2.90,1.70,茄子,湖北,none,2017-05-04,蔬菜,元/斤
华中,2.20,none,2018-08-25,湖北省洪湖农贸市场,2.90,1.70,茄子,湖北,none,2017-05-03,蔬菜,元/斤
华中,2.20,none,2018-08-25,湖北省洪湖农贸市场,2.90,1.70,茄子,湖北,none,2017-05-02,蔬菜,元/斤
华中,1.50,none,2018-08-25,湖北省洪湖农贸市场,1.70,1.20,茄子,湖北,none,2017-09-27,蔬菜,元/斤
华中,1.50,none,2018-08-25,湖北省洪湖农贸市场,1.70,1.20,茄子,湖北,none,2017-09-26,蔬菜,元/斤
华中,1.60,none,2018-08-25,湖北省洪湖农贸市场,1.80,1.30,茄子,湖北,none,2017-09-22,蔬菜,元/斤
华中,1.60,none,2018-08-25,湖北省洪湖农贸市场,1.80,1.30,茄子,湖北,none,2017-09-21,蔬菜,元/斤
华中,1.60,none,2018-08-25,湖北省洪湖农贸市场,1.80,1.30,茄子,湖北,none,2017-09-20,蔬菜,元/斤
华中,1.60,none,2018-08-25,湖北省洪湖农贸市场,1.80,1.30,茄子,湖北,none,2017-09-19,蔬菜,元/斤
华中,1.70,none,2018-08-25,湖北省洪湖农贸市场,1.80,1.40,茄子,湖北,none,2017-09-08,蔬菜,元/斤
华中,1.70,none,2018-08-25,湖北省洪湖农贸市场,1.80,1.40,茄子,湖北,none,2017-09-04,蔬菜,元/斤
华中,1.70,none,2018-08-25,湖北省洪湖农贸市场,1.90,1.40,茄子,湖北,none,2017-09-01,蔬菜,元/斤
华中,1.70,none,2018-08-25,湖北省洪湖农贸市场,1.90,1.40,茄子,湖北,none,2017-08-31,蔬菜,元/斤
华中,1.70,none,2018-08-25,湖北省洪湖农贸市场,1.90,1.40,茄子,湖北,none,2017-08-29,蔬菜,元/斤
华中,2.30,none,2018-08-25,湖北省洪湖农贸市场,2.60,1.80,茄子,湖北,none,2017-08-21,蔬菜,元/斤
华中,0.80,none,2018-08-25,湖北省洪湖农贸市场,1.10,0.60,茄子,湖北,none,2017-08-10,蔬菜,元/斤
华中,0.80,none,2018-08-25,湖北省洪湖农贸市场,1.10,0.60,茄子,湖北,none,2017-08-08,蔬菜,元/斤
华中,0.70,none,2018-08-25,湖北省洪湖农贸市场,0.90,0.50,茄子,湖北,none,2017-07-28,蔬菜,元/斤
华中,0.70,none,2018-08-25,湖北省洪湖农贸市场,0.90,0.50,茄子,湖北,none,2017-07-27,蔬菜,元/斤
华中,0.70,none,2018-08-25,湖北省洪湖农贸市场,0.90,0.50,茄子,湖北,none,2017-07-26,蔬菜,元/斤
华中,0.70,none,2018-08-25,湖北省洪湖农贸市场,0.90,0.50,茄子,湖北,none,2017-07-24,蔬菜,元/斤
华中,0.80,none,2018-08-25,湖北省洪湖农贸市场,1.00,0.60,茄子,湖北,none,2017-07-21,蔬菜,元/斤
华中,0.80,none,2018-08-25,湖北省洪湖农贸市场,1.00,0.60,茄子,湖北,none,2017-07-20,蔬菜,元/斤
华中,0.80,none,2018-08-25,湖北省洪湖农贸市场,1.00,0.60,茄子,湖北,none,2017-07-19,蔬菜,元/斤
华中,0.90,none,2018-08-25,湖北省洪湖农贸市场,1.10,0.70,茄子,湖北,none,2017-07-12,蔬菜,元/斤
华中,0.90,none,2018-08-25,湖北省洪湖农贸市场,1.10,0.70,茄子,湖北,none,2017-07-08,蔬菜,元/斤
华中,1.10,none,2018-08-25,湖北省洪湖农贸市场,1.30,0.90,茄子,湖北,none,2017-07-04,蔬菜,元/斤
华中,1.10,none,2018-08-25,湖北省洪湖农贸市场,1.30,0.90,茄子,湖北,none,2017-07-03,蔬菜,元/斤
华中,1.70,none,2018-08-25,湖北省洪湖农贸市场,2.00,1.40,茄子,湖北,none,2017-11-23,蔬菜,元/斤
华中,1.70,none,2018-08-25,湖北省洪湖农贸市场,2.00,1.40,茄子,湖北,none,2017-11-22,蔬菜,元/斤
华中,1.70,none,2018-08-25,湖北省洪湖农贸市场,2.00,1.40,茄子,湖北,none,2017-11-21,蔬菜,元/斤
华中,1.70,none,2018-08-25,湖北省洪湖农贸市场,2.00,1.40,茄子,湖北,none,2017-11-20,蔬菜,元/斤
华中,1.70,none,2018-08-25,湖北省洪湖农贸市场,2.00,1.40,茄子,湖北,none,2017-11-16,蔬菜,元/斤
华中,1.70,none,2018-08-25,湖北省洪湖农贸市场,2.00,1.40,茄子,湖北,none,2017-11-14,蔬菜,元/斤
华中,1.70,none,2018-08-25,湖北省洪湖农贸市场,2.00,1.40,茄子,湖北,none,2017-11-10,蔬菜,元/斤
华中,1.70,none,2018-08-25,湖北省洪湖农贸市场,2.00,1.40,茄子,湖北,none,2017-11-09,蔬菜,元/斤
华中,1.70,none,2018-08-25,湖北省洪湖农贸市场,2.00,1.40,茄子,湖北,none,2017-11-08,蔬菜,元/斤
华中,1.70,none,2018-08-25,湖北省洪湖农贸市场,2.00,1.40,茄子,湖北,none,2017-11-07,蔬菜,元/斤
华中,1.70,none,2018-08-25,湖北省洪湖农贸市场,2.00,1.40,茄子,湖北,none,2017-11-06,蔬菜,元/斤
华中,2.00,none,2018-08-25,湖北省洪湖农贸市场,2.30,1.50,茄子,湖北,none,2017-11-03,蔬菜,元/斤
华中,2.00,none,2018-08-25,湖北省洪湖农贸市场,2.30,1.50,茄子,湖北,none,2017-11-02,蔬菜,元/斤
华中,2.00,none,2018-08-25,湖北省洪湖农贸市场,2.30,1.50,茄子,湖北,none,2017-11-01,蔬菜,元/斤
华中,2.10,none,2018-08-25,湖北省洪湖农贸市场,2.50,1.70,茄子,湖北,none,2017-10-26,蔬菜,元/斤
华中,2.10,none,2018-08-25,湖北省洪湖农贸市场,2.50,1.70,茄子,湖北,none,2017-10-25,蔬菜,元/斤
华中,2.10,none,2018-08-25,湖北省洪湖农贸市场,2.50,1.70,茄子,湖北,none,2017-10-24,蔬菜,元/斤
华中,2.10,none,2018-08-25,湖北省洪湖农贸市场,2.60,1.70,茄子,湖北,none,2017-10-20,蔬菜,元/斤
华中,2.10,none,2018-08-25,湖北省洪湖农贸市场,2.50,1.70,茄子,湖北,none,2017-10-18,蔬菜,元/斤
华中,2.00,none,2018-08-25,湖北省洪湖农贸市场,2.30,1.60,茄子,湖北,none,2017-10-16,蔬菜,元/斤
华中,1.50,none,2018-08-25,湖北省洪湖农贸市场,1.80,1.10,茄子,湖北,none,2017-10-12,蔬菜,元/斤
华中,1.50,none,2018-08-25,湖北省洪湖农贸市场,1.80,1.10,茄子,湖北,none,2017-10-11,蔬菜,元/斤
华中,1.50,none,2018-08-25,湖北省洪湖农贸市场,1.80,1.10,茄子,湖北,none,2017-10-09,蔬菜,元/斤
华中,1.50,none,2018-08-25,湖北省洪湖农贸市场,1.60,1.20,茄子,湖北,none,2017-09-30,蔬菜,元/斤
华中,1.50,none,2018-08-25,湖北省洪湖农贸市场,1.60,1.20,茄子,湖北,none,2017-09-29,蔬菜,元/斤
华中,3.00,none,2018-08-25,湖北省洪湖农贸市场,3.80,2.50,茄子,湖北,none,2018-01-27,蔬菜,元/斤
华中,3.00,none,2018-08-25,湖北省洪湖农贸市场,3.80,2.50,茄子,湖北,none,2018-01-26,蔬菜,元/斤
华中,2.50,none,2018-08-25,湖北省洪湖农贸市场,3.50,2.10,茄子,湖北,none,2018-01-24,蔬菜,元/斤
华中,2.50,none,2018-08-25,湖北省洪湖农贸市场,3.50,2.10,茄子,湖北,none,2018-01-19,蔬菜,元/斤
华中,2.50,none,2018-08-25,湖北省洪湖农贸市场,3.50,2.10,茄子,湖北,none,2018-01-15,蔬菜,元/斤
华中,2.40,none,2018-08-25,湖北省洪湖农贸市场,3.30,1.90,茄子,湖北,none,2018-01-11,蔬菜,元/斤
华中,2.40,none,2018-08-25,湖北省洪湖农贸市场,3.30,1.90,茄子,湖北,none,2018-01-10,蔬菜,元/斤
华中,2.20,none,2018-08-25,湖北省洪湖农贸市场,3.00,1.70,茄子,湖北,none,2018-01-05,蔬菜,元/斤
华中,2.20,none,2018-08-25,湖北省洪湖农贸市场,3.00,1.70,茄子,湖北,none,2018-01-04,蔬菜,元/斤
华中,2.20,none,2018-08-25,湖北省洪湖农贸市场,3.00,1.70,茄子,湖北,none,2017-12-28,蔬菜,元/斤
华中,2.20,none,2018-08-25,湖北省洪湖农贸市场,3.00,1.70,茄子,湖北,none,2017-12-26,蔬菜,元/斤
华中,1.90,none,2018-08-25,湖北省洪湖农贸市场,2.60,1.60,茄子,湖北,none,2017-12-20,蔬菜,元/斤
华中,1.90,none,2018-08-25,湖北省洪湖农贸市场,2.60,1.60,茄子,湖北,none,2017-12-19,蔬菜,元/斤
华中,1.90,none,2018-08-25,湖北省洪湖农贸市场,2.60,1.60,茄子,湖北,none,2017-12-13,蔬菜,元/斤
华中,1.90,none,2018-08-25,湖北省洪湖农贸市场,2.60,1.60,茄子,湖北,none,2017-12-12,蔬菜,元/斤
华中,1.90,none,2018-08-25,湖北省洪湖农贸市场,2.60,1.60,茄子,湖北,none,2017-12-11,蔬菜,元/斤
华中,1.70,none,2018-08-25,湖北省洪湖农贸市场,2.30,1.40,茄子,湖北,none,2017-12-08,蔬菜,元/斤
华中,1.70,none,2018-08-25,湖北省洪湖农贸市场,2.20,1.40,茄子,湖北,none,2017-12-07,蔬菜,元/斤
华中,1.70,none,2018-08-25,湖北省洪湖农贸市场,2.20,1.40,茄子,湖北,none,2017-12-05,蔬菜,元/斤
华中,1.70,none,2018-08-25,湖北省洪湖农贸市场,2.20,1.40,茄子,湖北,none,2017-12-04,蔬菜,元/斤
华中,1.70,none,2018-08-25,湖北省洪湖农贸市场,2.20,1.40,茄子,湖北,none,2017-12-01,蔬菜,元/斤
华中,1.70,none,2018-08-25,湖北省洪湖农贸市场,2.20,1.40,茄子,湖北,none,2017-11-30,蔬菜,元/斤
华中,1.70,none,2018-08-25,湖北省洪湖农贸市场,2.20,1.40,茄子,湖北,none,2017-11-29,蔬菜,元/斤
华中,1.70,none,2018-08-25,湖北省洪湖农贸市场,2.20,1.40,茄子,湖北,none,2017-11-28,蔬菜,元/斤
华中,1.70,none,2018-08-25,湖北省洪湖农贸市场,2.20,1.40,茄子,湖北,none,2017-11-27,蔬菜,元/斤
华中,2.60,none,2018-08-25,湖北省洪湖农贸市场,2.90,2.40,茄子,湖北,none,2018-04-08,蔬菜,元/斤
华中,3.30,none,2018-08-25,湖北省洪湖农贸市场,3.50,3.00,茄子,湖北,none,2018-03-28,蔬菜,元/斤
华中,3.30,none,2018-08-25,湖北省洪湖农贸市场,3.50,3.00,茄子,湖北,none,2018-03-27,蔬菜,元/斤
华中,2.80,none,2018-08-25,湖北省洪湖农贸市场,3.10,2.50,茄子,湖北,none,2018-03-23,蔬菜,元/斤
华中,2.80,none,2018-08-25,湖北省洪湖农贸市场,3.10,2.50,茄子,湖北,none,2018-03-22,蔬菜,元/斤
华中,2.80,none,2018-08-25,湖北省洪湖农贸市场,3.10,2.50,茄子,湖北,none,2018-03-19,蔬菜,元/斤
华中,2.60,none,2018-08-25,湖北省洪湖农贸市场,2.90,2.30,茄子,湖北,none,2018-03-15,蔬菜,元/斤
华中,2.60,none,2018-08-25,湖北省洪湖农贸市场,2.90,2.30,茄子,湖北,none,2018-03-14,蔬菜,元/斤
华中,2.60,none,2018-08-25,湖北省洪湖农贸市场,2.90,2.30,茄子,湖北,none,2018-03-13,蔬菜,元/斤
华中,2.60,none,2018-08-25,湖北省洪湖农贸市场,2.90,2.30,茄子,湖北,none,2018-03-09,蔬菜,元/斤
华中,2.60,none,2018-08-25,湖北省洪湖农贸市场,2.90,2.30,茄子,湖北,none,2018-03-08,蔬菜,元/斤
华中,2.60,none,2018-08-25,湖北省洪湖农贸市场,2.90,2.30,茄子,湖北,none,2018-03-06,蔬菜,元/斤
华中,2.60,none,2018-08-25,湖北省洪湖农贸市场,2.90,2.30,茄子,湖北,none,2018-03-05,蔬菜,元/斤
华中,2.80,none,2018-08-25,湖北省洪湖农贸市场,3.00,2.50,茄子,湖北,none,2018-02-28,蔬菜,元/斤
华中,3.10,none,2018-08-25,湖北省洪湖农贸市场,3.50,2.70,茄子,湖北,none,2018-02-22,蔬菜,元/斤
华中,3.50,none,2018-08-25,湖北省洪湖农贸市场,4.00,3.10,茄子,湖北,none,2018-02-14,蔬菜,元/斤
华中,3.50,none,2018-08-25,湖北省洪湖农贸市场,4.00,3.10,茄子,湖北,none,2018-02-13,蔬菜,元/斤
华中,3.50,none,2018-08-25,湖北省洪湖农贸市场,4.20,3.00,茄子,湖北,none,2018-02-11,蔬菜,元/斤
华中,3.50,none,2018-08-25,湖北省洪湖农贸市场,4.20,3.00,茄子,湖北,none,2018-02-08,蔬菜,元/斤
华中,3.50,none,2018-08-25,湖北省洪湖农贸市场,4.20,3.00,茄子,湖北,none,2018-02-06,蔬菜,元/斤
华中,3.50,none,2018-08-25,湖北省洪湖农贸市场,4.20,3.00,茄子,湖北,none,2018-02-05,蔬菜,元/斤
华中,3.50,none,2018-08-25,湖北省洪湖农贸市场,4.20,3.00,茄子,湖北,none,2018-02-02,蔬菜,元/斤
华中,3.30,none,2018-08-25,湖北省洪湖农贸市场,4.00,2.80,茄子,湖北,none,2018-02-01,蔬菜,元/斤
华中,3.00,none,2018-08-25,湖北省洪湖农贸市场,3.80,2.50,茄子,湖北,none,2018-01-31,蔬菜,元/斤
华中,3.00,none,2018-08-25,湖北省洪湖农贸市场,3.80,2.50,茄子,湖北,none,2018-01-28,蔬菜,元/斤
华中,0.60,none,2018-08-25,湖北省洪湖农贸市场,0.80,0.50,冬瓜,湖北,none,2017-02-24,蔬菜,元/斤
华中,0.60,none,2018-08-25,湖北省洪湖农贸市场,0.80,0.50,冬瓜,湖北,none,2017-02-23,蔬菜,元/斤
华中,0.60,none,2018-08-25,湖北省洪湖农贸市场,0.80,0.50,冬瓜,湖北,none,2017-02-22,蔬菜,元/斤
华中,0.60,none,2018-08-25,湖北省洪湖农贸市场,0.80,0.50,冬瓜,湖北,none,2017-02-21,蔬菜,元/斤
华中,0.60,none,2018-08-25,湖北省洪湖农贸市场,0.80,0.50,冬瓜,湖北,none,2017-02-17,蔬菜,元/斤
华中,0.60,none,2018-08-25,湖北省洪湖农贸市场,0.80,0.50,冬瓜,湖北,none,2017-02-16,蔬菜,元/斤
华中,0.60,none,2018-08-25,湖北省洪湖农贸市场,0.80,0.50,冬瓜,湖北,none,2017-02-15,蔬菜,元/斤
华中,0.60,none,2018-08-25,湖北省洪湖农贸市场,0.80,0.50,冬瓜,湖北,none,2017-02-14,蔬菜,元/斤
华中,0.60,none,2018-08-25,湖北省洪湖农贸市场,0.80,0.50,冬瓜,湖北,none,2017-02-13,蔬菜,元/斤
华中,0.60,none,2018-08-25,湖北省洪湖农贸市场,0.80,0.50,冬瓜,湖北,none,2017-02-10,蔬菜,元/斤
华中,0.60,none,2018-08-25,湖北省洪湖农贸市场,0.80,0.50,冬瓜,湖北,none,2017-02-08,蔬菜,元/斤
华中,0.60,none,2018-08-25,湖北省洪湖农贸市场,0.80,0.50,冬瓜,湖北,none,2017-02-07,蔬菜,元/斤
华中,0.60,none,2018-08-25,湖北省洪湖农贸市场,0.80,0.50,冬瓜,湖北,none,2017-01-30,蔬菜,元/斤
华中,0.60,none,2018-08-25,湖北省洪湖农贸市场,0.80,0.50,冬瓜,湖北,none,2017-01-26,蔬菜,元/斤
华中,0.60,none,2018-08-25,湖北省洪湖农贸市场,0.80,0.50,冬瓜,湖北,none,2017-01-22,蔬菜,元/斤
华中,0.60,none,2018-08-25,湖北省洪湖农贸市场,0.80,0.50,冬瓜,湖北,none,2017-01-20,蔬菜,元/斤
华中,0.60,none,2018-08-25,湖北省洪湖农贸市场,0.80,0.50,冬瓜,湖北,none,2017-01-19,蔬菜,元/斤
华中,0.60,none,2018-08-25,湖北省洪湖农贸市场,0.80,0.50,冬瓜,湖北,none,2017-01-18,蔬菜,元/斤
华中,0.60,none,2018-08-25,湖北省洪湖农贸市场,0.80,0.50,冬瓜,湖北,none,2017-01-16,蔬菜,元/斤
华中,0.60,none,2018-08-25,湖北省洪湖农贸市场,0.80,0.50,冬瓜,湖北,none,2017-01-13,蔬菜,元/斤
华中,0.60,none,2018-08-25,湖北省洪湖农贸市场,0.80,0.50,冬瓜,湖北,none,2017-01-12,蔬菜,元/斤
华中,0.60,none,2018-08-25,湖北省洪湖农贸市场,0.80,0.50,冬瓜,湖北,none,2017-01-10,蔬菜,元/斤
华中,0.60,none,2018-08-25,湖北省洪湖农贸市场,0.80,0.50,冬瓜,湖北,none,2017-01-09,蔬菜,元/斤
华中,0.60,none,2018-08-25,湖北省洪湖农贸市场,0.80,0.50,冬瓜,湖北,none,2017-01-06,蔬菜,元/斤
华中,0.60,none,2018-08-25,湖北省洪湖农贸市场,0.80,0.50,冬瓜,湖北,none,2017-01-04,蔬菜,元/斤
华中,0.90,none,2018-08-25,湖北省洪湖农贸市场,1.00,0.70,冬瓜,湖北,none,2017-04-17,蔬菜,元/斤
华中,0.90,none,2018-08-25,湖北省洪湖农贸市场,1.00,0.70,冬瓜,湖北,none,2017-04-14,蔬菜,元/斤
华中,0.90,none,2018-08-25,湖北省洪湖农贸市场,1.00,0.70,冬瓜,湖北,none,2017-04-13,蔬菜,元/斤
华中,0.90,none,2018-08-25,湖北省洪湖农贸市场,1.00,0.70,冬瓜,湖北,none,2017-04-12,蔬菜,元/斤
华中,0.90,none,2018-08-25,湖北省洪湖农贸市场,1.00,0.70,冬瓜,湖北,none,2017-04-11,蔬菜,元/斤
华中,0.90,none,2018-08-25,湖北省洪湖农贸市场,1.00,0.70,冬瓜,湖北,none,2017-04-10,蔬菜,元/斤
华中,0.90,none,2018-08-25,湖北省洪湖农贸市场,1.00,0.70,冬瓜,湖北,none,2017-04-06,蔬菜,元/斤
华中,0.90,none,2018-08-25,湖北省洪湖农贸市场,1.00,0.70,冬瓜,湖北,none,2017-04-05,蔬菜,元/斤
华中,0.90,none,2018-08-25,湖北省洪湖农贸市场,1.00,0.70,冬瓜,湖北,none,2017-04-01,蔬菜,元/斤
华中,0.90,none,2018-08-25,湖北省洪湖农贸市场,1.00,0.70,冬瓜,湖北,none,2017-03-31,蔬菜,元/斤
华中,0.90,none,2018-08-25,湖北省洪湖农贸市场,1.00,0.70,冬瓜,湖北,none,2017-03-30,蔬菜,元/斤
华中,0.90,none,2018-08-25,湖北省洪湖农贸市场,1.00,0.70,冬瓜,湖北,none,2017-03-29,蔬菜,元/斤
华中,0.90,none,2018-08-25,湖北省洪湖农贸市场,1.00,0.70,冬瓜,湖北,none,2017-03-28,蔬菜,元/斤
华中,0.60,none,2018-08-25,湖北省洪湖农贸市场,0.80,0.50,冬瓜,湖北,none,2017-03-23,蔬菜,元/斤
华中,0.60,none,2018-08-25,湖北省洪湖农贸市场,0.80,0.50,冬瓜,湖北,none,2017-03-22,蔬菜,元/斤
华中,0.60,none,2018-08-25,湖北省洪湖农贸市场,0.80,0.50,冬瓜,湖北,none,2017-03-21,蔬菜,元/斤
华中,0.60,none,2018-08-25,湖北省洪湖农贸市场,0.80,0.50,冬瓜,湖北,none,2017-03-20,蔬菜,元/斤
华中,0.60,none,2018-08-25,湖北省洪湖农贸市场,0.80,0.50,冬瓜,湖北,none,2017-03-17,蔬菜,元/斤
华中,0.60,none,2018-08-25,湖北省洪湖农贸市场,0.80,0.50,冬瓜,湖北,none,2017-03-07,蔬菜,元/斤
华中,0.60,none,2018-08-25,湖北省洪湖农贸市场,0.80,0.50,冬瓜,湖北,none,2017-03-04,蔬菜,元/斤
华中,0.60,none,2018-08-25,湖北省洪湖农贸市场,0.80,0.50,冬瓜,湖北,none,2017-03-03,蔬菜,元/斤
华中,0.60,none,2018-08-25,湖北省洪湖农贸市场,0.80,0.50,冬瓜,湖北,none,2017-03-02,蔬菜,元/斤
华中,0.60,none,2018-08-25,湖北省洪湖农贸市场,0.80,0.50,冬瓜,湖北,none,2017-03-01,蔬菜,元/斤
华中,0.60,none,2018-08-25,湖北省洪湖农贸市场,0.80,0.50,冬瓜,湖北,none,2017-02-28,蔬菜,元/斤
华中,0.60,none,2018-08-25,湖北省洪湖农贸市场,0.80,0.50,冬瓜,湖北,none,2017-02-27,蔬菜,元/斤
华中,0.90,none,2018-08-25,湖北省洪湖农贸市场,1.00,0.70,冬瓜,湖北,none,2017-06-20,蔬菜,元/斤
华中,0.90,none,2018-08-25,湖北省洪湖农贸市场,1.00,0.70,冬瓜,湖北,none,2017-06-15,蔬菜,元/斤
华中,0.90,none,2018-08-25,湖北省洪湖农贸市场,1.00,0.70,冬瓜,湖北,none,2017-06-13,蔬菜,元/斤
华中,0.90,none,2018-08-25,湖北省洪湖农贸市场,1.00,0.70,冬瓜,湖北,none,2017-06-12,蔬菜,元/斤
华中,0.90,none,2018-08-25,湖北省洪湖农贸市场,1.00,0.70,冬瓜,湖北,none,2017-06-08,蔬菜,元/斤
华中,0.90,none,2018-08-25,湖北省洪湖农贸市场,1.00,0.70,冬瓜,湖北,none,2017-06-01,蔬菜,元/斤
华中,0.90,none,2018-08-25,湖北省洪湖农贸市场,1.00,0.70,冬瓜,湖北,none,2017-05-31,蔬菜,元/斤
华中,0.90,none,2018-08-25,湖北省洪湖农贸市场,1.00,0.70,冬瓜,湖北,none,2017-05-24,蔬菜,元/斤
华中,0.90,none,2018-08-25,湖北省洪湖农贸市场,1.00,0.70,冬瓜,湖北,none,2017-05-23,蔬菜,元/斤
华中,0.90,none,2018-08-25,湖北省洪湖农贸市场,1.00,0.70,冬瓜,湖北,none,2017-05-22,蔬菜,元/斤
华中,0.90,none,2018-08-25,湖北省洪湖农贸市场,1.00,0.70,冬瓜,湖北,none,2017-05-17,蔬菜,元/斤
华中,0.90,none,2018-08-25,湖北省洪湖农贸市场,1.00,0.70,冬瓜,湖北,none,2017-05-15,蔬菜,元/斤
华中,0.90,none,2018-08-25,湖北省洪湖农贸市场,1.00,0.70,冬瓜,湖北,none,2017-05-12,蔬菜,元/斤
华中,0.90,none,2018-08-25,湖北省洪湖农贸市场,1.00,0.70,冬瓜,湖北,none,2017-05-09,蔬菜,元/斤
华中,0.90,none,2018-08-25,湖北省洪湖农贸市场,1.00,0.70,冬瓜,湖北,none,2017-05-08,蔬菜,元/斤
华中,0.90,none,2018-08-25,湖北省洪湖农贸市场,1.00,0.70,冬瓜,湖北,none,2017-05-05,蔬菜,元/斤
华中,0.90,none,2018-08-25,湖北省洪湖农贸市场,1.00,0.70,冬瓜,湖北,none,2017-05-04,蔬菜,元/斤
华中,0.90,none,2018-08-25,湖北省洪湖农贸市场,1.00,0.70,冬瓜,湖北,none,2017-05-03,蔬菜,元/斤
华中,0.90,none,2018-08-25,湖北省洪湖农贸市场,1.00,0.70,冬瓜,湖北,none,2017-05-02,蔬菜,元/斤
华中,0.90,none,2018-08-25,湖北省洪湖农贸市场,1.00,0.70,冬瓜,湖北,none,2017-04-28,蔬菜,元/斤
华中,0.90,none,2018-08-25,湖北省洪湖农贸市场,1.00,0.70,冬瓜,湖北,none,2017-04-27,蔬菜,元/斤
华中,0.90,none,2018-08-25,湖北省洪湖农贸市场,1.00,0.70,冬瓜,湖北,none,2017-04-26,蔬菜,元/斤
华中,0.90,none,2018-08-25,湖北省洪湖农贸市场,1.00,0.70,冬瓜,湖北,none,2017-04-25,蔬菜,元/斤
华中,0.90,none,2018-08-25,湖北省洪湖农贸市场,1.00,0.70,冬瓜,湖北,none,2017-04-20,蔬菜,元/斤
华中,0.90,none,2018-08-25,湖北省洪湖农贸市场,1.00,0.70,冬瓜,湖北,none,2017-04-18,蔬菜,元/斤
华中,0.30,none,2018-08-25,湖北省洪湖农贸市场,0.50,0.20,冬瓜,湖北,none,2017-09-20,蔬菜,元/斤
华中,0.30,none,2018-08-25,湖北省洪湖农贸市场,0.50,0.20,冬瓜,湖北,none,2017-09-19,蔬菜,元/斤
华中,0.30,none,2018-08-25,湖北省洪湖农贸市场,0.50,0.20,冬瓜,湖北,none,2017-09-08,蔬菜,元/斤
华中,0.30,none,2018-08-25,湖北省洪湖农贸市场,0.50,0.20,冬瓜,湖北,none,2017-09-04,蔬菜,元/斤
华中,0.30,none,2018-08-25,湖北省洪湖农贸市场,0.50,0.20,冬瓜,湖北,none,2017-09-01,蔬菜,元/斤
华中,0.30,none,2018-08-25,湖北省洪湖农贸市场,0.50,0.20,冬瓜,湖北,none,2017-08-31,蔬菜,元/斤
华中,0.30,none,2018-08-25,湖北省洪湖农贸市场,0.50,0.20,冬瓜,湖北,none,2017-08-29,蔬菜,元/斤
华中,0.30,none,2018-08-25,湖北省洪湖农贸市场,0.50,0.20,冬瓜,湖北,none,2017-08-21,蔬菜,元/斤
华中,0.30,none,2018-08-25,湖北省洪湖农贸市场,0.50,0.20,冬瓜,湖北,none,2017-08-10,蔬菜,元/斤
华中,0.30,none,2018-08-25,湖北省洪湖农贸市场,0.50,0.20,冬瓜,湖北,none,2017-08-08,蔬菜,元/斤
华中,0.60,none,2018-08-25,湖北省洪湖农贸市场,0.80,0.50,冬瓜,湖北,none,2017-07-28,蔬菜,元/斤
华中,0.60,none,2018-08-25,湖北省洪湖农贸市场,0.80,0.50,冬瓜,湖北,none,2017-07-27,蔬菜,元/斤
华中,0.60,none,2018-08-25,湖北省洪湖农贸市场,0.80,0.50,冬瓜,湖北,none,2017-07-26,蔬菜,元/斤
华中,0.60,none,2018-08-25,湖北省洪湖农贸市场,0.80,0.50,冬瓜,湖北,none,2017-07-24,蔬菜,元/斤
华中,0.60,none,2018-08-25,湖北省洪湖农贸市场,0.80,0.50,冬瓜,湖北,none,2017-07-21,蔬菜,元/斤
华中,0.60,none,2018-08-25,湖北省洪湖农贸市场,0.80,0.50,冬瓜,湖北,none,2017-07-20,蔬菜,元/斤
华中,0.60,none,2018-08-25,湖北省洪湖农贸市场,0.80,0.50,冬瓜,湖北,none,2017-07-19,蔬菜,元/斤
华中,0.60,none,2018-08-25,湖北省洪湖农贸市场,0.80,0.50,冬瓜,湖北,none,2017-07-12,蔬菜,元/斤
华中,0.60,none,2018-08-25,湖北省洪湖农贸市场,0.80,0.50,冬瓜,湖北,none,2017-07-08,蔬菜,元/斤
华中,0.60,none,2018-08-25,湖北省洪湖农贸市场,0.80,0.50,冬瓜,湖北,none,2017-07-04,蔬菜,元/斤
华中,0.60,none,2018-08-25,湖北省洪湖农贸市场,0.80,0.50,冬瓜,湖北,none,2017-07-03,蔬菜,元/斤
华中,0.60,none,2018-08-25,湖北省洪湖农贸市场,0.80,0.50,冬瓜,湖北,none,2017-06-30,蔬菜,元/斤
华中,0.60,none,2018-08-25,湖北省洪湖农贸市场,0.80,0.50,冬瓜,湖北,none,2017-06-29,蔬菜,元/斤
华中,0.90,none,2018-08-25,湖北省洪湖农贸市场,1.00,0.70,冬瓜,湖北,none,2017-06-23,蔬菜,元/斤
华中,0.90,none,2018-08-25,湖北省洪湖农贸市场,1.00,0.70,冬瓜,湖北,none,2017-06-21,蔬菜,元/斤
华中,0.80,none,2018-08-25,湖北省洪湖农贸市场,1.00,0.60,冬瓜,湖北,none,2017-11-16,蔬菜,元/斤
华中,0.80,none,2018-08-25,湖北省洪湖农贸市场,1.00,0.60,冬瓜,湖北,none,2017-11-14,蔬菜,元/斤
华中,0.80,none,2018-08-25,湖北省洪湖农贸市场,1.00,0.60,冬瓜,湖北,none,2017-11-10,蔬菜,元/斤
华中,0.80,none,2018-08-25,湖北省洪湖农贸市场,1.00,0.60,冬瓜,湖北,none,2017-11-09,蔬菜,元/斤
华中,0.80,none,2018-08-25,湖北省洪湖农贸市场,1.00,0.60,冬瓜,湖北,none,2017-11-08,蔬菜,元/斤
华中,0.80,none,2018-08-25,湖北省洪湖农贸市场,1.00,0.60,冬瓜,湖北,none,2017-11-07,蔬菜,元/斤
华中,0.80,none,2018-08-25,湖北省洪湖农贸市场,1.00,0.60,冬瓜,湖北,none,2017-11-06,蔬菜,元/斤
华中,0.80,none,2018-08-25,湖北省洪湖农贸市场,1.00,0.60,冬瓜,湖北,none,2017-11-03,蔬菜,元/斤
华中,0.80,none,2018-08-25,湖北省洪湖农贸市场,1.00,0.60,冬瓜,湖北,none,2017-11-02,蔬菜,元/斤
华中,0.80,none,2018-08-25,湖北省洪湖农贸市场,1.00,0.60,冬瓜,湖北,none,2017-11-01,蔬菜,元/斤
华中,0.80,none,2018-08-25,湖北省洪湖农贸市场,1.00,0.60,冬瓜,湖北,none,2017-10-26,蔬菜,元/斤
华中,0.80,none,2018-08-25,湖北省洪湖农贸市场,1.00,0.60,冬瓜,湖北,none,2017-10-25,蔬菜,元/斤
华中,0.80,none,2018-08-25,湖北省洪湖农贸市场,1.00,0.60,冬瓜,湖北,none,2017-10-24,蔬菜,元/斤
华中,0.80,none,2018-08-25,湖北省洪湖农贸市场,1.00,0.60,冬瓜,湖北,none,2017-10-20,蔬菜,元/斤
华中,0.80,none,2018-08-25,湖北省洪湖农贸市场,1.00,0.60,冬瓜,湖北,none,2017-10-18,蔬菜,元/斤
华中,0.80,none,2018-08-25,湖北省洪湖农贸市场,1.00,0.60,冬瓜,湖北,none,2017-10-16,蔬菜,元/斤
华中,0.80,none,2018-08-25,湖北省洪湖农贸市场,1.00,0.60,冬瓜,湖北,none,2017-10-12,蔬菜,元/斤
华中,1.10,none,2018-08-25,湖北省洪湖农贸市场,1.30,0.90,冬瓜,湖北,none,2017-10-11,蔬菜,元/斤
华中,1.10,none,2018-08-25,湖北省洪湖农贸市场,1.30,0.90,冬瓜,湖北,none,2017-10-09,蔬菜,元/斤
华中,0.30,none,2018-08-25,湖北省洪湖农贸市场,0.50,0.20,冬瓜,湖北,none,2017-09-30,蔬菜,元/斤
华中,0.30,none,2018-08-25,湖北省洪湖农贸市场,0.50,0.20,冬瓜,湖北,none,2017-09-29,蔬菜,元/斤
华中,0.30,none,2018-08-25,湖北省洪湖农贸市场,0.50,0.20,冬瓜,湖北,none,2017-09-27,蔬菜,元/斤
华中,0.30,none,2018-08-25,湖北省洪湖农贸市场,0.50,0.20,冬瓜,湖北,none,2017-09-26,蔬菜,元/斤
华中,0.30,none,2018-08-25,湖北省洪湖农贸市场,0.50,0.20,冬瓜,湖北,none,2017-09-22,蔬菜,元/斤
华中,0.30,none,2018-08-25,湖北省洪湖农贸市场,0.50,0.20,冬瓜,湖北,none,2017-09-21,蔬菜,元/斤
华中,0.80,none,2018-08-25,湖北省洪湖农贸市场,1.00,0.60,冬瓜,湖北,none,2018-01-15,蔬菜,元/斤
华中,0.80,none,2018-08-25,湖北省洪湖农贸市场,1.00,0.60,冬瓜,湖北,none,2018-01-11,蔬菜,元/斤
华中,0.80,none,2018-08-25,湖北省洪湖农贸市场,1.00,0.60,冬瓜,湖北,none,2018-01-10,蔬菜,元/斤
华中,0.80,none,2018-08-25,湖北省洪湖农贸市场,1.00,0.60,冬瓜,湖北,none,2018-01-05,蔬菜,元/斤
华中,0.80,none,2018-08-25,湖北省洪湖农贸市场,1.00,0.60,冬瓜,湖北,none,2018-01-04,蔬菜,元/斤
华中,0.80,none,2018-08-25,湖北省洪湖农贸市场,1.00,0.60,冬瓜,湖北,none,2017-12-28,蔬菜,元/斤
华中,0.80,none,2018-08-25,湖北省洪湖农贸市场,1.00,0.60,冬瓜,湖北,none,2017-12-26,蔬菜,元/斤
华中,0.80,none,2018-08-25,湖北省洪湖农贸市场,1.00,0.60,冬瓜,湖北,none,2017-12-20,蔬菜,元/斤
华中,0.80,none,2018-08-25,湖北省洪湖农贸市场,1.00,0.60,冬瓜,湖北,none,2017-12-19,蔬菜,元/斤
华中,0.80,none,2018-08-25,湖北省洪湖农贸市场,1.00,0.60,冬瓜,湖北,none,2017-12-13,蔬菜,元/斤
华中,0.80,none,2018-08-25,湖北省洪湖农贸市场,1.00,0.60,冬瓜,湖北,none,2017-12-12,蔬菜,元/斤
华中,0.80,none,2018-08-25,湖北省洪湖农贸市场,1.00,0.60,冬瓜,湖北,none,2017-12-11,蔬菜,元/斤
华中,0.80,none,2018-08-25,湖北省洪湖农贸市场,1.00,0.60,冬瓜,湖北,none,2017-12-08,蔬菜,元/斤
华中,0.80,none,2018-08-25,湖北省洪湖农贸市场,1.00,0.60,冬瓜,湖北,none,2017-12-07,蔬菜,元/斤
华中,0.80,none,2018-08-25,湖北省洪湖农贸市场,1.00,0.60,冬瓜,湖北,none,2017-12-05,蔬菜,元/斤
华中,0.80,none,2018-08-25,湖北省洪湖农贸市场,1.00,0.60,冬瓜,湖北,none,2017-12-04,蔬菜,元/斤
华中,0.80,none,2018-08-25,湖北省洪湖农贸市场,1.00,0.60,冬瓜,湖北,none,2017-12-01,蔬菜,元/斤
华中,0.80,none,2018-08-25,湖北省洪湖农贸市场,1.00,0.60,冬瓜,湖北,none,2017-11-30,蔬菜,元/斤
华中,0.80,none,2018-08-25,湖北省洪湖农贸市场,1.00,0.60,冬瓜,湖北,none,2017-11-29,蔬菜,元/斤
华中,0.80,none,2018-08-25,湖北省洪湖农贸市场,1.00,0.60,冬瓜,湖北,none,2017-11-28,蔬菜,元/斤
华中,0.80,none,2018-08-25,湖北省洪湖农贸市场,1.00,0.60,冬瓜,湖北,none,2017-11-27,蔬菜,元/斤
华中,0.80,none,2018-08-25,湖北省洪湖农贸市场,1.00,0.60,冬瓜,湖北,none,2017-11-23,蔬菜,元/斤
华中,0.80,none,2018-08-25,湖北省洪湖农贸市场,1.00,0.60,冬瓜,湖北,none,2017-11-22,蔬菜,元/斤
华中,0.80,none,2018-08-25,湖北省洪湖农贸市场,1.00,0.60,冬瓜,湖北,none,2017-11-21,蔬菜,元/斤
华中,0.80,none,2018-08-25,湖北省洪湖农贸市场,1.00,0.60,冬瓜,湖北,none,2017-11-20,蔬菜,元/斤
华中,1.30,none,2018-08-25,湖北省洪湖农贸市场,1.50,1.00,冬瓜,湖北,none,2018-03-28,蔬菜,元/斤
华中,1.30,none,2018-08-25,湖北省洪湖农贸市场,1.50,1.00,冬瓜,湖北,none,2018-03-27,蔬菜,元/斤
华中,1.30,none,2018-08-25,湖北省洪湖农贸市场,1.50,1.00,冬瓜,湖北,none,2018-03-23,蔬菜,元/斤
华中,1.30,none,2018-08-25,湖北省洪湖农贸市场,1.50,1.00,冬瓜,湖北,none,2018-03-22,蔬菜,元/斤
华中,1.30,none,2018-08-25,湖北省洪湖农贸市场,1.50,1.00,冬瓜,湖北,none,2018-03-19,蔬菜,元/斤
华中,1.30,none,2018-08-25,湖北省洪湖农贸市场,1.50,1.00,冬瓜,湖北,none,2018-03-14,蔬菜,元/斤
华中,1.30,none,2018-08-25,湖北省洪湖农贸市场,1.50,1.00,冬瓜,湖北,none,2018-03-13,蔬菜,元/斤
华中,1.30,none,2018-08-25,湖北省洪湖农贸市场,1.50,1.00,冬瓜,湖北,none,2018-03-08,蔬菜,元/斤
华中,1.30,none,2018-08-25,湖北省洪湖农贸市场,1.50,1.00,冬瓜,湖北,none,2018-03-06,蔬菜,元/斤
华中,1.30,none,2018-08-25,湖北省洪湖农贸市场,1.50,1.00,冬瓜,湖北,none,2018-03-05,蔬菜,元/斤
华中,1.30,none,2018-08-25,湖北省洪湖农贸市场,1.50,1.00,冬瓜,湖北,none,2018-02-28,蔬菜,元/斤
华中,1.30,none,2018-08-25,湖北省洪湖农贸市场,1.50,1.00,冬瓜,湖北,none,2018-02-22,蔬菜,元/斤
华中,1.30,none,2018-08-25,湖北省洪湖农贸市场,1.50,1.00,冬瓜,湖北,none,2018-02-14,蔬菜,元/斤
华中,1.30,none,2018-08-25,湖北省洪湖农贸市场,1.50,1.00,冬瓜,湖北,none,2018-02-13,蔬菜,元/斤
华中,1.10,none,2018-08-25,湖北省洪湖农贸市场,1.30,0.90,冬瓜,湖北,none,2018-02-11,蔬菜,元/斤
华中,1.10,none,2018-08-25,湖北省洪湖农贸市场,1.30,0.90,冬瓜,湖北,none,2018-02-06,蔬菜,元/斤
华中,1.10,none,2018-08-25,湖北省洪湖农贸市场,1.30,0.90,冬瓜,湖北,none,2018-02-05,蔬菜,元/斤
华中,1.10,none,2018-08-25,湖北省洪湖农贸市场,1.30,0.90,冬瓜,湖北,none,2018-02-02,蔬菜,元/斤
华中,1.00,none,2018-08-25,湖北省洪湖农贸市场,1.20,0.80,冬瓜,湖北,none,2018-02-01,蔬菜,元/斤
华中,0.80,none,2018-08-25,湖北省洪湖农贸市场,1.00,0.60,冬瓜,湖北,none,2018-01-31,蔬菜,元/斤
华中,0.80,none,2018-08-25,湖北省洪湖农贸市场,1.00,0.60,冬瓜,湖北,none,2018-01-28,蔬菜,元/斤
华中,0.80,none,2018-08-25,湖北省洪湖农贸市场,1.00,0.60,冬瓜,湖北,none,2018-01-27,蔬菜,元/斤
华中,0.80,none,2018-08-25,湖北省洪湖农贸市场,1.00,0.60,冬瓜,湖北,none,2018-01-26,蔬菜,元/斤
华中,0.80,none,2018-08-25,湖北省洪湖农贸市场,1.00,0.60,冬瓜,湖北,none,2018-01-24,蔬菜,元/斤
华中,0.80,none,2018-08-25,湖北省洪湖农贸市场,1.00,0.60,冬瓜,湖北,none,2018-01-19,蔬菜,元/斤
华中,1.70,none,2018-08-25,湖北省洪湖农贸市场,1.90,1.40,菜花,湖北,none,2017-04-10,蔬菜,元/斤
华中,1.70,none,2018-08-25,湖北省洪湖农贸市场,1.90,1.40,菜花,湖北,none,2017-04-06,蔬菜,元/斤
华中,1.70,none,2018-08-25,湖北省洪湖农贸市场,1.90,1.40,菜花,湖北,none,2017-04-05,蔬菜,元/斤
华中,1.30,none,2018-08-25,湖北省洪湖农贸市场,1.50,1.00,菜花,湖北,none,2017-04-01,蔬菜,元/斤
华中,1.30,none,2018-08-25,湖北省洪湖农贸市场,1.50,1.00,菜花,湖北,none,2017-03-31,蔬菜,元/斤
华中,1.30,none,2018-08-25,湖北省洪湖农贸市场,1.50,1.00,菜花,湖北,none,2017-03-30,蔬菜,元/斤
华中,1.30,none,2018-08-25,湖北省洪湖农贸市场,1.50,1.00,菜花,湖北,none,2017-03-29,蔬菜,元/斤
华中,1.30,none,2018-08-25,湖北省洪湖农贸市场,1.50,1.00,菜花,湖北,none,2017-03-28,蔬菜,元/斤
华中,1.30,none,2018-08-25,湖北省洪湖农贸市场,1.50,1.00,菜花,湖北,none,2017-03-23,蔬菜,元/斤
华中,1.30,none,2018-08-25,湖北省洪湖农贸市场,1.50,1.00,菜花,湖北,none,2017-03-22,蔬菜,元/斤
华中,1.30,none,2018-08-25,湖北省洪湖农贸市场,1.50,1.00,菜花,湖北,none,2017-03-21,蔬菜,元/斤
华中,1.30,none,2018-08-25,湖北省洪湖农贸市场,1.50,1.00,菜花,湖北,none,2017-03-20,蔬菜,元/斤
华中,1.30,none,2018-08-25,湖北省洪湖农贸市场,1.50,1.00,菜花,湖北,none,2017-03-17,蔬菜,元/斤
华中,1.30,none,2018-08-25,湖北省洪湖农贸市场,1.50,1.00,菜花,湖北,none,2017-03-07,蔬菜,元/斤
华中,1.30,none,2018-08-25,湖北省洪湖农贸市场,1.50,1.00,菜花,湖北,none,2017-03-04,蔬菜,元/斤
华中,1.30,none,2018-08-25,湖北省洪湖农贸市场,1.50,1.00,菜花,湖北,none,2017-03-03,蔬菜,元/斤
华中,1.30,none,2018-08-25,湖北省洪湖农贸市场,1.50,1.00,菜花,湖北,none,2017-03-02,蔬菜,元/斤
华中,1.30,none,2018-08-25,湖北省洪湖农贸市场,1.50,1.00,菜花,湖北,none,2017-03-01,蔬菜,元/斤
华中,1.30,none,2018-08-25,湖北省洪湖农贸市场,1.50,1.00,菜花,湖北,none,2017-02-28,蔬菜,元/斤
华中,1.30,none,2018-08-25,湖北省洪湖农贸市场,1.50,1.00,菜花,湖北,none,2017-02-27,蔬菜,元/斤
华中,1.30,none,2018-08-25,湖北省洪湖农贸市场,1.50,1.00,菜花,湖北,none,2017-02-24,蔬菜,元/斤
华中,1.30,none,2018-08-25,湖北省洪湖农贸市场,1.50,1.00,菜花,湖北,none,2017-02-23,蔬菜,元/斤
华中,1.30,none,2018-08-25,湖北省洪湖农贸市场,1.50,1.00,菜花,湖北,none,2017-02-22,蔬菜,元/斤
华中,1.30,none,2018-08-25,湖北省洪湖农贸市场,1.50,1.00,菜花,湖北,none,2017-02-21,蔬菜,元/斤
华中,1.30,none,2018-08-25,湖北省洪湖农贸市场,1.50,1.00,菜花,湖北,none,2017-02-20,蔬菜,元/斤
华中,0.90,none,2018-08-25,湖北省洪湖农贸市场,1.00,0.70,菜花,湖北,none,2017-05-31,蔬菜,元/斤
华中,0.90,none,2018-08-25,湖北省洪湖农贸市场,1.00,0.70,菜花,湖北,none,2017-05-24,蔬菜,元/斤
华中,0.90,none,2018-08-25,湖北省洪湖农贸市场,1.10,0.70,菜花,湖北,none,2017-05-23,蔬菜,元/斤
华中,0.90,none,2018-08-25,湖北省洪湖农贸市场,1.10,0.70,菜花,湖北,none,2017-05-22,蔬菜,元/斤
华中,0.90,none,2018-08-25,湖北省洪湖农贸市场,1.10,0.70,菜花,湖北,none,2017-05-17,蔬菜,元/斤
华中,0.75,none,2018-08-25,湖北省洪湖农贸市场,0.95,0.55,菜花,湖北,none,2017-05-15,蔬菜,元/斤
华中,0.75,none,2018-08-25,湖北省洪湖农贸市场,0.95,0.55,菜花,湖北,none,2017-05-12,蔬菜,元/斤
华中,0.75,none,2018-08-25,湖北省洪湖农贸市场,0.95,0.55,菜花,湖北,none,2017-05-10,蔬菜,元/斤
华中,0.75,none,2018-08-25,湖北省洪湖农贸市场,0.95,0.55,菜花,湖北,none,2017-05-09,蔬菜,元/斤
华中,0.75,none,2018-08-25,湖北省洪湖农贸市场,0.95,0.55,菜花,湖北,none,2017-05-08,蔬菜,元/斤
华中,0.75,none,2018-08-25,湖北省洪湖农贸市场,0.95,0.55,菜花,湖北,none,2017-05-05,蔬菜,元/斤
华中,0.75,none,2018-08-25,湖北省洪湖农贸市场,0.95,0.55,菜花,湖北,none,2017-05-04,蔬菜,元/斤
华中,0.80,none,2018-08-25,湖北省洪湖农贸市场,1.00,0.60,菜花,湖北,none,2017-05-03,蔬菜,元/斤
华中,1.30,none,2018-08-25,湖北省洪湖农贸市场,1.50,1.00,菜花,湖北,none,2017-05-02,蔬菜,元/斤
华中,1.30,none,2018-08-25,湖北省洪湖农贸市场,1.50,1.00,菜花,湖北,none,2017-04-28,蔬菜,元/斤
华中,1.30,none,2018-08-25,湖北省洪湖农贸市场,1.50,1.00,菜花,湖北,none,2017-04-27,蔬菜,元/斤
华中,1.30,none,2018-08-25,湖北省洪湖农贸市场,1.50,1.00,菜花,湖北,none,2017-04-26,蔬菜,元/斤
华中,1.30,none,2018-08-25,湖北省洪湖农贸市场,1.50,1.00,菜花,湖北,none,2017-04-25,蔬菜,元/斤
华中,1.70,none,2018-08-25,湖北省洪湖农贸市场,1.90,1.40,菜花,湖北,none,2017-04-20,蔬菜,元/斤
华中,1.70,none,2018-08-25,湖北省洪湖农贸市场,1.90,1.40,菜花,湖北,none,2017-04-18,蔬菜,元/斤
华中,1.70,none,2018-08-25,湖北省洪湖农贸市场,1.90,1.40,菜花,湖北,none,2017-04-17,蔬菜,元/斤
华中,1.70,none,2018-08-25,湖北省洪湖农贸市场,1.90,1.40,菜花,湖北,none,2017-04-14,蔬菜,元/斤
华中,1.70,none,2018-08-25,湖北省洪湖农贸市场,1.90,1.40,菜花,湖北,none,2017-04-13,蔬菜,元/斤
华中,1.70,none,2018-08-25,湖北省洪湖农贸市场,1.90,1.40,菜花,湖北,none,2017-04-12,蔬菜,元/斤
华中,1.70,none,2018-08-25,湖北省洪湖农贸市场,1.90,1.40,菜花,湖北,none,2017-04-11,蔬菜,元/斤
华中,2.10,none,2018-08-25,湖北省洪湖农贸市场,2.40,1.90,菜花,湖北,none,2017-07-28,蔬菜,元/斤
华中,2.10,none,2018-08-25,湖北省洪湖农贸市场,2.40,1.90,菜花,湖北,none,2017-07-27,蔬菜,元/斤
华中,2.10,none,2018-08-25,湖北省洪湖农贸市场,2.40,1.90,菜花,湖北,none,2017-07-26,蔬菜,元/斤
华中,2.10,none,2018-08-25,湖北省洪湖农贸市场,2.40,1.90,菜花,湖北,none,2017-07-25,蔬菜,元/斤
华中,2.10,none,2018-08-25,湖北省洪湖农贸市场,2.40,1.90,菜花,湖北,none,2017-07-24,蔬菜,元/斤
华中,2.10,none,2018-08-25,湖北省洪湖农贸市场,2.40,1.90,菜花,湖北,none,2017-07-21,蔬菜,元/斤
华中,2.10,none,2018-08-25,湖北省洪湖农贸市场,2.40,1.90,菜花,湖北,none,2017-07-20,蔬菜,元/斤
华中,2.10,none,2018-08-25,湖北省洪湖农贸市场,2.40,1.90,菜花,湖北,none,2017-07-19,蔬菜,元/斤
华中,2.10,none,2018-08-25,湖北省洪湖农贸市场,2.40,1.90,菜花,湖北,none,2017-07-12,蔬菜,元/斤
华中,2.10,none,2018-08-25,湖北省洪湖农贸市场,2.40,1.90,菜花,湖北,none,2017-07-08,蔬菜,元/斤
华中,2.10,none,2018-08-25,湖北省洪湖农贸市场,2.40,1.90,菜花,湖北,none,2017-07-07,蔬菜,元/斤
华中,2.10,none,2018-08-25,湖北省洪湖农贸市场,2.40,1.90,菜花,湖北,none,2017-07-04,蔬菜,元/斤
华中,2.10,none,2018-08-25,湖北省洪湖农贸市场,2.40,1.90,菜花,湖北,none,2017-07-03,蔬菜,元/斤
华中,2.10,none,2018-08-25,湖北省洪湖农贸市场,2.40,1.90,菜花,湖北,none,2017-06-30,蔬菜,元/斤
华中,2.10,none,2018-08-25,湖北省洪湖农贸市场,2.40,1.90,菜花,湖北,none,2017-06-29,蔬菜,元/斤
华中,2.10,none,2018-08-25,湖北省洪湖农贸市场,2.40,1.90,菜花,湖北,none,2017-06-27,蔬菜,元/斤
华中,1.70,none,2018-08-25,湖北省洪湖农贸市场,1.90,1.50,菜花,湖北,none,2017-06-23,蔬菜,元/斤
华中,1.70,none,2018-08-25,湖北省洪湖农贸市场,1.90,1.50,菜花,湖北,none,2017-06-21,蔬菜,元/斤
华中,1.70,none,2018-08-25,湖北省洪湖农贸市场,1.90,1.50,菜花,湖北,none,2017-06-20,蔬菜,元/斤
华中,1.70,none,2018-08-25,湖北省洪湖农贸市场,1.90,1.50,菜花,湖北,none,2017-06-15,蔬菜,元/斤
华中,1.70,none,2018-08-25,湖北省洪湖农贸市场,1.90,1.50,菜花,湖北,none,2017-06-13,蔬菜,元/斤
华中,1.70,none,2018-08-25,湖北省洪湖农贸市场,1.90,1.50,菜花,湖北,none,2017-06-12,蔬菜,元/斤
华中,1.40,none,2018-08-25,湖北省洪湖农贸市场,1.60,1.20,菜花,湖北,none,2017-06-08,蔬菜,元/斤
华中,0.90,none,2018-08-25,湖北省洪湖农贸市场,1.00,0.70,菜花,湖北,none,2017-06-05,蔬菜,元/斤
华中,0.90,none,2018-08-25,湖北省洪湖农贸市场,1.00,0.70,菜花,湖北,none,2017-06-01,蔬菜,元/斤
华中,2.00,none,2018-08-25,湖北省洪湖农贸市场,2.30,1.60,菜花,湖北,none,2017-10-20,蔬菜,元/斤
华中,2.00,none,2018-08-25,湖北省洪湖农贸市场,2.30,1.60,菜花,湖北,none,2017-10-18,蔬菜,元/斤
华中,2.00,none,2018-08-25,湖北省洪湖农贸市场,2.30,1.60,菜花,湖北,none,2017-10-16,蔬菜,元/斤
华中,2.00,none,2018-08-25,湖北省洪湖农贸市场,2.30,1.60,菜花,湖北,none,2017-10-12,蔬菜,元/斤
华中,2.00,none,2018-08-25,湖北省洪湖农贸市场,2.30,1.60,菜花,湖北,none,2017-10-11,蔬菜,元/斤
华中,2.00,none,2018-08-25,湖北省洪湖农贸市场,2.30,1.60,菜花,湖北,none,2017-10-09,蔬菜,元/斤
华中,2.50,none,2018-08-25,湖北省洪湖农贸市场,3.00,2.25,菜花,湖北,none,2017-09-30,蔬菜,元/斤
华中,2.50,none,2018-08-25,湖北省洪湖农贸市场,3.00,2.25,菜花,湖北,none,2017-09-29,蔬菜,元/斤
华中,2.50,none,2018-08-25,湖北省洪湖农贸市场,3.00,2.25,菜花,湖北,none,2017-09-28,蔬菜,元/斤
华中,2.50,none,2018-08-25,湖北省洪湖农贸市场,3.00,2.25,菜花,湖北,none,2017-09-27,蔬菜,元/斤
华中,2.50,none,2018-08-25,湖北省洪湖农贸市场,3.00,2.25,菜花,湖北,none,2017-09-26,蔬菜,元/斤
华中,2.50,none,2018-08-25,湖北省洪湖农贸市场,3.00,2.25,菜花,湖北,none,2017-09-22,蔬菜,元/斤
华中,2.50,none,2018-08-25,湖北省洪湖农贸市场,3.00,2.25,菜花,湖北,none,2017-09-21,蔬菜,元/斤
华中,2.50,none,2018-08-25,湖北省洪湖农贸市场,3.00,2.25,菜花,湖北,none,2017-09-20,蔬菜,元/斤
华中,2.50,none,2018-08-25,湖北省洪湖农贸市场,3.00,2.25,菜花,湖北,none,2017-09-19,蔬菜,元/斤
华中,2.50,none,2018-08-25,湖北省洪湖农贸市场,3.00,2.25,菜花,湖北,none,2017-09-08,蔬菜,元/斤
华中,2.50,none,2018-08-25,湖北省洪湖农贸市场,3.00,2.25,菜花,湖北,none,2017-09-07,蔬菜,元/斤
华中,2.50,none,2018-08-25,湖北省洪湖农贸市场,3.00,2.25,菜花,湖北,none,2017-09-04,蔬菜,元/斤
华中,2.50,none,2018-08-25,湖北省洪湖农贸市场,2.75,2.25,菜花,湖北,none,2017-09-01,蔬菜,元/斤
华中,2.50,none,2018-08-25,湖北省洪湖农贸市场,2.75,2.25,菜花,湖北,none,2017-08-31,蔬菜,元/斤
华中,2.50,none,2018-08-25,湖北省洪湖农贸市场,2.75,2.25,菜花,湖北,none,2017-08-29,蔬菜,元/斤
华中,2.50,none,2018-08-25,湖北省洪湖农贸市场,2.75,2.25,菜花,湖北,none,2017-08-21,蔬菜,元/斤
华中,2.50,none,2018-08-25,湖北省洪湖农贸市场,2.75,2.25,菜花,湖北,none,2017-08-15,蔬菜,元/斤
华中,2.50,none,2018-08-25,湖北省洪湖农贸市场,2.70,2.20,菜花,湖北,none,2017-08-10,蔬菜,元/斤
华中,2.50,none,2018-08-25,湖北省洪湖农贸市场,2.70,2.20,菜花,湖北,none,2017-08-08,蔬菜,元/斤
华中,1.90,none,2018-08-25,湖北省洪湖农贸市场,2.30,1.60,菜花,湖北,none,2017-12-07,蔬菜,元/斤
华中,1.90,none,2018-08-25,湖北省洪湖农贸市场,2.30,1.60,菜花,湖北,none,2017-12-05,蔬菜,元/斤
华中,1.90,none,2018-08-25,湖北省洪湖农贸市场,2.30,1.60,菜花,湖北,none,2017-12-04,蔬菜,元/斤
华中,1.90,none,2018-08-25,湖北省洪湖农贸市场,2.30,1.60,菜花,湖北,none,2017-12-01,蔬菜,元/斤
华中,1.90,none,2018-08-25,湖北省洪湖农贸市场,2.30,1.60,菜花,湖北,none,2017-11-30,蔬菜,元/斤
华中,1.90,none,2018-08-25,湖北省洪湖农贸市场,2.30,1.60,菜花,湖北,none,2017-11-29,蔬菜,元/斤
华中,1.90,none,2018-08-25,湖北省洪湖农贸市场,2.20,1.60,菜花,湖北,none,2017-11-28,蔬菜,元/斤
华中,1.70,none,2018-08-25,湖北省洪湖农贸市场,2.00,1.40,菜花,湖北,none,2017-11-27,蔬菜,元/斤
华中,1.30,none,2018-08-25,湖北省洪湖农贸市场,1.50,1.10,菜花,湖北,none,2017-11-23,蔬菜,元/斤
华中,1.30,none,2018-08-25,湖北省洪湖农贸市场,1.50,1.10,菜花,湖北,none,2017-11-22,蔬菜,元/斤
华中,1.30,none,2018-08-25,湖北省洪湖农贸市场,1.50,1.10,菜花,湖北,none,2017-11-21,蔬菜,元/斤
华中,1.30,none,2018-08-25,湖北省洪湖农贸市场,1.50,1.10,菜花,湖北,none,2017-11-20,蔬菜,元/斤
华中,1.30,none,2018-08-25,湖北省洪湖农贸市场,1.50,1.10,菜花,湖北,none,2017-11-16,蔬菜,元/斤
华中,1.30,none,2018-08-25,湖北省洪湖农贸市场,1.50,1.10,菜花,湖北,none,2017-11-14,蔬菜,元/斤
华中,1.30,none,2018-08-25,湖北省洪湖农贸市场,1.50,1.10,菜花,湖北,none,2017-11-10,蔬菜,元/斤
华中,1.30,none,2018-08-25,湖北省洪湖农贸市场,1.50,1.10,菜花,湖北,none,2017-11-09,蔬菜,元/斤
华中,1.30,none,2018-08-25,湖北省洪湖农贸市场,1.50,1.10,菜花,湖北,none,2017-11-08,蔬菜,元/斤
华中,1.30,none,2018-08-25,湖北省洪湖农贸市场,1.50,1.10,菜花,湖北,none,2017-11-07,蔬菜,元/斤
华中,1.30,none,2018-08-25,湖北省洪湖农贸市场,1.50,1.10,菜花,湖北,none,2017-11-06,蔬菜,元/斤
华中,1.60,none,2018-08-25,湖北省洪湖农贸市场,1.90,1.20,菜花,湖北,none,2017-11-03,蔬菜,元/斤
华中,1.60,none,2018-08-25,湖北省洪湖农贸市场,1.90,1.20,菜花,湖北,none,2017-11-02,蔬菜,元/斤
华中,1.70,none,2018-08-25,湖北省洪湖农贸市场,2.00,1.30,菜花,湖北,none,2017-11-01,蔬菜,元/斤
华中,1.70,none,2018-08-25,湖北省洪湖农贸市场,2.00,1.30,菜花,湖北,none,2017-10-26,蔬菜,元/斤
华中,1.70,none,2018-08-25,湖北省洪湖农贸市场,2.00,1.30,菜花,湖北,none,2017-10-25,蔬菜,元/斤
华中,1.70,none,2018-08-25,湖北省洪湖农贸市场,2.00,1.30,菜花,湖北,none,2017-10-24,蔬菜,元/斤
华中,1.70,none,2018-08-25,湖北省洪湖农贸市场,2.00,1.40,菜花,湖北,none,2018-02-02,蔬菜,元/斤
华中,1.70,none,2018-08-25,湖北省洪湖农贸市场,2.00,1.40,菜花,湖北,none,2018-02-01,蔬菜,元/斤
华中,1.70,none,2018-08-25,湖北省洪湖农贸市场,2.00,1.40,菜花,湖北,none,2018-01-31,蔬菜,元/斤
华中,1.70,none,2018-08-25,湖北省洪湖农贸市场,2.00,1.40,菜花,湖北,none,2018-01-30,蔬菜,元/斤
华中,1.70,none,2018-08-25,湖北省洪湖农贸市场,2.00,1.40,菜花,湖北,none,2018-01-28,蔬菜,元/斤
华中,1.70,none,2018-08-25,湖北省洪湖农贸市场,2.00,1.40,菜花,湖北,none,2018-01-27,蔬菜,元/斤
华中,1.70,none,2018-08-25,湖北省洪湖农贸市场,2.00,1.40,菜花,湖北,none,2018-01-26,蔬菜,元/斤
华中,1.70,none,2018-08-25,湖北省洪湖农贸市场,2.00,1.40,菜花,湖北,none,2018-01-24,蔬菜,元/斤
华中,1.70,none,2018-08-25,湖北省洪湖农贸市场,2.00,1.40,菜花,湖北,none,2018-01-23,蔬菜,元/斤
华中,1.70,none,2018-08-25,湖北省洪湖农贸市场,2.00,1.40,菜花,湖北,none,2018-01-19,蔬菜,元/斤
华中,1.70,none,2018-08-25,湖北省洪湖农贸市场,2.00,1.40,菜花,湖北,none,2018-01-17,蔬菜,元/斤
华中,1.70,none,2018-08-25,湖北省洪湖农贸市场,2.00,1.40,菜花,湖北,none,2018-01-15,蔬菜,元/斤
华中,1.70,none,2018-08-25,湖北省洪湖农贸市场,2.00,1.40,菜花,湖北,none,2018-01-11,蔬菜,元/斤
华中,1.70,none,2018-08-25,湖北省洪湖农贸市场,2.00,1.40,菜花,湖北,none,2018-01-10,蔬菜,元/斤
华中,1.70,none,2018-08-25,湖北省洪湖农贸市场,2.00,1.40,菜花,湖北,none,2018-01-05,蔬菜,元/斤
华中,1.70,none,2018-08-25,湖北省洪湖农贸市场,2.00,1.40,菜花,湖北,none,2018-01-04,蔬菜,元/斤
华中,1.70,none,2018-08-25,湖北省洪湖农贸市场,2.00,1.40,菜花,湖北,none,2017-12-28,蔬菜,元/斤
华中,1.70,none,2018-08-25,湖北省洪湖农贸市场,2.00,1.40,菜花,湖北,none,2017-12-26,蔬菜,元/斤
华中,1.70,none,2018-08-25,湖北省洪湖农贸市场,2.00,1.40,菜花,湖北,none,2017-12-22,蔬菜,元/斤
华中,1.70,none,2018-08-25,湖北省洪湖农贸市场,2.00,1.40,菜花,湖北,none,2017-12-20,蔬菜,元/斤
华中,1.70,none,2018-08-25,湖北省洪湖农贸市场,2.00,1.40,菜花,湖北,none,2017-12-19,蔬菜,元/斤
华中,1.90,none,2018-08-25,湖北省洪湖农贸市场,2.30,1.60,菜花,湖北,none,2017-12-13,蔬菜,元/斤
华中,1.90,none,2018-08-25,湖北省洪湖农贸市场,2.30,1.60,菜花,湖北,none,2017-12-12,蔬菜,元/斤
华中,1.90,none,2018-08-25,湖北省洪湖农贸市场,2.30,1.60,菜花,湖北,none,2017-12-11,蔬菜,元/斤
华中,1.90,none,2018-08-25,湖北省洪湖农贸市场,2.30,1.60,菜花,湖北,none,2017-12-08,蔬菜,元/斤
华中,2.50,none,2018-08-25,湖北省洪湖农贸市场,3.00,1.50,菜花,湖北,none,2018-04-17,蔬菜,元/斤
华中,2.50,none,2018-08-25,湖北省洪湖农贸市场,3.00,1.50,菜花,湖北,none,2018-04-16,蔬菜,元/斤
华中,1.50,none,2018-08-25,湖北省洪湖农贸市场,2.00,1.00,菜花,湖北,none,2018-04-13,蔬菜,元/斤
华中,1.50,none,2018-08-25,湖北省洪湖农贸市场,2.00,1.00,菜花,湖北,none,2018-04-12,蔬菜,元/斤
华中,1.50,none,2018-08-25,湖北省洪湖农贸市场,2.00,1.00,菜花,湖北,none,2018-04-08,蔬菜,元/斤
华中,2.00,none,2018-08-25,湖北省洪湖农贸市场,2.50,1.50,菜花,湖北,none,2018-03-28,蔬菜,元/斤
华中,2.00,none,2018-08-25,湖北省洪湖农贸市场,2.50,1.50,菜花,湖北,none,2018-03-27,蔬菜,元/斤
华中,2.30,none,2018-08-25,湖北省洪湖农贸市场,2.90,1.80,菜花,湖北,none,2018-03-23,蔬菜,元/斤
华中,2.30,none,2018-08-25,湖北省洪湖农贸市场,2.90,1.80,菜花,湖北,none,2018-03-22,蔬菜,元/斤
华中,2.30,none,2018-08-25,湖北省洪湖农贸市场,2.90,1.80,菜花,湖北,none,2018-03-19,蔬菜,元/斤
华中,2.50,none,2018-08-25,湖北省洪湖农贸市场,3.30,2.00,菜花,湖北,none,2018-03-15,蔬菜,元/斤
华中,2.50,none,2018-08-25,湖北省洪湖农贸市场,3.30,2.00,菜花,湖北,none,2018-03-14,蔬菜,元/斤
华中,2.50,none,2018-08-25,湖北省洪湖农贸市场,3.30,2.00,菜花,湖北,none,2018-03-13,蔬菜,元/斤
华中,2.50,none,2018-08-25,湖北省洪湖农贸市场,3.30,2.00,菜花,湖北,none,2018-03-09,蔬菜,元/斤
华中,2.50,none,2018-08-25,湖北省洪湖农贸市场,3.30,2.00,菜花,湖北,none,2018-03-08,蔬菜,元/斤
华中,2.50,none,2018-08-25,湖北省洪湖农贸市场,3.30,2.00,菜花,湖北,none,2018-03-06,蔬菜,元/斤
华中,2.80,none,2018-08-25,湖北省洪湖农贸市场,3.50,2.30,菜花,湖北,none,2018-03-05,蔬菜,元/斤
华中,3.20,none,2018-08-25,湖北省洪湖农贸市场,3.90,2.70,菜花,湖北,none,2018-02-28,蔬菜,元/斤
华中,3.10,none,2018-08-25,湖北省洪湖农贸市场,3.50,2.70,菜花,湖北,none,2018-02-22,蔬菜,元/斤
华中,3.10,none,2018-08-25,湖北省洪湖农贸市场,3.50,2.70,菜花,湖北,none,2018-02-14,蔬菜,元/斤
华中,2.70,none,2018-08-25,湖北省洪湖农贸市场,3.00,2.30,菜花,湖北,none,2018-02-13,蔬菜,元/斤
华中,1.70,none,2018-08-25,湖北省洪湖农贸市场,2.00,1.40,菜花,湖北,none,2018-02-11,蔬菜,元/斤
华中,1.70,none,2018-08-25,湖北省洪湖农贸市场,2.00,1.40,菜花,湖北,none,2018-02-08,蔬菜,元/斤
华中,1.70,none,2018-08-25,湖北省洪湖农贸市场,2.00,1.40,菜花,湖北,none,2018-02-06,蔬菜,元/斤
华中,1.70,none,2018-08-25,湖北省洪湖农贸市场,2.00,1.40,菜花,湖北,none,2018-02-05,蔬菜,元/斤
华中,7.90,none,2018-08-25,湖北省洪湖农贸市场,8.30,7.40,大蒜,湖北,none,2017-04-01,蔬菜,元/斤
华中,7.90,none,2018-08-25,湖北省洪湖农贸市场,8.30,7.40,大蒜,湖北,none,2017-03-31,蔬菜,元/斤
华中,7.90,none,2018-08-25,湖北省洪湖农贸市场,8.30,7.40,大蒜,湖北,none,2017-03-30,蔬菜,元/斤
华中,7.90,none,2018-08-25,湖北省洪湖农贸市场,8.30,7.40,大蒜,湖北,none,2017-03-29,蔬菜,元/斤
华中,7.90,none,2018-08-25,湖北省洪湖农贸市场,8.30,7.40,大蒜,湖北,none,2017-03-28,蔬菜,元/斤
华中,7.50,none,2018-08-25,湖北省洪湖农贸市场,8.00,7.00,大蒜,湖北,none,2017-03-23,蔬菜,元/斤
华中,7.50,none,2018-08-25,湖北省洪湖农贸市场,8.00,7.00,大蒜,湖北,none,2017-03-22,蔬菜,元/斤
华中,7.50,none,2018-08-25,湖北省洪湖农贸市场,8.00,7.00,大蒜,湖北,none,2017-03-21,蔬菜,元/斤
华中,7.50,none,2018-08-25,湖北省洪湖农贸市场,8.00,7.00,大蒜,湖北,none,2017-03-20,蔬菜,元/斤
华中,7.50,none,2018-08-25,湖北省洪湖农贸市场,8.00,7.00,大蒜,湖北,none,2017-03-17,蔬菜,元/斤
华中,7.50,none,2018-08-25,湖北省洪湖农贸市场,8.00,7.00,大蒜,湖北,none,2017-03-07,蔬菜,元/斤
华中,7.50,none,2018-08-25,湖北省洪湖农贸市场,8.00,7.00,大蒜,湖北,none,2017-03-04,蔬菜,元/斤
华中,7.50,none,2018-08-25,湖北省洪湖农贸市场,8.00,7.00,大蒜,湖北,none,2017-03-03,蔬菜,元/斤
华中,7.50,none,2018-08-25,湖北省洪湖农贸市场,8.00,7.00,大蒜,湖北,none,2017-03-02,蔬菜,元/斤
华中,7.50,none,2018-08-25,湖北省洪湖农贸市场,8.00,7.00,大蒜,湖北,none,2017-03-01,蔬菜,元/斤
华中,7.50,none,2018-08-25,湖北省洪湖农贸市场,8.00,7.00,大蒜,湖北,none,2017-02-28,蔬菜,元/斤
华中,7.50,none,2018-08-25,湖北省洪湖农贸市场,8.00,7.00,大蒜,湖北,none,2017-02-27,蔬菜,元/斤
华中,7.50,none,2018-08-25,湖北省洪湖农贸市场,8.00,7.00,大蒜,湖北,none,2017-02-24,蔬菜,元/斤
华中,7.50,none,2018-08-25,湖北省洪湖农贸市场,8.00,7.00,大蒜,湖北,none,2017-02-23,蔬菜,元/斤
华中,7.50,none,2018-08-25,湖北省洪湖农贸市场,8.00,7.00,大蒜,湖北,none,2017-02-22,蔬菜,元/斤
华中,7.50,none,2018-08-25,湖北省洪湖农贸市场,8.00,7.00,大蒜,湖北,none,2017-02-21,蔬菜,元/斤
华中,7.50,none,2018-08-25,湖北省洪湖农贸市场,8.00,7.00,大蒜,湖北,none,2017-02-20,蔬菜,元/斤
华中,7.90,none,2018-08-25,湖北省洪湖农贸市场,8.40,7.40,大蒜,湖北,none,2017-02-17,蔬菜,元/斤
华中,7.90,none,2018-08-25,湖北省洪湖农贸市场,8.40,7.40,大蒜,湖北,none,2017-02-16,蔬菜,元/斤
华中,7.90,none,2018-08-25,湖北省洪湖农贸市场,8.40,7.40,大蒜,湖北,none,2017-02-15,蔬菜,元/斤
华中,10.50,none,2018-08-25,湖北省洪湖农贸市场,11.00,10.00,大蒜,湖北,none,2017-05-23,蔬菜,元/斤
华中,10.50,none,2018-08-25,湖北省洪湖农贸市场,11.00,10.00,大蒜,湖北,none,2017-05-22,蔬菜,元/斤
华中,10.50,none,2018-08-25,湖北省洪湖农贸市场,11.00,10.00,大蒜,湖北,none,2017-05-17,蔬菜,元/斤
华中,10.50,none,2018-08-25,湖北省洪湖农贸市场,11.00,10.00,大蒜,湖北,none,2017-05-15,蔬菜,元/斤
华中,10.50,none,2018-08-25,湖北省洪湖农贸市场,11.00,10.00,大蒜,湖北,none,2017-05-10,蔬菜,元/斤
华中,10.50,none,2018-08-25,湖北省洪湖农贸市场,11.00,10.00,大蒜,湖北,none,2017-05-09,蔬菜,元/斤
华中,10.50,none,2018-08-25,湖北省洪湖农贸市场,11.00,10.00,大蒜,湖北,none,2017-05-08,蔬菜,元/斤
华中,10.50,none,2018-08-25,湖北省洪湖农贸市场,11.00,10.00,大蒜,湖北,none,2017-05-05,蔬菜,元/斤
华中,10.30,none,2018-08-25,湖北省洪湖农贸市场,10.80,9.80,大蒜,湖北,none,2017-05-04,蔬菜,元/斤
华中,10.20,none,2018-08-25,湖北省洪湖农贸市场,10.70,9.70,大蒜,湖北,none,2017-05-03,蔬菜,元/斤
华中,10.00,none,2018-08-25,湖北省洪湖农贸市场,10.50,9.50,大蒜,湖北,none,2017-05-02,蔬菜,元/斤
华中,9.20,none,2018-08-25,湖北省洪湖农贸市场,9.70,8.70,大蒜,湖北,none,2017-04-28,蔬菜,元/斤
华中,9.20,none,2018-08-25,湖北省洪湖农贸市场,9.70,8.70,大蒜,湖北,none,2017-04-27,蔬菜,元/斤
华中,9.20,none,2018-08-25,湖北省洪湖农贸市场,9.70,8.70,大蒜,湖北,none,2017-04-26,蔬菜,元/斤
华中,9.20,none,2018-08-25,湖北省洪湖农贸市场,9.70,8.70,大蒜,湖北,none,2017-04-25,蔬菜,元/斤
华中,9.20,none,2018-08-25,湖北省洪湖农贸市场,9.70,8.70,大蒜,湖北,none,2017-04-20,蔬菜,元/斤
华中,9.20,none,2018-08-25,湖北省洪湖农贸市场,9.70,8.70,大蒜,湖北,none,2017-04-18,蔬菜,元/斤
华中,9.00,none,2018-08-25,湖北省洪湖农贸市场,9.50,8.50,大蒜,湖北,none,2017-04-17,蔬菜,元/斤
华中,9.00,none,2018-08-25,湖北省洪湖农贸市场,9.50,8.50,大蒜,湖北,none,2017-04-14,蔬菜,元/斤
华中,9.00,none,2018-08-25,湖北省洪湖农贸市场,9.50,8.50,大蒜,湖北,none,2017-04-13,蔬菜,元/斤
华中,9.00,none,2018-08-25,湖北省洪湖农贸市场,9.50,8.50,大蒜,湖北,none,2017-04-12,蔬菜,元/斤
华中,9.00,none,2018-08-25,湖北省洪湖农贸市场,9.50,8.50,大蒜,湖北,none,2017-04-11,蔬菜,元/斤
华中,9.00,none,2018-08-25,湖北省洪湖农贸市场,9.50,8.50,大蒜,湖北,none,2017-04-10,蔬菜,元/斤
华中,8.70,none,2018-08-25,湖北省洪湖农贸市场,9.20,8.20,大蒜,湖北,none,2017-04-06,蔬菜,元/斤
华中,8.50,none,2018-08-25,湖北省洪湖农贸市场,9.00,8.00,大蒜,湖北,none,2017-04-05,蔬菜,元/斤
华中,9.50,none,2018-08-25,湖北省洪湖农贸市场,10.50,9.00,大蒜,湖北,none,2017-07-19,蔬菜,元/斤
华中,9.50,none,2018-08-25,湖北省洪湖农贸市场,10.50,9.00,大蒜,湖北,none,2017-07-13,蔬菜,元/斤
华中,9.50,none,2018-08-25,湖北省洪湖农贸市场,10.50,9.00,大蒜,湖北,none,2017-07-12,蔬菜,元/斤
华中,9.50,none,2018-08-25,湖北省洪湖农贸市场,10.50,9.00,大蒜,湖北,none,2017-07-10,蔬菜,元/斤
华中,9.50,none,2018-08-25,湖北省洪湖农贸市场,10.50,9.00,大蒜,湖北,none,2017-07-08,蔬菜,元/斤
华中,9.50,none,2018-08-25,湖北省洪湖农贸市场,10.50,9.00,大蒜,湖北,none,2017-07-07,蔬菜,元/斤
华中,10.00,none,2018-08-25,湖北省洪湖农贸市场,10.50,9.50,大蒜,湖北,none,2017-07-06,蔬菜,元/斤
华中,10.00,none,2018-08-25,湖北省洪湖农贸市场,10.50,9.50,大蒜,湖北,none,2017-07-05,蔬菜,元/斤
华中,10.00,none,2018-08-25,湖北省洪湖农贸市场,10.50,9.50,大蒜,湖北,none,2017-07-04,蔬菜,元/斤
华中,10.00,none,2018-08-25,湖北省洪湖农贸市场,10.50,9.50,大蒜,湖北,none,2017-07-03,蔬菜,元/斤
华中,10.00,none,2018-08-25,湖北省洪湖农贸市场,10.50,9.50,大蒜,湖北,none,2017-06-30,蔬菜,元/斤
华中,10.00,none,2018-08-25,湖北省洪湖农贸市场,10.50,9.50,大蒜,湖北,none,2017-06-29,蔬菜,元/斤
华中,10.00,none,2018-08-25,湖北省洪湖农贸市场,10.50,9.50,大蒜,湖北,none,2017-06-27,蔬菜,元/斤
华中,10.00,none,2018-08-25,湖北省洪湖农贸市场,10.50,9.50,大蒜,湖北,none,2017-06-23,蔬菜,元/斤
华中,10.00,none,2018-08-25,湖北省洪湖农贸市场,10.50,9.50,大蒜,湖北,none,2017-06-21,蔬菜,元/斤
华中,10.00,none,2018-08-25,湖北省洪湖农贸市场,10.50,9.50,大蒜,湖北,none,2017-06-20,蔬菜,元/斤
华中,10.00,none,2018-08-25,湖北省洪湖农贸市场,10.50,9.50,大蒜,湖北,none,2017-06-15,蔬菜,元/斤
华中,10.00,none,2018-08-25,湖北省洪湖农贸市场,10.50,9.50,大蒜,湖北,none,2017-06-14,蔬菜,元/斤
华中,10.00,none,2018-08-25,湖北省洪湖农贸市场,10.50,9.50,大蒜,湖北,none,2017-06-13,蔬菜,元/斤
华中,10.00,none,2018-08-25,湖北省洪湖农贸市场,10.50,9.50,大蒜,湖北,none,2017-06-12,蔬菜,元/斤
华中,10.00,none,2018-08-25,湖北省洪湖农贸市场,10.50,9.50,大蒜,湖北,none,2017-06-08,蔬菜,元/斤
华中,10.00,none,2018-08-25,湖北省洪湖农贸市场,10.50,9.50,大蒜,湖北,none,2017-06-05,蔬菜,元/斤
华中,10.00,none,2018-08-25,湖北省洪湖农贸市场,10.50,9.50,大蒜,湖北,none,2017-06-01,蔬菜,元/斤
华中,10.00,none,2018-08-25,湖北省洪湖农贸市场,10.50,9.50,大蒜,湖北,none,2017-05-31,蔬菜,元/斤
华中,10.70,none,2018-08-25,湖北省洪湖农贸市场,11.20,10.20,大蒜,湖北,none,2017-05-24,蔬菜,元/斤
华中,4.80,none,2018-08-25,湖北省洪湖农贸市场,6.30,4.30,大蒜,湖北,none,2017-09-22,蔬菜,元/斤
华中,5.00,none,2018-08-25,湖北省洪湖农贸市场,6.50,4.50,大蒜,湖北,none,2017-09-21,蔬菜,元/斤
华中,5.50,none,2018-08-25,湖北省洪湖农贸市场,7.00,5.00,大蒜,湖北,none,2017-09-20,蔬菜,元/斤
华中,6.30,none,2018-08-25,湖北省洪湖农贸市场,7.50,5.50,大蒜,湖北,none,2017-09-19,蔬菜,元/斤
华中,9.00,none,2018-08-25,湖北省洪湖农贸市场,10.00,8.00,大蒜,湖北,none,2017-09-08,蔬菜,元/斤
华中,9.00,none,2018-08-25,湖北省洪湖农贸市场,10.00,8.00,大蒜,湖北,none,2017-09-07,蔬菜,元/斤
华中,9.00,none,2018-08-25,湖北省洪湖农贸市场,10.00,8.00,大蒜,湖北,none,2017-09-04,蔬菜,元/斤
华中,10.00,none,2018-08-25,湖北省洪湖农贸市场,11.00,9.50,大蒜,湖北,none,2017-09-01,蔬菜,元/斤
华中,10.00,none,2018-08-25,湖北省洪湖农贸市场,11.00,9.50,大蒜,湖北,none,2017-08-31,蔬菜,元/斤
华中,10.00,none,2018-08-25,湖北省洪湖农贸市场,11.00,9.50,大蒜,湖北,none,2017-08-30,蔬菜,元/斤
华中,10.00,none,2018-08-25,湖北省洪湖农贸市场,11.00,9.50,大蒜,湖北,none,2017-08-29,蔬菜,元/斤
华中,10.00,none,2018-08-25,湖北省洪湖农贸市场,11.00,9.50,大蒜,湖北,none,2017-08-21,蔬菜,元/斤
华中,10.00,none,2018-08-25,湖北省洪湖农贸市场,11.00,9.50,大蒜,湖北,none,2017-08-16,蔬菜,元/斤
华中,10.00,none,2018-08-25,湖北省洪湖农贸市场,11.00,9.50,大蒜,湖北,none,2017-08-15,蔬菜,元/斤
华中,10.00,none,2018-08-25,湖北省洪湖农贸市场,11.00,9.50,大蒜,湖北,none,2017-08-14,蔬菜,元/斤
华中,9.80,none,2018-08-25,湖北省洪湖农贸市场,10.80,9.30,大蒜,湖北,none,2017-08-10,蔬菜,元/斤
华中,9.80,none,2018-08-25,湖北省洪湖农贸市场,10.80,9.30,大蒜,湖北,none,2017-08-08,蔬菜,元/斤
华中,9.50,none,2018-08-25,湖北省洪湖农贸市场,10.50,9.00,大蒜,湖北,none,2017-08-03,蔬菜,元/斤
华中,9.50,none,2018-08-25,湖北省洪湖农贸市场,10.50,9.00,大蒜,湖北,none,2017-07-28,蔬菜,元/斤
华中,9.50,none,2018-08-25,湖北省洪湖农贸市场,10.50,9.00,大蒜,湖北,none,2017-07-27,蔬菜,元/斤
华中,9.50,none,2018-08-25,湖北省洪湖农贸市场,10.50,9.00,大蒜,湖北,none,2017-07-26,蔬菜,元/斤
华中,9.50,none,2018-08-25,湖北省洪湖农贸市场,10.50,9.00,大蒜,湖北,none,2017-07-25,蔬菜,元/斤
华中,9.50,none,2018-08-25,湖北省洪湖农贸市场,10.50,9.00,大蒜,湖北,none,2017-07-24,蔬菜,元/斤
华中,9.50,none,2018-08-25,湖北省洪湖农贸市场,10.50,9.00,大蒜,湖北,none,2017-07-21,蔬菜,元/斤
华中,9.50,none,2018-08-25,湖北省洪湖农贸市场,10.50,9.00,大蒜,湖北,none,2017-07-20,蔬菜,元/斤
华中,2.50,none,2018-08-25,湖北省洪湖农贸市场,2.80,2.25,大蒜,湖北,none,2017-11-14,蔬菜,元/斤
华中,2.50,none,2018-08-25,湖北省洪湖农贸市场,2.80,2.25,大蒜,湖北,none,2017-11-13,蔬菜,元/斤
华中,2.50,none,2018-08-25,湖北省洪湖农贸市场,2.80,2.25,大蒜,湖北,none,2017-11-10,蔬菜,元/斤
华中,2.50,none,2018-08-25,湖北省洪湖农贸市场,2.80,2.25,大蒜,湖北,none,2017-11-09,蔬菜,元/斤
华中,2.50,none,2018-08-25,湖北省洪湖农贸市场,2.80,2.25,大蒜,湖北,none,2017-11-08,蔬菜,元/斤
华中,2.50,none,2018-08-25,湖北省洪湖农贸市场,2.80,2.25,大蒜,湖北,none,2017-11-07,蔬菜,元/斤
华中,2.50,none,2018-08-25,湖北省洪湖农贸市场,2.80,2.25,大蒜,湖北,none,2017-11-06,蔬菜,元/斤
华中,2.50,none,2018-08-25,湖北省洪湖农贸市场,2.80,2.25,大蒜,湖北,none,2017-11-03,蔬菜,元/斤
华中,2.50,none,2018-08-25,湖北省洪湖农贸市场,2.80,2.25,大蒜,湖北,none,2017-11-02,蔬菜,元/斤
华中,2.50,none,2018-08-25,湖北省洪湖农贸市场,2.75,2.25,大蒜,湖北,none,2017-11-01,蔬菜,元/斤
华中,2.50,none,2018-08-25,湖北省洪湖农贸市场,2.75,2.25,大蒜,湖北,none,2017-10-26,蔬菜,元/斤
华中,2.50,none,2018-08-25,湖北省洪湖农贸市场,2.75,2.25,大蒜,湖北,none,2017-10-25,蔬菜,元/斤
华中,2.50,none,2018-08-25,湖北省洪湖农贸市场,2.75,2.25,大蒜,湖北,none,2017-10-24,蔬菜,元/斤
华中,2.50,none,2018-08-25,湖北省洪湖农贸市场,2.75,2.25,大蒜,湖北,none,2017-10-20,蔬菜,元/斤
华中,2.50,none,2018-08-25,湖北省洪湖农贸市场,2.75,2.25,大蒜,湖北,none,2017-10-19,蔬菜,元/斤
华中,2.50,none,2018-08-25,湖北省洪湖农贸市场,2.75,2.25,大蒜,湖北,none,2017-10-18,蔬菜,元/斤
华中,2.50,none,2018-08-25,湖北省洪湖农贸市场,2.75,2.25,大蒜,湖北,none,2017-10-16,蔬菜,元/斤
华中,2.50,none,2018-08-25,湖北省洪湖农贸市场,2.75,2.25,大蒜,湖北,none,2017-10-12,蔬菜,元/斤
华中,2.50,none,2018-08-25,湖北省洪湖农贸市场,2.75,2.25,大蒜,湖北,none,2017-10-11,蔬菜,元/斤
华中,2.50,none,2018-08-25,湖北省洪湖农贸市场,2.75,2.25,大蒜,湖北,none,2017-10-09,蔬菜,元/斤
华中,4.60,none,2018-08-25,湖北省洪湖农贸市场,6.00,4.10,大蒜,湖北,none,2017-09-30,蔬菜,元/斤
华中,4.60,none,2018-08-25,湖北省洪湖农贸市场,6.00,4.10,大蒜,湖北,none,2017-09-29,蔬菜,元/斤
华中,4.60,none,2018-08-25,湖北省洪湖农贸市场,6.00,4.10,大蒜,湖北,none,2017-09-28,蔬菜,元/斤
华中,4.60,none,2018-08-25,湖北省洪湖农贸市场,6.00,4.10,大蒜,湖北,none,2017-09-27,蔬菜,元/斤
华中,4.60,none,2018-08-25,湖北省洪湖农贸市场,6.00,4.10,大蒜,湖北,none,2017-09-26,蔬菜,元/斤
华中,2.50,none,2018-08-25,湖北省洪湖农贸市场,2.80,2.25,大蒜,湖北,none,2018-01-05,蔬菜,元/斤
华中,2.50,none,2018-08-25,湖北省洪湖农贸市场,2.80,2.25,大蒜,湖北,none,2018-01-04,蔬菜,元/斤
华中,2.50,none,2018-08-25,湖北省洪湖农贸市场,2.80,2.25,大蒜,湖北,none,2018-01-03,蔬菜,元/斤
华中,2.50,none,2018-08-25,湖北省洪湖农贸市场,2.80,2.25,大蒜,湖北,none,2017-12-28,蔬菜,元/斤
华中,2.50,none,2018-08-25,湖北省洪湖农贸市场,2.80,2.25,大蒜,湖北,none,2017-12-26,蔬菜,元/斤
华中,2.50,none,2018-08-25,湖北省洪湖农贸市场,2.80,2.25,大蒜,湖北,none,2017-12-22,蔬菜,元/斤
华中,2.50,none,2018-08-25,湖北省洪湖农贸市场,2.80,2.25,大蒜,湖北,none,2017-12-20,蔬菜,元/斤
华中,2.50,none,2018-08-25,湖北省洪湖农贸市场,2.80,2.25,大蒜,湖北,none,2017-12-19,蔬菜,元/斤
华中,2.50,none,2018-08-25,湖北省洪湖农贸市场,2.80,2.25,大蒜,湖北,none,2017-12-13,蔬菜,元/斤
华中,2.50,none,2018-08-25,湖北省洪湖农贸市场,2.80,2.25,大蒜,湖北,none,2017-12-12,蔬菜,元/斤
华中,2.50,none,2018-08-25,湖北省洪湖农贸市场,2.80,2.25,大蒜,湖北,none,2017-12-11,蔬菜,元/斤
华中,2.50,none,2018-08-25,湖北省洪湖农贸市场,2.80,2.25,大蒜,湖北,none,2017-12-08,蔬菜,元/斤
华中,2.50,none,2018-08-25,湖北省洪湖农贸市场,2.80,2.25,大蒜,湖北,none,2017-12-07,蔬菜,元/斤
华中,2.50,none,2018-08-25,湖北省洪湖农贸市场,2.80,2.25,大蒜,湖北,none,2017-12-05,蔬菜,元/斤
华中,2.50,none,2018-08-25,湖北省洪湖农贸市场,2.80,2.25,大蒜,湖北,none,2017-12-04,蔬菜,元/斤
华中,2.50,none,2018-08-25,湖北省洪湖农贸市场,2.80,2.25,大蒜,湖北,none,2017-12-01,蔬菜,元/斤
华中,2.50,none,2018-08-25,湖北省洪湖农贸市场,2.80,2.25,大蒜,湖北,none,2017-11-30,蔬菜,元/斤
华中,2.50,none,2018-08-25,湖北省洪湖农贸市场,2.80,2.25,大蒜,湖北,none,2017-11-29,蔬菜,元/斤
华中,2.50,none,2018-08-25,湖北省洪湖农贸市场,2.80,2.25,大蒜,湖北,none,2017-11-28,蔬菜,元/斤
华中,2.50,none,2018-08-25,湖北省洪湖农贸市场,2.80,2.25,大蒜,湖北,none,2017-11-27,蔬菜,元/斤
华中,2.50,none,2018-08-25,湖北省洪湖农贸市场,2.80,2.25,大蒜,湖北,none,2017-11-23,蔬菜,元/斤
华中,2.50,none,2018-08-25,湖北省洪湖农贸市场,2.80,2.25,大蒜,湖北,none,2017-11-22,蔬菜,元/斤
华中,2.50,none,2018-08-25,湖北省洪湖农贸市场,2.80,2.25,大蒜,湖北,none,2017-11-21,蔬菜,元/斤
华中,2.50,none,2018-08-25,湖北省洪湖农贸市场,2.80,2.25,大蒜,湖北,none,2017-11-20,蔬菜,元/斤
华中,2.50,none,2018-08-25,湖北省洪湖农贸市场,2.80,2.25,大蒜,湖北,none,2017-11-16,蔬菜,元/斤
华中,2.50,none,2018-08-25,湖北省洪湖农贸市场,2.80,2.25,大蒜,湖北,none,2018-02-28,蔬菜,元/斤
华中,2.50,none,2018-08-25,湖北省洪湖农贸市场,2.80,2.25,大蒜,湖北,none,2018-02-26,蔬菜,元/斤
华中,2.50,none,2018-08-25,湖北省洪湖农贸市场,2.80,2.25,大蒜,湖北,none,2018-02-22,蔬菜,元/斤
华中,2.50,none,2018-08-25,湖北省洪湖农贸市场,2.80,2.25,大蒜,湖北,none,2018-02-14,蔬菜,元/斤
华中,2.50,none,2018-08-25,湖北省洪湖农贸市场,2.80,2.25,大蒜,湖北,none,2018-02-13,蔬菜,元/斤
华中,2.50,none,2018-08-25,湖北省洪湖农贸市场,2.80,2.25,大蒜,湖北,none,2018-02-11,蔬菜,元/斤
华中,2.50,none,2018-08-25,湖北省洪湖农贸市场,2.80,2.25,大蒜,湖北,none,2018-02-08,蔬菜,元/斤
华中,2.50,none,2018-08-25,湖北省洪湖农贸市场,2.80,2.25,大蒜,湖北,none,2018-02-06,蔬菜,元/斤
华中,2.50,none,2018-08-25,湖北省洪湖农贸市场,2.80,2.25,大蒜,湖北,none,2018-02-05,蔬菜,元/斤
华中,2.50,none,2018-08-25,湖北省洪湖农贸市场,2.80,2.25,大蒜,湖北,none,2018-02-02,蔬菜,元/斤
华中,2.50,none,2018-08-25,湖北省洪湖农贸市场,2.80,2.25,大蒜,湖北,none,2018-02-01,蔬菜,元/斤
华中,2.50,none,2018-08-25,湖北省洪湖农贸市场,2.80,2.25,大蒜,湖北,none,2018-01-31,蔬菜,元/斤
华中,2.50,none,2018-08-25,湖北省洪湖农贸市场,2.80,2.25,大蒜,湖北,none,2018-01-30,蔬菜,元/斤
华中,2.50,none,2018-08-25,湖北省洪湖农贸市场,2.80,2.25,大蒜,湖北,none,2018-01-28,蔬菜,元/斤
华中,2.50,none,2018-08-25,湖北省洪湖农贸市场,2.80,2.25,大蒜,湖北,none,2018-01-27,蔬菜,元/斤
华中,2.50,none,2018-08-25,湖北省洪湖农贸市场,2.80,2.25,大蒜,湖北,none,2018-01-26,蔬菜,元/斤
华中,2.50,none,2018-08-25,湖北省洪湖农贸市场,2.80,2.25,大蒜,湖北,none,2018-01-24,蔬菜,元/斤
华中,2.50,none,2018-08-25,湖北省洪湖农贸市场,2.80,2.25,大蒜,湖北,none,2018-01-23,蔬菜,元/斤
华中,2.50,none,2018-08-25,湖北省洪湖农贸市场,2.80,2.25,大蒜,湖北,none,2018-01-19,蔬菜,元/斤
华中,2.50,none,2018-08-25,湖北省洪湖农贸市场,2.80,2.25,大蒜,湖北,none,2018-01-17,蔬菜,元/斤
华中,2.50,none,2018-08-25,湖北省洪湖农贸市场,2.80,2.25,大蒜,湖北,none,2018-01-15,蔬菜,元/斤
华中,2.50,none,2018-08-25,湖北省洪湖农贸市场,2.80,2.25,大蒜,湖北,none,2018-01-12,蔬菜,元/斤
华中,2.50,none,2018-08-25,湖北省洪湖农贸市场,2.80,2.25,大蒜,湖北,none,2018-01-11,蔬菜,元/斤
华中,2.50,none,2018-08-25,湖北省洪湖农贸市场,2.80,2.25,大蒜,湖北,none,2018-01-10,蔬菜,元/斤
华中,2.50,none,2018-08-25,湖北省洪湖农贸市场,2.80,2.25,大蒜,湖北,none,2018-01-09,蔬菜,元/斤
华中,2.50,none,2018-08-25,湖北省洪湖农贸市场,2.80,2.25,大蒜,湖北,none,2018-04-24,蔬菜,元/斤
华中,2.50,none,2018-08-25,湖北省洪湖农贸市场,2.80,2.25,大蒜,湖北,none,2018-04-20,蔬菜,元/斤
华中,2.50,none,2018-08-25,湖北省洪湖农贸市场,2.80,2.25,大蒜,湖北,none,2018-04-19,蔬菜,元/斤
华中,2.50,none,2018-08-25,湖北省洪湖农贸市场,2.80,2.25,大蒜,湖北,none,2018-04-17,蔬菜,元/斤
华中,2.50,none,2018-08-25,湖北省洪湖农贸市场,2.80,2.25,大蒜,湖北,none,2018-04-16,蔬菜,元/斤
华中,2.50,none,2018-08-25,湖北省洪湖农贸市场,2.80,2.25,大蒜,湖北,none,2018-04-13,蔬菜,元/斤
华中,2.50,none,2018-08-25,湖北省洪湖农贸市场,2.80,2.25,大蒜,湖北,none,2018-04-12,蔬菜,元/斤
华中,2.50,none,2018-08-25,湖北省洪湖农贸市场,2.80,2.25,大蒜,湖北,none,2018-04-08,蔬菜,元/斤
华中,2.50,none,2018-08-25,湖北省洪湖农贸市场,2.80,2.25,大蒜,湖北,none,2018-03-30,蔬菜,元/斤
华中,2.50,none,2018-08-25,湖北省洪湖农贸市场,2.80,2.25,大蒜,湖北,none,2018-03-29,蔬菜,元/斤
华中,2.50,none,2018-08-25,湖北省洪湖农贸市场,2.80,2.25,大蒜,湖北,none,2018-03-28,蔬菜,元/斤
华中,2.50,none,2018-08-25,湖北省洪湖农贸市场,2.80,2.25,大蒜,湖北,none,2018-03-27,蔬菜,元/斤
华中,2.50,none,2018-08-25,湖北省洪湖农贸市场,2.80,2.25,大蒜,湖北,none,2018-03-26,蔬菜,元/斤
华中,2.50,none,2018-08-25,湖北省洪湖农贸市场,2.80,2.25,大蒜,湖北,none,2018-03-23,蔬菜,元/斤
华中,2.50,none,2018-08-25,湖北省洪湖农贸市场,2.80,2.25,大蒜,湖北,none,2018-03-22,蔬菜,元/斤
华中,2.50,none,2018-08-25,湖北省洪湖农贸市场,2.80,2.25,大蒜,湖北,none,2018-03-21,蔬菜,元/斤
华中,2.50,none,2018-08-25,湖北省洪湖农贸市场,2.80,2.25,大蒜,湖北,none,2018-03-19,蔬菜,元/斤
华中,2.50,none,2018-08-25,湖北省洪湖农贸市场,2.80,2.25,大蒜,湖北,none,2018-03-15,蔬菜,元/斤
华中,2.50,none,2018-08-25,湖北省洪湖农贸市场,2.80,2.25,大蒜,湖北,none,2018-03-14,蔬菜,元/斤
华中,2.50,none,2018-08-25,湖北省洪湖农贸市场,2.80,2.25,大蒜,湖北,none,2018-03-13,蔬菜,元/斤
华中,2.50,none,2018-08-25,湖北省洪湖农贸市场,2.80,2.25,大蒜,湖北,none,2018-03-09,蔬菜,元/斤
华中,2.50,none,2018-08-25,湖北省洪湖农贸市场,2.80,2.25,大蒜,湖北,none,2018-03-08,蔬菜,元/斤
华中,2.50,none,2018-08-25,湖北省洪湖农贸市场,2.80,2.25,大蒜,湖北,none,2018-03-06,蔬菜,元/斤
华中,2.50,none,2018-08-25,湖北省洪湖农贸市场,2.80,2.25,大蒜,湖北,none,2018-03-05,蔬菜,元/斤
华中,2.50,none,2018-08-25,湖北省洪湖农贸市场,2.80,2.25,大蒜,湖北,none,2018-03-02,蔬菜,元/斤
华中,1.50,none,2018-08-25,湖北省洪湖农贸市场,1.70,1.30,生菜,湖北,none,2017-06-05,蔬菜,元/斤
华中,1.50,none,2018-08-25,湖北省洪湖农贸市场,1.70,1.30,生菜,湖北,none,2017-06-01,蔬菜,元/斤
华中,1.50,none,2018-08-25,湖北省洪湖农贸市场,1.70,1.30,生菜,湖北,none,2017-05-31,蔬菜,元/斤
华中,1.50,none,2018-08-25,湖北省洪湖农贸市场,1.70,1.30,生菜,湖北,none,2017-05-24,蔬菜,元/斤
华中,1.50,none,2018-08-25,湖北省洪湖农贸市场,1.70,1.30,生菜,湖北,none,2017-05-23,蔬菜,元/斤
华中,1.50,none,2018-08-25,湖北省洪湖农贸市场,1.70,1.30,生菜,湖北,none,2017-05-22,蔬菜,元/斤
华中,1.50,none,2018-08-25,湖北省洪湖农贸市场,1.70,1.30,生菜,湖北,none,2017-05-17,蔬菜,元/斤
华中,1.50,none,2018-08-25,湖北省洪湖农贸市场,1.70,1.30,生菜,湖北,none,2017-05-15,蔬菜,元/斤
华中,1.50,none,2018-08-25,湖北省洪湖农贸市场,1.70,1.30,生菜,湖北,none,2017-05-12,蔬菜,元/斤
华中,1.50,none,2018-08-25,湖北省洪湖农贸市场,1.70,1.30,生菜,湖北,none,2017-05-10,蔬菜,元/斤
华中,1.50,none,2018-08-25,湖北省洪湖农贸市场,1.70,1.30,生菜,湖北,none,2017-05-09,蔬菜,元/斤
华中,1.50,none,2018-08-25,湖北省洪湖农贸市场,1.70,1.30,生菜,湖北,none,2017-05-08,蔬菜,元/斤
华中,1.50,none,2018-08-25,湖北省洪湖农贸市场,1.80,1.30,生菜,湖北,none,2017-05-05,蔬菜,元/斤
华中,1.50,none,2018-08-25,湖北省洪湖农贸市场,1.80,1.30,生菜,湖北,none,2017-05-04,蔬菜,元/斤
华中,1.50,none,2018-08-25,湖北省洪湖农贸市场,1.80,1.30,生菜,湖北,none,2017-05-03,蔬菜,元/斤
华中,1.50,none,2018-08-25,湖北省洪湖农贸市场,1.70,1.20,生菜,湖北,none,2017-05-02,蔬菜,元/斤
华中,1.50,none,2018-08-25,湖北省洪湖农贸市场,1.70,1.20,生菜,湖北,none,2017-04-28,蔬菜,元/斤
华中,1.50,none,2018-08-25,湖北省洪湖农贸市场,1.70,1.20,生菜,湖北,none,2017-04-27,蔬菜,元/斤
华中,1.50,none,2018-08-25,湖北省洪湖农贸市场,1.70,1.20,生菜,湖北,none,2017-04-26,蔬菜,元/斤
华中,1.50,none,2018-08-25,湖北省洪湖农贸市场,1.70,1.20,生菜,湖北,none,2017-04-25,蔬菜,元/斤
华中,1.50,none,2018-08-25,湖北省洪湖农贸市场,1.70,1.20,生菜,湖北,none,2017-04-20,蔬菜,元/斤
华中,1.50,none,2018-08-25,湖北省洪湖农贸市场,1.70,1.20,生菜,湖北,none,2017-04-18,蔬菜,元/斤
华中,1.20,none,2018-08-25,湖北省洪湖农贸市场,1.50,1.00,生菜,湖北,none,2017-04-17,蔬菜,元/斤
华中,1.40,none,2018-08-25,湖北省洪湖农贸市场,1.70,1.10,生菜,湖北,none,2017-04-14,蔬菜,元/斤
华中,1.40,none,2018-08-25,湖北省洪湖农贸市场,1.70,1.10,生菜,湖北,none,2017-04-13,蔬菜,元/斤
华中,1.80,none,2018-08-25,湖北省洪湖农贸市场,2.00,1.50,生菜,湖北,none,2017-07-13,蔬菜,元/斤
华中,1.80,none,2018-08-25,湖北省洪湖农贸市场,2.00,1.50,生菜,湖北,none,2017-07-12,蔬菜,元/斤
华中,1.80,none,2018-08-25,湖北省洪湖农贸市场,2.00,1.50,生菜,湖北,none,2017-07-11,蔬菜,元/斤
华中,1.80,none,2018-08-25,湖北省洪湖农贸市场,2.00,1.50,生菜,湖北,none,2017-07-10,蔬菜,元/斤
华中,1.80,none,2018-08-25,湖北省洪湖农贸市场,2.00,1.50,生菜,湖北,none,2017-07-08,蔬菜,元/斤
华中,1.80,none,2018-08-25,湖北省洪湖农贸市场,2.00,1.50,生菜,湖北,none,2017-07-07,蔬菜,元/斤
华中,1.60,none,2018-08-25,湖北省洪湖农贸市场,1.80,1.40,生菜,湖北,none,2017-07-06,蔬菜,元/斤
华中,1.60,none,2018-08-25,湖北省洪湖农贸市场,1.80,1.40,生菜,湖北,none,2017-07-05,蔬菜,元/斤
华中,1.60,none,2018-08-25,湖北省洪湖农贸市场,1.80,1.40,生菜,湖北,none,2017-07-04,蔬菜,元/斤
华中,1.60,none,2018-08-25,湖北省洪湖农贸市场,1.80,1.40,生菜,湖北,none,2017-07-03,蔬菜,元/斤
华中,1.60,none,2018-08-25,湖北省洪湖农贸市场,1.80,1.40,生菜,湖北,none,2017-06-30,蔬菜,元/斤
华中,1.60,none,2018-08-25,湖北省洪湖农贸市场,1.80,1.40,生菜,湖北,none,2017-06-29,蔬菜,元/斤
华中,1.60,none,2018-08-25,湖北省洪湖农贸市场,1.80,1.40,生菜,湖北,none,2017-06-28,蔬菜,元/斤
华中,1.60,none,2018-08-25,湖北省洪湖农贸市场,1.80,1.40,生菜,湖北,none,2017-06-27,蔬菜,元/斤
华中,1.60,none,2018-08-25,湖北省洪湖农贸市场,1.80,1.40,生菜,湖北,none,2017-06-26,蔬菜,元/斤
华中,1.60,none,2018-08-25,湖北省洪湖农贸市场,1.80,1.40,生菜,湖北,none,2017-06-23,蔬菜,元/斤
华中,1.40,none,2018-08-25,湖北省洪湖农贸市场,1.60,1.20,生菜,湖北,none,2017-06-21,蔬菜,元/斤
华中,1.40,none,2018-08-25,湖北省洪湖农贸市场,1.60,1.20,生菜,湖北,none,2017-06-20,蔬菜,元/斤
华中,1.40,none,2018-08-25,湖北省洪湖农贸市场,1.60,1.20,生菜,湖北,none,2017-06-15,蔬菜,元/斤
华中,1.40,none,2018-08-25,湖北省洪湖农贸市场,1.60,1.20,生菜,湖北,none,2017-06-14,蔬菜,元/斤
华中,1.40,none,2018-08-25,湖北省洪湖农贸市场,1.60,1.20,生菜,湖北,none,2017-06-13,蔬菜,元/斤
华中,1.40,none,2018-08-25,湖北省洪湖农贸市场,1.60,1.20,生菜,湖北,none,2017-06-12,蔬菜,元/斤
华中,1.40,none,2018-08-25,湖北省洪湖农贸市场,1.60,1.20,生菜,湖北,none,2017-06-09,蔬菜,元/斤
华中,1.40,none,2018-08-25,湖北省洪湖农贸市场,1.60,1.20,生菜,湖北,none,2017-06-08,蔬菜,元/斤
华中,1.50,none,2018-08-25,湖北省洪湖农贸市场,1.70,1.30,生菜,湖北,none,2017-06-06,蔬菜,元/斤
华中,3.00,none,2018-08-25,湖北省洪湖农贸市场,3.50,2.80,生菜,湖北,none,2017-09-04,蔬菜,元/斤
华中,3.00,none,2018-08-25,湖北省洪湖农贸市场,3.50,2.80,生菜,湖北,none,2017-09-01,蔬菜,元/斤
华中,3.00,none,2018-08-25,湖北省洪湖农贸市场,3.50,2.80,生菜,湖北,none,2017-08-31,蔬菜,元/斤
华中,3.00,none,2018-08-25,湖北省洪湖农贸市场,3.50,2.80,生菜,湖北,none,2017-08-30,蔬菜,元/斤
华中,3.00,none,2018-08-25,湖北省洪湖农贸市场,3.50,2.80,生菜,湖北,none,2017-08-29,蔬菜,元/斤
华中,3.00,none,2018-08-25,湖北省洪湖农贸市场,3.50,2.80,生菜,湖北,none,2017-08-24,蔬菜,元/斤
华中,3.00,none,2018-08-25,湖北省洪湖农贸市场,3.50,2.80,生菜,湖北,none,2017-08-23,蔬菜,元/斤
华中,3.00,none,2018-08-25,湖北省洪湖农贸市场,3.50,2.80,生菜,湖北,none,2017-08-22,蔬菜,元/斤
华中,3.00,none,2018-08-25,湖北省洪湖农贸市场,3.40,2.80,生菜,湖北,none,2017-08-21,蔬菜,元/斤
华中,2.50,none,2018-08-25,湖北省洪湖农贸市场,2.90,2.40,生菜,湖北,none,2017-08-18,蔬菜,元/斤
华中,2.50,none,2018-08-25,湖北省洪湖农贸市场,2.90,2.40,生菜,湖北,none,2017-08-16,蔬菜,元/斤
华中,2.50,none,2018-08-25,湖北省洪湖农贸市场,2.90,2.40,生菜,湖北,none,2017-08-15,蔬菜,元/斤
华中,2.50,none,2018-08-25,湖北省洪湖农贸市场,2.90,2.40,生菜,湖北,none,2017-08-14,蔬菜,元/斤
华中,2.30,none,2018-08-25,湖北省洪湖农贸市场,2.60,2.10,生菜,湖北,none,2017-08-10,蔬菜,元/斤
华中,2.30,none,2018-08-25,湖北省洪湖农贸市场,2.60,2.10,生菜,湖北,none,2017-08-08,蔬菜,元/斤
华中,2.50,none,2018-08-25,湖北省洪湖农贸市场,2.80,2.30,生菜,湖北,none,2017-08-03,蔬菜,元/斤
华中,2.50,none,2018-08-25,湖北省洪湖农贸市场,2.80,2.30,生菜,湖北,none,2017-08-02,蔬菜,元/斤
华中,1.80,none,2018-08-25,湖北省洪湖农贸市场,2.00,1.50,生菜,湖北,none,2017-07-28,蔬菜,元/斤
华中,1.80,none,2018-08-25,湖北省洪湖农贸市场,2.00,1.50,生菜,湖北,none,2017-07-27,蔬菜,元/斤
华中,1.80,none,2018-08-25,湖北省洪湖农贸市场,2.00,1.50,生菜,湖北,none,2017-07-26,蔬菜,元/斤
华中,1.80,none,2018-08-25,湖北省洪湖农贸市场,2.00,1.50,生菜,湖北,none,2017-07-25,蔬菜,元/斤
华中,1.80,none,2018-08-25,湖北省洪湖农贸市场,2.00,1.50,生菜,湖北,none,2017-07-24,蔬菜,元/斤
华中,1.80,none,2018-08-25,湖北省洪湖农贸市场,2.00,1.50,生菜,湖北,none,2017-07-21,蔬菜,元/斤
华中,1.80,none,2018-08-25,湖北省洪湖农贸市场,2.00,1.50,生菜,湖北,none,2017-07-20,蔬菜,元/斤
华中,1.80,none,2018-08-25,湖北省洪湖农贸市场,2.00,1.50,生菜,湖北,none,2017-07-19,蔬菜,元/斤
华中,2.20,none,2018-08-25,湖北省洪湖农贸市场,2.50,1.70,生菜,湖北,none,2017-11-01,蔬菜,元/斤
华中,2.20,none,2018-08-25,湖北省洪湖农贸市场,2.50,1.70,生菜,湖北,none,2017-10-31,蔬菜,元/斤
华中,2.20,none,2018-08-25,湖北省洪湖农贸市场,2.50,1.70,生菜,湖北,none,2017-10-27,蔬菜,元/斤
华中,2.20,none,2018-08-25,湖北省洪湖农贸市场,2.50,1.70,生菜,湖北,none,2017-10-26,蔬菜,元/斤
华中,2.20,none,2018-08-25,湖北省洪湖农贸市场,2.50,1.70,生菜,湖北,none,2017-10-25,蔬菜,元/斤
华中,2.20,none,2018-08-25,湖北省洪湖农贸市场,2.50,1.70,生菜,湖北,none,2017-10-24,蔬菜,元/斤
华中,2.20,none,2018-08-25,湖北省洪湖农贸市场,2.50,1.70,生菜,湖北,none,2017-10-20,蔬菜,元/斤
华中,2.20,none,2018-08-25,湖北省洪湖农贸市场,2.50,1.70,生菜,湖北,none,2017-10-19,蔬菜,元/斤
华中,2.20,none,2018-08-25,湖北省洪湖农贸市场,2.50,1.70,生菜,湖北,none,2017-10-18,蔬菜,元/斤
华中,2.20,none,2018-08-25,湖北省洪湖农贸市场,2.50,1.70,生菜,湖北,none,2017-10-16,蔬菜,元/斤
华中,2.20,none,2018-08-25,湖北省洪湖农贸市场,2.50,1.70,生菜,湖北,none,2017-10-13,蔬菜,元/斤
华中,2.20,none,2018-08-25,湖北省洪湖农贸市场,2.50,1.70,生菜,湖北,none,2017-10-12,蔬菜,元/斤
华中,2.20,none,2018-08-25,湖北省洪湖农贸市场,2.50,1.70,生菜,湖北,none,2017-10-11,蔬菜,元/斤
华中,2.20,none,2018-08-25,湖北省洪湖农贸市场,2.50,1.70,生菜,湖北,none,2017-10-09,蔬菜,元/斤
华中,3.00,none,2018-08-25,湖北省洪湖农贸市场,3.90,2.60,生菜,湖北,none,2017-09-30,蔬菜,元/斤
华中,3.00,none,2018-08-25,湖北省洪湖农贸市场,3.90,2.60,生菜,湖北,none,2017-09-29,蔬菜,元/斤
华中,3.00,none,2018-08-25,湖北省洪湖农贸市场,3.90,2.60,生菜,湖北,none,2017-09-28,蔬菜,元/斤
华中,3.00,none,2018-08-25,湖北省洪湖农贸市场,3.90,2.60,生菜,湖北,none,2017-09-27,蔬菜,元/斤
华中,3.00,none,2018-08-25,湖北省洪湖农贸市场,3.90,2.60,生菜,湖北,none,2017-09-26,蔬菜,元/斤
华中,3.00,none,2018-08-25,湖北省洪湖农贸市场,3.90,2.60,生菜,湖北,none,2017-09-22,蔬菜,元/斤
华中,3.00,none,2018-08-25,湖北省洪湖农贸市场,3.90,2.60,生菜,湖北,none,2017-09-21,蔬菜,元/斤
华中,3.00,none,2018-08-25,湖北省洪湖农贸市场,3.90,2.60,生菜,湖北,none,2017-09-20,蔬菜,元/斤
华中,3.00,none,2018-08-25,湖北省洪湖农贸市场,3.90,2.60,生菜,湖北,none,2017-09-19,蔬菜,元/斤
华中,3.00,none,2018-08-25,湖北省洪湖农贸市场,3.50,2.80,生菜,湖北,none,2017-09-08,蔬菜,元/斤
华中,3.00,none,2018-08-25,湖北省洪湖农贸市场,3.50,2.80,生菜,湖北,none,2017-09-07,蔬菜,元/斤
华中,1.80,none,2018-08-25,湖北省洪湖农贸市场,2.00,1.50,生菜,湖北,none,2017-12-06,蔬菜,元/斤
华中,1.80,none,2018-08-25,湖北省洪湖农贸市场,2.00,1.50,生菜,湖北,none,2017-12-05,蔬菜,元/斤
华中,1.80,none,2018-08-25,湖北省洪湖农贸市场,2.00,1.50,生菜,湖北,none,2017-12-04,蔬菜,元/斤
华中,1.80,none,2018-08-25,湖北省洪湖农贸市场,2.00,1.50,生菜,湖北,none,2017-12-01,蔬菜,元/斤
华中,1.80,none,2018-08-25,湖北省洪湖农贸市场,2.00,1.50,生菜,湖北,none,2017-11-30,蔬菜,元/斤
华中,1.80,none,2018-08-25,湖北省洪湖农贸市场,2.00,1.50,生菜,湖北,none,2017-11-29,蔬菜,元/斤
华中,1.80,none,2018-08-25,湖北省洪湖农贸市场,2.00,1.50,生菜,湖北,none,2017-11-28,蔬菜,元/斤
华中,1.80,none,2018-08-25,湖北省洪湖农贸市场,2.00,1.50,生菜,湖北,none,2017-11-27,蔬菜,元/斤
华中,1.80,none,2018-08-25,湖北省洪湖农贸市场,2.00,1.50,生菜,湖北,none,2017-11-24,蔬菜,元/斤
华中,1.80,none,2018-08-25,湖北省洪湖农贸市场,2.00,1.50,生菜,湖北,none,2017-11-23,蔬菜,元/斤
华中,1.80,none,2018-08-25,湖北省洪湖农贸市场,2.00,1.50,生菜,湖北,none,2017-11-22,蔬菜,元/斤
华中,1.80,none,2018-08-25,湖北省洪湖农贸市场,2.00,1.50,生菜,湖北,none,2017-11-21,蔬菜,元/斤
华中,1.80,none,2018-08-25,湖北省洪湖农贸市场,2.00,1.50,生菜,湖北,none,2017-11-20,蔬菜,元/斤
华中,1.80,none,2018-08-25,湖北省洪湖农贸市场,2.00,1.50,生菜,湖北,none,2017-11-17,蔬菜,元/斤
华中,1.80,none,2018-08-25,湖北省洪湖农贸市场,2.00,1.50,生菜,湖北,none,2017-11-16,蔬菜,元/斤
华中,1.80,none,2018-08-25,湖北省洪湖农贸市场,2.00,1.50,生菜,湖北,none,2017-11-15,蔬菜,元/斤
华中,1.80,none,2018-08-25,湖北省洪湖农贸市场,2.00,1.50,生菜,湖北,none,2017-11-14,蔬菜,元/斤
华中,1.80,none,2018-08-25,湖北省洪湖农贸市场,2.00,1.50,生菜,湖北,none,2017-11-13,蔬菜,元/斤
华中,2.10,none,2018-08-25,湖北省洪湖农贸市场,2.30,1.70,生菜,湖北,none,2017-11-10,蔬菜,元/斤
华中,2.10,none,2018-08-25,湖北省洪湖农贸市场,2.30,1.70,生菜,湖北,none,2017-11-09,蔬菜,元/斤
华中,2.10,none,2018-08-25,湖北省洪湖农贸市场,2.30,1.70,生菜,湖北,none,2017-11-08,蔬菜,元/斤
华中,2.10,none,2018-08-25,湖北省洪湖农贸市场,2.30,1.70,生菜,湖北,none,2017-11-07,蔬菜,元/斤
华中,2.10,none,2018-08-25,湖北省洪湖农贸市场,2.30,1.70,生菜,湖北,none,2017-11-06,蔬菜,元/斤
华中,2.20,none,2018-08-25,湖北省洪湖农贸市场,2.50,1.70,生菜,湖北,none,2017-11-03,蔬菜,元/斤
华中,2.20,none,2018-08-25,湖北省洪湖农贸市场,2.50,1.70,生菜,湖北,none,2017-11-02,蔬菜,元/斤
华中,2.30,none,2018-08-25,湖北省洪湖农贸市场,2.50,2.00,生菜,湖北,none,2018-01-25,蔬菜,元/斤
华中,2.30,none,2018-08-25,湖北省洪湖农贸市场,2.50,2.00,生菜,湖北,none,2018-01-24,蔬菜,元/斤
华中,2.30,none,2018-08-25,湖北省洪湖农贸市场,2.50,2.00,生菜,湖北,none,2018-01-23,蔬菜,元/斤
华中,2.30,none,2018-08-25,湖北省洪湖农贸市场,2.50,2.00,生菜,湖北,none,2018-01-19,蔬菜,元/斤
华中,2.30,none,2018-08-25,湖北省洪湖农贸市场,2.50,2.00,生菜,湖北,none,2018-01-17,蔬菜,元/斤
华中,2.30,none,2018-08-25,湖北省洪湖农贸市场,2.50,2.00,生菜,湖北,none,2018-01-15,蔬菜,元/斤
华中,2.30,none,2018-08-25,湖北省洪湖农贸市场,2.50,2.00,生菜,湖北,none,2018-01-12,蔬菜,元/斤
华中,2.30,none,2018-08-25,湖北省洪湖农贸市场,2.50,2.00,生菜,湖北,none,2018-01-11,蔬菜,元/斤
华中,2.30,none,2018-08-25,湖北省洪湖农贸市场,2.50,2.00,生菜,湖北,none,2018-01-10,蔬菜,元/斤
华中,2.30,none,2018-08-25,湖北省洪湖农贸市场,2.50,2.00,生菜,湖北,none,2018-01-09,蔬菜,元/斤
华中,2.30,none,2018-08-25,湖北省洪湖农贸市场,2.50,2.00,生菜,湖北,none,2018-01-05,蔬菜,元/斤
华中,2.30,none,2018-08-25,湖北省洪湖农贸市场,2.50,2.00,生菜,湖北,none,2018-01-04,蔬菜,元/斤
华中,1.80,none,2018-08-25,湖北省洪湖农贸市场,2.00,1.50,生菜,湖北,none,2018-01-03,蔬菜,元/斤
华中,1.80,none,2018-08-25,湖北省洪湖农贸市场,2.00,1.50,生菜,湖北,none,2017-12-29,蔬菜,元/斤
华中,1.80,none,2018-08-25,湖北省洪湖农贸市场,2.00,1.50,生菜,湖北,none,2017-12-28,蔬菜,元/斤
华中,1.80,none,2018-08-25,湖北省洪湖农贸市场,2.00,1.50,生菜,湖北,none,2017-12-26,蔬菜,元/斤
华中,1.80,none,2018-08-25,湖北省洪湖农贸市场,2.00,1.50,生菜,湖北,none,2017-12-22,蔬菜,元/斤
华中,1.80,none,2018-08-25,湖北省洪湖农贸市场,2.00,1.50,生菜,湖北,none,2017-12-20,蔬菜,元/斤
华中,1.80,none,2018-08-25,湖北省洪湖农贸市场,2.00,1.50,生菜,湖北,none,2017-12-19,蔬菜,元/斤
华中,1.80,none,2018-08-25,湖北省洪湖农贸市场,2.00,1.50,生菜,湖北,none,2017-12-18,蔬菜,元/斤
华中,1.80,none,2018-08-25,湖北省洪湖农贸市场,2.00,1.50,生菜,湖北,none,2017-12-13,蔬菜,元/斤
华中,1.80,none,2018-08-25,湖北省洪湖农贸市场,2.00,1.50,生菜,湖北,none,2017-12-12,蔬菜,元/斤
华中,1.80,none,2018-08-25,湖北省洪湖农贸市场,2.00,1.50,生菜,湖北,none,2017-12-11,蔬菜,元/斤
华中,1.80,none,2018-08-25,湖北省洪湖农贸市场,2.00,1.50,生菜,湖北,none,2017-12-08,蔬菜,元/斤
华中,1.80,none,2018-08-25,湖北省洪湖农贸市场,2.00,1.50,生菜,湖北,none,2017-12-07,蔬菜,元/斤
华中,2.30,none,2018-08-25,湖北省洪湖农贸市场,2.60,2.10,生菜,湖北,none,2018-03-13,蔬菜,元/斤
华中,2.30,none,2018-08-25,湖北省洪湖农贸市场,2.60,2.10,生菜,湖北,none,2018-03-12,蔬菜,元/斤
华中,2.30,none,2018-08-25,湖北省洪湖农贸市场,2.60,2.10,生菜,湖北,none,2018-03-09,蔬菜,元/斤
华中,2.30,none,2018-08-25,湖北省洪湖农贸市场,2.60,2.10,生菜,湖北,none,2018-03-08,蔬菜,元/斤
华中,2.30,none,2018-08-25,湖北省洪湖农贸市场,2.60,2.10,生菜,湖北,none,2018-03-07,蔬菜,元/斤
华中,2.30,none,2018-08-25,湖北省洪湖农贸市场,2.60,2.10,生菜,湖北,none,2018-03-06,蔬菜,元/斤
华中,2.30,none,2018-08-25,湖北省洪湖农贸市场,2.60,2.10,生菜,湖北,none,2018-03-05,蔬菜,元/斤
华中,2.80,none,2018-08-25,湖北省洪湖农贸市场,3.10,2.60,生菜,湖北,none,2018-03-02,蔬菜,元/斤
华中,2.80,none,2018-08-25,湖北省洪湖农贸市场,3.10,2.60,生菜,湖北,none,2018-02-28,蔬菜,元/斤
华中,2.80,none,2018-08-25,湖北省洪湖农贸市场,3.10,2.60,生菜,湖北,none,2018-02-26,蔬菜,元/斤
华中,2.70,none,2018-08-25,湖北省洪湖农贸市场,2.90,2.40,生菜,湖北,none,2018-02-22,蔬菜,元/斤
华中,2.70,none,2018-08-25,湖北省洪湖农贸市场,2.90,2.40,生菜,湖北,none,2018-02-14,蔬菜,元/斤
华中,2.70,none,2018-08-25,湖北省洪湖农贸市场,2.90,2.40,生菜,湖北,none,2018-02-13,蔬菜,元/斤
华中,2.70,none,2018-08-25,湖北省洪湖农贸市场,2.90,2.40,生菜,湖北,none,2018-02-11,蔬菜,元/斤
华中,2.70,none,2018-08-25,湖北省洪湖农贸市场,2.90,2.40,生菜,湖北,none,2018-02-08,蔬菜,元/斤
华中,2.70,none,2018-08-25,湖北省洪湖农贸市场,2.90,2.40,生菜,湖北,none,2018-02-06,蔬菜,元/斤
华中,2.70,none,2018-08-25,湖北省洪湖农贸市场,2.90,2.40,生菜,湖北,none,2018-02-05,蔬菜,元/斤
华中,2.80,none,2018-08-25,湖北省洪湖农贸市场,3.10,2.60,生菜,湖北,none,2018-02-02,蔬菜,元/斤
华中,2.70,none,2018-08-25,湖北省洪湖农贸市场,3.00,2.50,生菜,湖北,none,2018-02-01,蔬菜,元/斤
华中,2.50,none,2018-08-25,湖北省洪湖农贸市场,2.80,2.30,生菜,湖北,none,2018-01-31,蔬菜,元/斤
华中,2.50,none,2018-08-25,湖北省洪湖农贸市场,2.80,2.30,生菜,湖北,none,2018-01-30,蔬菜,元/斤
华中,2.50,none,2018-08-25,湖北省洪湖农贸市场,2.80,2.30,生菜,湖北,none,2018-01-29,蔬菜,元/斤
华中,2.30,none,2018-08-25,湖北省洪湖农贸市场,2.60,2.10,生菜,湖北,none,2018-01-28,蔬菜,元/斤
华中,2.30,none,2018-08-25,湖北省洪湖农贸市场,2.60,2.10,生菜,湖北,none,2018-01-27,蔬菜,元/斤
华中,2.30,none,2018-08-25,湖北省洪湖农贸市场,2.60,2.10,生菜,湖北,none,2018-01-26,蔬菜,元/斤
华中,1.50,none,2018-08-25,湖北省洪湖农贸市场,1.80,1.30,生菜,湖北,none,2018-05-02,蔬菜,元/斤
华中,1.50,none,2018-08-25,湖北省洪湖农贸市场,1.80,1.30,生菜,湖北,none,2018-04-28,蔬菜,元/斤
华中,1.50,none,2018-08-25,湖北省洪湖农贸市场,1.80,1.30,生菜,湖北,none,2018-04-27,蔬菜,元/斤
华中,1.50,none,2018-08-25,湖北省洪湖农贸市场,1.80,1.30,生菜,湖北,none,2018-04-26,蔬菜,元/斤
华中,1.50,none,2018-08-25,湖北省洪湖农贸市场,1.80,1.30,生菜,湖北,none,2018-04-25,蔬菜,元/斤
华中,1.50,none,2018-08-25,湖北省洪湖农贸市场,1.80,1.30,生菜,湖北,none,2018-04-24,蔬菜,元/斤
华中,1.50,none,2018-08-25,湖北省洪湖农贸市场,1.80,1.30,生菜,湖北,none,2018-04-20,蔬菜,元/斤
华中,1.50,none,2018-08-25,湖北省洪湖农贸市场,1.80,1.30,生菜,湖北,none,2018-04-19,蔬菜,元/斤
华中,1.50,none,2018-08-25,湖北省洪湖农贸市场,1.80,1.30,生菜,湖北,none,2018-04-18,蔬菜,元/斤
华中,1.50,none,2018-08-25,湖北省洪湖农贸市场,1.80,1.30,生菜,湖北,none,2018-04-17,蔬菜,元/斤
华中,1.50,none,2018-08-25,湖北省洪湖农贸市场,1.80,1.30,生菜,湖北,none,2018-04-16,蔬菜,元/斤
华中,1.50,none,2018-08-25,湖北省洪湖农贸市场,1.80,1.30,生菜,湖北,none,2018-04-13,蔬菜,元/斤
华中,1.50,none,2018-08-25,湖北省洪湖农贸市场,1.80,1.30,生菜,湖北,none,2018-04-12,蔬菜,元/斤
华中,1.50,none,2018-08-25,湖北省洪湖农贸市场,1.80,1.30,生菜,湖北,none,2018-04-08,蔬菜,元/斤
华中,1.70,none,2018-08-25,湖北省洪湖农贸市场,2.00,1.50,生菜,湖北,none,2018-03-30,蔬菜,元/斤
华中,1.70,none,2018-08-25,湖北省洪湖农贸市场,2.00,1.50,生菜,湖北,none,2018-03-29,蔬菜,元/斤
华中,1.70,none,2018-08-25,湖北省洪湖农贸市场,2.00,1.50,生菜,湖北,none,2018-03-28,蔬菜,元/斤
华中,1.70,none,2018-08-25,湖北省洪湖农贸市场,2.00,1.50,生菜,湖北,none,2018-03-27,蔬菜,元/斤
华中,1.70,none,2018-08-25,湖北省洪湖农贸市场,2.00,1.50,生菜,湖北,none,2018-03-26,蔬菜,元/斤
华中,1.70,none,2018-08-25,湖北省洪湖农贸市场,2.00,1.50,生菜,湖北,none,2018-03-23,蔬菜,元/斤
华中,1.70,none,2018-08-25,湖北省洪湖农贸市场,2.00,1.50,生菜,湖北,none,2018-03-22,蔬菜,元/斤
华中,1.70,none,2018-08-25,湖北省洪湖农贸市场,2.00,1.50,生菜,湖北,none,2018-03-21,蔬菜,元/斤
华中,1.70,none,2018-08-25,湖北省洪湖农贸市场,2.00,1.50,生菜,湖北,none,2018-03-19,蔬菜,元/斤
华中,2.30,none,2018-08-25,湖北省洪湖农贸市场,2.60,2.10,生菜,湖北,none,2018-03-15,蔬菜,元/斤
华中,2.30,none,2018-08-25,湖北省洪湖农贸市场,2.60,2.10,生菜,湖北,none,2018-03-14,蔬菜,元/斤
华中,2.70,none,2018-08-25,湖北省洪湖农贸市场,3.00,2.50,生姜,湖北,none,2017-04-06,蔬菜,元/斤
华中,2.70,none,2018-08-25,湖北省洪湖农贸市场,3.00,2.50,生姜,湖北,none,2017-04-05,蔬菜,元/斤
华中,2.70,none,2018-08-25,湖北省洪湖农贸市场,3.00,2.50,生姜,湖北,none,2017-04-01,蔬菜,元/斤
华中,2.70,none,2018-08-25,湖北省洪湖农贸市场,3.00,2.50,生姜,湖北,none,2017-03-31,蔬菜,元/斤
华中,2.70,none,2018-08-25,湖北省洪湖农贸市场,3.00,2.50,生姜,湖北,none,2017-03-30,蔬菜,元/斤
华中,2.70,none,2018-08-25,湖北省洪湖农贸市场,3.00,2.50,生姜,湖北,none,2017-03-29,蔬菜,元/斤
华中,2.70,none,2018-08-25,湖北省洪湖农贸市场,3.00,2.50,生姜,湖北,none,2017-03-28,蔬菜,元/斤
华中,2.70,none,2018-08-25,湖北省洪湖农贸市场,3.00,2.50,生姜,湖北,none,2017-03-23,蔬菜,元/斤
华中,2.70,none,2018-08-25,湖北省洪湖农贸市场,3.00,2.50,生姜,湖北,none,2017-03-22,蔬菜,元/斤
华中,2.70,none,2018-08-25,湖北省洪湖农贸市场,3.00,2.50,生姜,湖北,none,2017-03-21,蔬菜,元/斤
华中,2.70,none,2018-08-25,湖北省洪湖农贸市场,3.00,2.50,生姜,湖北,none,2017-03-20,蔬菜,元/斤
华中,2.70,none,2018-08-25,湖北省洪湖农贸市场,3.00,2.50,生姜,湖北,none,2017-03-17,蔬菜,元/斤
华中,2.80,none,2018-08-25,湖北省洪湖农贸市场,3.10,2.60,生姜,湖北,none,2017-03-07,蔬菜,元/斤
华中,2.90,none,2018-08-25,湖北省洪湖农贸市场,3.10,2.60,生姜,湖北,none,2017-03-04,蔬菜,元/斤
华中,2.90,none,2018-08-25,湖北省洪湖农贸市场,3.10,2.60,生姜,湖北,none,2017-03-03,蔬菜,元/斤
华中,2.90,none,2018-08-25,湖北省洪湖农贸市场,3.10,2.60,生姜,湖北,none,2017-03-02,蔬菜,元/斤
华中,2.90,none,2018-08-25,湖北省洪湖农贸市场,3.10,2.60,生姜,湖北,none,2017-03-01,蔬菜,元/斤
华中,2.90,none,2018-08-25,湖北省洪湖农贸市场,3.10,2.60,生姜,湖北,none,2017-02-28,蔬菜,元/斤
华中,2.90,none,2018-08-25,湖北省洪湖农贸市场,3.10,2.60,生姜,湖北,none,2017-02-27,蔬菜,元/斤
华中,2.90,none,2018-08-25,湖北省洪湖农贸市场,3.10,2.60,生姜,湖北,none,2017-02-24,蔬菜,元/斤
华中,2.90,none,2018-08-25,湖北省洪湖农贸市场,3.10,2.60,生姜,湖北,none,2017-02-23,蔬菜,元/斤
华中,2.90,none,2018-08-25,湖北省洪湖农贸市场,3.10,2.60,生姜,湖北,none,2017-02-22,蔬菜,元/斤
华中,2.90,none,2018-08-25,湖北省洪湖农贸市场,3.10,2.60,生姜,湖北,none,2017-02-21,蔬菜,元/斤
华中,2.90,none,2018-08-25,湖北省洪湖农贸市场,3.10,2.60,生姜,湖北,none,2017-02-20,蔬菜,元/斤
华中,2.90,none,2018-08-25,湖北省洪湖农贸市场,3.10,2.60,生姜,湖北,none,2017-02-17,蔬菜,元/斤
华中,2.30,none,2018-08-25,湖北省洪湖农贸市场,2.60,2.10,生姜,湖北,none,2017-05-24,蔬菜,元/斤
华中,2.30,none,2018-08-25,湖北省洪湖农贸市场,2.60,2.10,生姜,湖北,none,2017-05-23,蔬菜,元/斤
华中,2.30,none,2018-08-25,湖北省洪湖农贸市场,2.60,2.10,生姜,湖北,none,2017-05-22,蔬菜,元/斤
华中,2.30,none,2018-08-25,湖北省洪湖农贸市场,2.60,2.10,生姜,湖北,none,2017-05-17,蔬菜,元/斤
华中,2.30,none,2018-08-25,湖北省洪湖农贸市场,2.60,2.10,生姜,湖北,none,2017-05-15,蔬菜,元/斤
华中,2.30,none,2018-08-25,湖北省洪湖农贸市场,2.60,2.10,生姜,湖北,none,2017-05-12,蔬菜,元/斤
华中,2.30,none,2018-08-25,湖北省洪湖农贸市场,2.60,2.10,生姜,湖北,none,2017-05-10,蔬菜,元/斤
华中,2.30,none,2018-08-25,湖北省洪湖农贸市场,2.60,2.10,生姜,湖北,none,2017-05-09,蔬菜,元/斤
华中,2.30,none,2018-08-25,湖北省洪湖农贸市场,2.60,2.10,生姜,湖北,none,2017-05-08,蔬菜,元/斤
华中,2.30,none,2018-08-25,湖北省洪湖农贸市场,2.60,2.10,生姜,湖北,none,2017-05-05,蔬菜,元/斤
华中,2.30,none,2018-08-25,湖北省洪湖农贸市场,2.60,2.10,生姜,湖北,none,2017-05-04,蔬菜,元/斤
华中,2.30,none,2018-08-25,湖北省洪湖农贸市场,2.60,2.10,生姜,湖北,none,2017-05-03,蔬菜,元/斤
华中,2.50,none,2018-08-25,湖北省洪湖农贸市场,2.80,2.30,生姜,湖北,none,2017-05-02,蔬菜,元/斤
华中,2.50,none,2018-08-25,湖北省洪湖农贸市场,2.80,2.30,生姜,湖北,none,2017-04-28,蔬菜,元/斤
华中,2.50,none,2018-08-25,湖北省洪湖农贸市场,2.80,2.30,生姜,湖北,none,2017-04-27,蔬菜,元/斤
华中,2.50,none,2018-08-25,湖北省洪湖农贸市场,2.80,2.30,生姜,湖北,none,2017-04-26,蔬菜,元/斤
华中,2.50,none,2018-08-25,湖北省洪湖农贸市场,2.80,2.30,生姜,湖北,none,2017-04-25,蔬菜,元/斤
华中,2.50,none,2018-08-25,湖北省洪湖农贸市场,2.80,2.30,生姜,湖北,none,2017-04-20,蔬菜,元/斤
华中,2.50,none,2018-08-25,湖北省洪湖农贸市场,2.80,2.30,生姜,湖北,none,2017-04-18,蔬菜,元/斤
华中,2.50,none,2018-08-25,湖北省洪湖农贸市场,2.80,2.30,生姜,湖北,none,2017-04-17,蔬菜,元/斤
华中,2.70,none,2018-08-25,湖北省洪湖农贸市场,3.00,2.50,生姜,湖北,none,2017-04-14,蔬菜,元/斤
华中,2.70,none,2018-08-25,湖北省洪湖农贸市场,3.00,2.50,生姜,湖北,none,2017-04-13,蔬菜,元/斤
华中,2.70,none,2018-08-25,湖北省洪湖农贸市场,3.00,2.50,生姜,湖北,none,2017-04-12,蔬菜,元/斤
华中,2.70,none,2018-08-25,湖北省洪湖农贸市场,3.00,2.50,生姜,湖北,none,2017-04-11,蔬菜,元/斤
华中,2.70,none,2018-08-25,湖北省洪湖农贸市场,3.00,2.50,生姜,湖北,none,2017-04-10,蔬菜,元/斤
华中,3.40,none,2018-08-25,湖北省洪湖农贸市场,3.70,3.20,生姜,湖北,none,2017-07-20,蔬菜,元/斤
华中,3.40,none,2018-08-25,湖北省洪湖农贸市场,3.70,3.20,生姜,湖北,none,2017-07-19,蔬菜,元/斤
华中,3.40,none,2018-08-25,湖北省洪湖农贸市场,3.70,3.20,生姜,湖北,none,2017-07-12,蔬菜,元/斤
华中,3.40,none,2018-08-25,湖北省洪湖农贸市场,3.70,3.20,生姜,湖北,none,2017-07-10,蔬菜,元/斤
华中,3.30,none,2018-08-25,湖北省洪湖农贸市场,3.50,3.00,生姜,湖北,none,2017-07-08,蔬菜,元/斤
华中,3.30,none,2018-08-25,湖北省洪湖农贸市场,3.50,3.00,生姜,湖北,none,2017-07-07,蔬菜,元/斤
华中,3.30,none,2018-08-25,湖北省洪湖农贸市场,3.50,3.00,生姜,湖北,none,2017-07-06,蔬菜,元/斤
华中,3.30,none,2018-08-25,湖北省洪湖农贸市场,3.50,3.00,生姜,湖北,none,2017-07-05,蔬菜,元/斤
华中,3.30,none,2018-08-25,湖北省洪湖农贸市场,3.50,3.00,生姜,湖北,none,2017-07-04,蔬菜,元/斤
华中,3.30,none,2018-08-25,湖北省洪湖农贸市场,3.50,3.00,生姜,湖北,none,2017-07-03,蔬菜,元/斤
华中,3.30,none,2018-08-25,湖北省洪湖农贸市场,3.50,3.00,生姜,湖北,none,2017-06-30,蔬菜,元/斤
华中,3.30,none,2018-08-25,湖北省洪湖农贸市场,3.50,3.00,生姜,湖北,none,2017-06-29,蔬菜,元/斤
华中,3.30,none,2018-08-25,湖北省洪湖农贸市场,3.50,3.00,生姜,湖北,none,2017-06-27,蔬菜,元/斤
华中,3.30,none,2018-08-25,湖北省洪湖农贸市场,3.50,3.00,生姜,湖北,none,2017-06-23,蔬菜,元/斤
华中,3.20,none,2018-08-25,湖北省洪湖农贸市场,3.40,2.90,生姜,湖北,none,2017-06-21,蔬菜,元/斤
华中,3.20,none,2018-08-25,湖北省洪湖农贸市场,3.40,2.90,生姜,湖北,none,2017-06-20,蔬菜,元/斤
华中,3.00,none,2018-08-25,湖北省洪湖农贸市场,3.20,2.80,生姜,湖北,none,2017-06-15,蔬菜,元/斤
华中,3.00,none,2018-08-25,湖北省洪湖农贸市场,3.20,2.80,生姜,湖北,none,2017-06-14,蔬菜,元/斤
华中,3.00,none,2018-08-25,湖北省洪湖农贸市场,3.20,2.80,生姜,湖北,none,2017-06-13,蔬菜,元/斤
华中,2.90,none,2018-08-25,湖北省洪湖农贸市场,3.10,2.60,生姜,湖北,none,2017-06-12,蔬菜,元/斤
华中,2.50,none,2018-08-25,湖北省洪湖农贸市场,2.90,2.40,生姜,湖北,none,2017-06-08,蔬菜,元/斤
华中,2.40,none,2018-08-25,湖北省洪湖农贸市场,2.80,2.30,生姜,湖北,none,2017-06-06,蔬菜,元/斤
华中,2.40,none,2018-08-25,湖北省洪湖农贸市场,2.80,2.30,生姜,湖北,none,2017-06-05,蔬菜,元/斤
华中,2.40,none,2018-08-25,湖北省洪湖农贸市场,2.80,2.30,生姜,湖北,none,2017-06-01,蔬菜,元/斤
华中,2.40,none,2018-08-25,湖北省洪湖农贸市场,2.80,2.30,生姜,湖北,none,2017-05-31,蔬菜,元/斤
华中,4.70,none,2018-08-25,湖北省洪湖农贸市场,5.10,4.50,生姜,湖北,none,2017-09-26,蔬菜,元/斤
华中,4.70,none,2018-08-25,湖北省洪湖农贸市场,5.10,4.50,生姜,湖北,none,2017-09-22,蔬菜,元/斤
华中,4.70,none,2018-08-25,湖北省洪湖农贸市场,5.10,4.50,生姜,湖北,none,2017-09-21,蔬菜,元/斤
华中,4.70,none,2018-08-25,湖北省洪湖农贸市场,5.10,4.50,生姜,湖北,none,2017-09-20,蔬菜,元/斤
华中,4.70,none,2018-08-25,湖北省洪湖农贸市场,5.10,4.50,生姜,湖北,none,2017-09-19,蔬菜,元/斤
华中,3.40,none,2018-08-25,湖北省洪湖农贸市场,3.80,3.10,生姜,湖北,none,2017-09-08,蔬菜,元/斤
华中,3.40,none,2018-08-25,湖北省洪湖农贸市场,3.80,3.10,生姜,湖北,none,2017-09-07,蔬菜,元/斤
华中,3.40,none,2018-08-25,湖北省洪湖农贸市场,3.80,3.10,生姜,湖北,none,2017-09-04,蔬菜,元/斤
华中,3.40,none,2018-08-25,湖北省洪湖农贸市场,3.80,3.10,生姜,湖北,none,2017-09-01,蔬菜,元/斤
华中,3.40,none,2018-08-25,湖北省洪湖农贸市场,3.80,3.10,生姜,湖北,none,2017-08-31,蔬菜,元/斤
华中,3.40,none,2018-08-25,湖北省洪湖农贸市场,3.80,3.10,生姜,湖北,none,2017-08-30,蔬菜,元/斤
华中,3.40,none,2018-08-25,湖北省洪湖农贸市场,3.80,3.10,生姜,湖北,none,2017-08-29,蔬菜,元/斤
华中,3.40,none,2018-08-25,湖北省洪湖农贸市场,3.80,3.10,生姜,湖北,none,2017-08-21,蔬菜,元/斤
华中,3.40,none,2018-08-25,湖北省洪湖农贸市场,3.80,3.10,生姜,湖北,none,2017-08-16,蔬菜,元/斤
华中,3.40,none,2018-08-25,湖北省洪湖农贸市场,3.80,3.10,生姜,湖北,none,2017-08-15,蔬菜,元/斤
华中,3.40,none,2018-08-25,湖北省洪湖农贸市场,3.80,3.10,生姜,湖北,none,2017-08-14,蔬菜,元/斤
华中,3.40,none,2018-08-25,湖北省洪湖农贸市场,3.80,3.10,生姜,湖北,none,2017-08-10,蔬菜,元/斤
华中,3.40,none,2018-08-25,湖北省洪湖农贸市场,3.80,3.10,生姜,湖北,none,2017-08-08,蔬菜,元/斤
华中,3.30,none,2018-08-25,湖北省洪湖农贸市场,3.50,3.00,生姜,湖北,none,2017-08-03,蔬菜,元/斤
华中,3.30,none,2018-08-25,湖北省洪湖农贸市场,3.50,3.00,生姜,湖北,none,2017-07-28,蔬菜,元/斤
华中,3.30,none,2018-08-25,湖北省洪湖农贸市场,3.50,3.00,生姜,湖北,none,2017-07-27,蔬菜,元/斤
华中,3.30,none,2018-08-25,湖北省洪湖农贸市场,3.50,3.00,生姜,湖北,none,2017-07-26,蔬菜,元/斤
华中,3.30,none,2018-08-25,湖北省洪湖农贸市场,3.50,3.00,生姜,湖北,none,2017-07-25,蔬菜,元/斤
华中,3.30,none,2018-08-25,湖北省洪湖农贸市场,3.50,3.00,生姜,湖北,none,2017-07-24,蔬菜,元/斤
华中,3.40,none,2018-08-25,湖北省洪湖农贸市场,3.70,3.20,生姜,湖北,none,2017-07-21,蔬菜,元/斤
华中,3.80,none,2018-08-25,湖北省洪湖农贸市场,4.00,3.50,生姜,湖北,none,2017-11-16,蔬菜,元/斤
华中,3.80,none,2018-08-25,湖北省洪湖农贸市场,4.00,3.50,生姜,湖北,none,2017-11-14,蔬菜,元/斤
华中,3.80,none,2018-08-25,湖北省洪湖农贸市场,4.00,3.50,生姜,湖北,none,2017-11-13,蔬菜,元/斤
华中,3.80,none,2018-08-25,湖北省洪湖农贸市场,4.00,3.50,生姜,湖北,none,2017-11-10,蔬菜,元/斤
华中,3.80,none,2018-08-25,湖北省洪湖农贸市场,4.00,3.50,生姜,湖北,none,2017-11-09,蔬菜,元/斤
华中,3.80,none,2018-08-25,湖北省洪湖农贸市场,4.00,3.50,生姜,湖北,none,2017-11-08,蔬菜,元/斤
华中,3.80,none,2018-08-25,湖北省洪湖农贸市场,4.00,3.50,生姜,湖北,none,2017-11-07,蔬菜,元/斤
华中,3.80,none,2018-08-25,湖北省洪湖农贸市场,4.00,3.50,生姜,湖北,none,2017-11-06,蔬菜,元/斤
华中,3.80,none,2018-08-25,湖北省洪湖农贸市场,4.00,3.50,生姜,湖北,none,2017-11-03,蔬菜,元/斤
华中,3.80,none,2018-08-25,湖北省洪湖农贸市场,4.00,3.50,生姜,湖北,none,2017-11-02,蔬菜,元/斤
华中,3.80,none,2018-08-25,湖北省洪湖农贸市场,4.00,3.50,生姜,湖北,none,2017-11-01,蔬菜,元/斤
华中,3.80,none,2018-08-25,湖北省洪湖农贸市场,4.00,3.50,生姜,湖北,none,2017-10-26,蔬菜,元/斤
华中,3.80,none,2018-08-25,湖北省洪湖农贸市场,4.00,3.50,生姜,湖北,none,2017-10-25,蔬菜,元/斤
华中,3.80,none,2018-08-25,湖北省洪湖农贸市场,4.00,3.50,生姜,湖北,none,2017-10-24,蔬菜,元/斤
华中,3.80,none,2018-08-25,湖北省洪湖农贸市场,4.00,3.50,生姜,湖北,none,2017-10-20,蔬菜,元/斤
华中,3.80,none,2018-08-25,湖北省洪湖农贸市场,4.00,3.50,生姜,湖北,none,2017-10-19,蔬菜,元/斤
华中,3.80,none,2018-08-25,湖北省洪湖农贸市场,4.00,3.50,生姜,湖北,none,2017-10-18,蔬菜,元/斤
华中,3.80,none,2018-08-25,湖北省洪湖农贸市场,4.00,3.50,生姜,湖北,none,2017-10-16,蔬菜,元/斤
华中,3.50,none,2018-08-25,湖北省洪湖农贸市场,3.80,3.30,生姜,湖北,none,2017-10-12,蔬菜,元/斤
华中,3.00,none,2018-08-25,湖北省洪湖农贸市场,3.30,2.80,生姜,湖北,none,2017-10-11,蔬菜,元/斤
华中,3.00,none,2018-08-25,湖北省洪湖农贸市场,3.30,2.80,生姜,湖北,none,2017-10-09,蔬菜,元/斤
华中,4.70,none,2018-08-25,湖北省洪湖农贸市场,5.10,4.50,生姜,湖北,none,2017-09-30,蔬菜,元/斤
华中,4.70,none,2018-08-25,湖北省洪湖农贸市场,5.10,4.50,生姜,湖北,none,2017-09-29,蔬菜,元/斤
华中,4.70,none,2018-08-25,湖北省洪湖农贸市场,5.10,4.50,生姜,湖北,none,2017-09-28,蔬菜,元/斤
华中,4.70,none,2018-08-25,湖北省洪湖农贸市场,5.10,4.50,生姜,湖北,none,2017-09-27,蔬菜,元/斤
华中,3.50,none,2018-08-25,湖北省洪湖农贸市场,3.80,3.30,生姜,湖北,none,2018-01-09,蔬菜,元/斤
华中,3.50,none,2018-08-25,湖北省洪湖农贸市场,3.80,3.30,生姜,湖北,none,2018-01-05,蔬菜,元/斤
华中,3.50,none,2018-08-25,湖北省洪湖农贸市场,3.80,3.30,生姜,湖北,none,2018-01-04,蔬菜,元/斤
华中,3.50,none,2018-08-25,湖北省洪湖农贸市场,3.80,3.30,生姜,湖北,none,2018-01-03,蔬菜,元/斤
华中,3.50,none,2018-08-25,湖北省洪湖农贸市场,3.80,3.30,生姜,湖北,none,2017-12-28,蔬菜,元/斤
华中,3.50,none,2018-08-25,湖北省洪湖农贸市场,3.80,3.30,生姜,湖北,none,2017-12-26,蔬菜,元/斤
华中,3.50,none,2018-08-25,湖北省洪湖农贸市场,3.80,3.30,生姜,湖北,none,2017-12-22,蔬菜,元/斤
华中,3.50,none,2018-08-25,湖北省洪湖农贸市场,3.80,3.30,生姜,湖北,none,2017-12-20,蔬菜,元/斤
华中,3.50,none,2018-08-25,湖北省洪湖农贸市场,3.80,3.30,生姜,湖北,none,2017-12-19,蔬菜,元/斤
华中,3.50,none,2018-08-25,湖北省洪湖农贸市场,3.80,3.30,生姜,湖北,none,2017-12-13,蔬菜,元/斤
华中,3.50,none,2018-08-25,湖北省洪湖农贸市场,3.80,3.30,生姜,湖北,none,2017-12-12,蔬菜,元/斤
华中,3.50,none,2018-08-25,湖北省洪湖农贸市场,3.80,3.30,生姜,湖北,none,2017-12-11,蔬菜,元/斤
华中,3.50,none,2018-08-25,湖北省洪湖农贸市场,3.80,3.30,生姜,湖北,none,2017-12-08,蔬菜,元/斤
华中,3.50,none,2018-08-25,湖北省洪湖农贸市场,3.80,3.30,生姜,湖北,none,2017-12-07,蔬菜,元/斤
华中,3.50,none,2018-08-25,湖北省洪湖农贸市场,3.80,3.30,生姜,湖北,none,2017-12-05,蔬菜,元/斤
华中,3.50,none,2018-08-25,湖北省洪湖农贸市场,3.80,3.30,生姜,湖北,none,2017-12-04,蔬菜,元/斤
华中,3.50,none,2018-08-25,湖北省洪湖农贸市场,3.80,3.30,生姜,湖北,none,2017-12-01,蔬菜,元/斤
华中,3.50,none,2018-08-25,湖北省洪湖农贸市场,3.80,3.30,生姜,湖北,none,2017-11-30,蔬菜,元/斤
华中,3.50,none,2018-08-25,湖北省洪湖农贸市场,3.80,3.30,生姜,湖北,none,2017-11-29,蔬菜,元/斤
华中,3.50,none,2018-08-25,湖北省洪湖农贸市场,3.80,3.30,生姜,湖北,none,2017-11-28,蔬菜,元/斤
华中,3.50,none,2018-08-25,湖北省洪湖农贸市场,3.80,3.30,生姜,湖北,none,2017-11-27,蔬菜,元/斤
华中,3.80,none,2018-08-25,湖北省洪湖农贸市场,4.00,3.50,生姜,湖北,none,2017-11-23,蔬菜,元/斤
华中,3.80,none,2018-08-25,湖北省洪湖农贸市场,4.00,3.50,生姜,湖北,none,2017-11-22,蔬菜,元/斤
华中,3.80,none,2018-08-25,湖北省洪湖农贸市场,4.00,3.50,生姜,湖北,none,2017-11-21,蔬菜,元/斤
华中,3.80,none,2018-08-25,湖北省洪湖农贸市场,4.00,3.50,生姜,湖北,none,2017-11-20,蔬菜,元/斤
华中,3.00,none,2018-08-25,湖北省洪湖农贸市场,3.30,2.80,生姜,湖北,none,2018-02-28,蔬菜,元/斤
华中,3.00,none,2018-08-25,湖北省洪湖农贸市场,3.30,2.80,生姜,湖北,none,2018-02-26,蔬菜,元/斤
华中,3.00,none,2018-08-25,湖北省洪湖农贸市场,3.30,2.80,生姜,湖北,none,2018-02-22,蔬菜,元/斤
华中,3.50,none,2018-08-25,湖北省洪湖农贸市场,3.80,3.30,生姜,湖北,none,2018-02-14,蔬菜,元/斤
华中,3.50,none,2018-08-25,湖北省洪湖农贸市场,3.80,3.30,生姜,湖北,none,2018-02-13,蔬菜,元/斤
华中,3.50,none,2018-08-25,湖北省洪湖农贸市场,3.80,3.30,生姜,湖北,none,2018-02-11,蔬菜,元/斤
华中,3.50,none,2018-08-25,湖北省洪湖农贸市场,3.80,3.30,生姜,湖北,none,2018-02-08,蔬菜,元/斤
华中,3.50,none,2018-08-25,湖北省洪湖农贸市场,3.80,3.30,生姜,湖北,none,2018-02-06,蔬菜,元/斤
华中,3.50,none,2018-08-25,湖北省洪湖农贸市场,3.80,3.30,生姜,湖北,none,2018-02-05,蔬菜,元/斤
华中,3.50,none,2018-08-25,湖北省洪湖农贸市场,3.80,3.30,生姜,湖北,none,2018-02-02,蔬菜,元/斤
华中,3.50,none,2018-08-25,湖北省洪湖农贸市场,3.80,3.30,生姜,湖北,none,2018-02-01,蔬菜,元/斤
华中,3.50,none,2018-08-25,湖北省洪湖农贸市场,3.80,3.30,生姜,湖北,none,2018-01-31,蔬菜,元/斤
华中,3.50,none,2018-08-25,湖北省洪湖农贸市场,3.80,3.30,生姜,湖北,none,2018-01-30,蔬菜,元/斤
华中,3.50,none,2018-08-25,湖北省洪湖农贸市场,3.80,3.30,生姜,湖北,none,2018-01-29,蔬菜,元/斤
华中,3.50,none,2018-08-25,湖北省洪湖农贸市场,3.80,3.30,生姜,湖北,none,2018-01-28,蔬菜,元/斤
华中,3.50,none,2018-08-25,湖北省洪湖农贸市场,3.80,3.30,生姜,湖北,none,2018-01-27,蔬菜,元/斤
华中,3.50,none,2018-08-25,湖北省洪湖农贸市场,3.80,3.30,生姜,湖北,none,2018-01-26,蔬菜,元/斤
华中,3.50,none,2018-08-25,湖北省洪湖农贸市场,3.80,3.30,生姜,湖北,none,2018-01-25,蔬菜,元/斤
华中,3.50,none,2018-08-25,湖北省洪湖农贸市场,3.80,3.30,生姜,湖北,none,2018-01-24,蔬菜,元/斤
华中,3.50,none,2018-08-25,湖北省洪湖农贸市场,3.80,3.30,生姜,湖北,none,2018-01-23,蔬菜,元/斤
华中,3.50,none,2018-08-25,湖北省洪湖农贸市场,3.80,3.30,生姜,湖北,none,2018-01-19,蔬菜,元/斤
华中,3.50,none,2018-08-25,湖北省洪湖农贸市场,3.80,3.30,生姜,湖北,none,2018-01-17,蔬菜,元/斤
华中,3.50,none,2018-08-25,湖北省洪湖农贸市场,3.80,3.30,生姜,湖北,none,2018-01-15,蔬菜,元/斤
华中,3.50,none,2018-08-25,湖北省洪湖农贸市场,3.80,3.30,生姜,湖北,none,2018-01-12,蔬菜,元/斤
华中,3.50,none,2018-08-25,湖北省洪湖农贸市场,3.80,3.30,生姜,湖北,none,2018-01-11,蔬菜,元/斤
华中,3.50,none,2018-08-25,湖北省洪湖农贸市场,3.80,3.00,生姜,湖北,none,2018-04-24,蔬菜,元/斤
华中,3.50,none,2018-08-25,湖北省洪湖农贸市场,3.80,3.00,生姜,湖北,none,2018-04-20,蔬菜,元/斤
华中,3.50,none,2018-08-25,湖北省洪湖农贸市场,3.80,3.00,生姜,湖北,none,2018-04-19,蔬菜,元/斤
华中,3.50,none,2018-08-25,湖北省洪湖农贸市场,3.80,3.00,生姜,湖北,none,2018-04-17,蔬菜,元/斤
华中,3.50,none,2018-08-25,湖北省洪湖农贸市场,3.80,3.00,生姜,湖北,none,2018-04-16,蔬菜,元/斤
华中,3.00,none,2018-08-25,湖北省洪湖农贸市场,3.30,2.80,生姜,湖北,none,2018-04-13,蔬菜,元/斤
华中,3.00,none,2018-08-25,湖北省洪湖农贸市场,3.30,2.80,生姜,湖北,none,2018-04-12,蔬菜,元/斤
华中,3.00,none,2018-08-25,湖北省洪湖农贸市场,3.30,2.80,生姜,湖北,none,2018-04-08,蔬菜,元/斤
华中,3.00,none,2018-08-25,湖北省洪湖农贸市场,3.30,2.80,生姜,湖北,none,2018-03-30,蔬菜,元/斤
华中,3.00,none,2018-08-25,湖北省洪湖农贸市场,3.30,2.80,生姜,湖北,none,2018-03-29,蔬菜,元/斤
华中,3.00,none,2018-08-25,湖北省洪湖农贸市场,3.30,2.80,生姜,湖北,none,2018-03-28,蔬菜,元/斤
华中,3.00,none,2018-08-25,湖北省洪湖农贸市场,3.30,2.80,生姜,湖北,none,2018-03-27,蔬菜,元/斤
华中,3.00,none,2018-08-25,湖北省洪湖农贸市场,3.30,2.80,生姜,湖北,none,2018-03-26,蔬菜,元/斤
华中,3.00,none,2018-08-25,湖北省洪湖农贸市场,3.30,2.80,生姜,湖北,none,2018-03-23,蔬菜,元/斤
华中,3.00,none,2018-08-25,湖北省洪湖农贸市场,3.30,2.80,生姜,湖北,none,2018-03-22,蔬菜,元/斤
华中,3.00,none,2018-08-25,湖北省洪湖农贸市场,3.30,2.80,生姜,湖北,none,2018-03-21,蔬菜,元/斤
华中,3.00,none,2018-08-25,湖北省洪湖农贸市场,3.30,2.80,生姜,湖北,none,2018-03-19,蔬菜,元/斤
华中,3.00,none,2018-08-25,湖北省洪湖农贸市场,3.30,2.80,生姜,湖北,none,2018-03-15,蔬菜,元/斤
华中,3.00,none,2018-08-25,湖北省洪湖农贸市场,3.30,2.80,生姜,湖北,none,2018-03-14,蔬菜,元/斤
华中,3.00,none,2018-08-25,湖北省洪湖农贸市场,3.30,2.80,生姜,湖北,none,2018-03-13,蔬菜,元/斤
华中,3.00,none,2018-08-25,湖北省洪湖农贸市场,3.30,2.80,生姜,湖北,none,2018-03-09,蔬菜,元/斤
华中,3.00,none,2018-08-25,湖北省洪湖农贸市场,3.30,2.80,生姜,湖北,none,2018-03-08,蔬菜,元/斤
华中,3.00,none,2018-08-25,湖北省洪湖农贸市场,3.30,2.80,生姜,湖北,none,2018-03-06,蔬菜,元/斤
华中,3.00,none,2018-08-25,湖北省洪湖农贸市场,3.30,2.80,生姜,湖北,none,2018-03-05,蔬菜,元/斤
华中,3.00,none,2018-08-25,湖北省洪湖农贸市场,3.30,2.80,生姜,湖北,none,2018-03-02,蔬菜,元/斤
华中,2.90,none,2018-08-25,湖北省洪湖农贸市场,3.30,2.40,香菜,湖北,none,2017-05-15,蔬菜,元/斤
华中,2.90,none,2018-08-25,湖北省洪湖农贸市场,3.30,2.40,香菜,湖北,none,2017-05-12,蔬菜,元/斤
华中,2.90,none,2018-08-25,湖北省洪湖农贸市场,3.30,2.40,香菜,湖北,none,2017-05-10,蔬菜,元/斤
华中,2.90,none,2018-08-25,湖北省洪湖农贸市场,3.30,2.40,香菜,湖北,none,2017-05-09,蔬菜,元/斤
华中,2.90,none,2018-08-25,湖北省洪湖农贸市场,3.30,2.40,香菜,湖北,none,2017-05-08,蔬菜,元/斤
华中,2.90,none,2018-08-25,湖北省洪湖农贸市场,3.30,2.40,香菜,湖北,none,2017-05-05,蔬菜,元/斤
华中,2.90,none,2018-08-25,湖北省洪湖农贸市场,3.30,2.40,香菜,湖北,none,2017-05-04,蔬菜,元/斤
华中,2.90,none,2018-08-25,湖北省洪湖农贸市场,3.30,2.40,香菜,湖北,none,2017-05-03,蔬菜,元/斤
华中,2.90,none,2018-08-25,湖北省洪湖农贸市场,3.40,2.40,香菜,湖北,none,2017-05-02,蔬菜,元/斤
华中,2.90,none,2018-08-25,湖北省洪湖农贸市场,3.40,2.40,香菜,湖北,none,2017-04-28,蔬菜,元/斤
华中,2.90,none,2018-08-25,湖北省洪湖农贸市场,3.40,2.40,香菜,湖北,none,2017-04-27,蔬菜,元/斤
华中,2.90,none,2018-08-25,湖北省洪湖农贸市场,3.40,2.40,香菜,湖北,none,2017-04-26,蔬菜,元/斤
华中,2.90,none,2018-08-25,湖北省洪湖农贸市场,3.40,2.40,香菜,湖北,none,2017-04-25,蔬菜,元/斤
华中,2.90,none,2018-08-25,湖北省洪湖农贸市场,3.40,2.40,香菜,湖北,none,2017-04-20,蔬菜,元/斤
华中,2.90,none,2018-08-25,湖北省洪湖农贸市场,3.40,2.40,香菜,湖北,none,2017-04-18,蔬菜,元/斤
华中,2.90,none,2018-08-25,湖北省洪湖农贸市场,3.40,2.40,香菜,湖北,none,2017-04-17,蔬菜,元/斤
华中,2.70,none,2018-08-25,湖北省洪湖农贸市场,3.20,2.20,香菜,湖北,none,2017-04-14,蔬菜,元/斤
华中,2.70,none,2018-08-25,湖北省洪湖农贸市场,3.20,2.20,香菜,湖北,none,2017-04-13,蔬菜,元/斤
华中,2.70,none,2018-08-25,湖北省洪湖农贸市场,3.20,2.20,香菜,湖北,none,2017-04-12,蔬菜,元/斤
华中,2.70,none,2018-08-25,湖北省洪湖农贸市场,3.20,2.20,香菜,湖北,none,2017-04-11,蔬菜,元/斤
华中,2.70,none,2018-08-25,湖北省洪湖农贸市场,3.20,2.20,香菜,湖北,none,2017-04-10,蔬菜,元/斤
华中,2.60,none,2018-08-25,湖北省洪湖农贸市场,3.10,2.10,香菜,湖北,none,2017-04-05,蔬菜,元/斤
华中,2.20,none,2018-08-25,湖北省洪湖农贸市场,2.70,1.70,香菜,湖北,none,2017-04-01,蔬菜,元/斤
华中,2.20,none,2018-08-25,湖北省洪湖农贸市场,2.70,1.70,香菜,湖北,none,2017-03-31,蔬菜,元/斤
华中,2.20,none,2018-08-25,湖北省洪湖农贸市场,2.70,1.70,香菜,湖北,none,2017-03-30,蔬菜,元/斤
华中,4.10,none,2018-08-25,湖北省洪湖农贸市场,4.80,3.60,香菜,湖北,none,2017-07-06,蔬菜,元/斤
华中,4.10,none,2018-08-25,湖北省洪湖农贸市场,4.80,3.60,香菜,湖北,none,2017-07-05,蔬菜,元/斤
华中,4.10,none,2018-08-25,湖北省洪湖农贸市场,4.80,3.60,香菜,湖北,none,2017-07-04,蔬菜,元/斤
华中,4.10,none,2018-08-25,湖北省洪湖农贸市场,4.80,3.60,香菜,湖北,none,2017-07-03,蔬菜,元/斤
华中,4.10,none,2018-08-25,湖北省洪湖农贸市场,4.80,3.60,香菜,湖北,none,2017-06-30,蔬菜,元/斤
华中,4.10,none,2018-08-25,湖北省洪湖农贸市场,4.80,3.60,香菜,湖北,none,2017-06-29,蔬菜,元/斤
华中,4.10,none,2018-08-25,湖北省洪湖农贸市场,4.80,3.60,香菜,湖北,none,2017-06-27,蔬菜,元/斤
华中,4.10,none,2018-08-25,湖北省洪湖农贸市场,4.80,3.60,香菜,湖北,none,2017-06-26,蔬菜,元/斤
华中,3.60,none,2018-08-25,湖北省洪湖农贸市场,4.30,3.10,香菜,湖北,none,2017-06-23,蔬菜,元/斤
华中,3.10,none,2018-08-25,湖北省洪湖农贸市场,3.80,2.60,香菜,湖北,none,2017-06-21,蔬菜,元/斤
华中,3.10,none,2018-08-25,湖北省洪湖农贸市场,3.80,2.60,香菜,湖北,none,2017-06-20,蔬菜,元/斤
华中,3.10,none,2018-08-25,湖北省洪湖农贸市场,3.50,2.60,香菜,湖北,none,2017-06-15,蔬菜,元/斤
华中,3.10,none,2018-08-25,湖北省洪湖农贸市场,3.50,2.60,香菜,湖北,none,2017-06-14,蔬菜,元/斤
华中,3.10,none,2018-08-25,湖北省洪湖农贸市场,3.50,2.60,香菜,湖北,none,2017-06-13,蔬菜,元/斤
华中,3.10,none,2018-08-25,湖北省洪湖农贸市场,3.50,2.60,香菜,湖北,none,2017-06-12,蔬菜,元/斤
华中,3.00,none,2018-08-25,湖北省洪湖农贸市场,3.40,2.50,香菜,湖北,none,2017-06-09,蔬菜,元/斤
华中,3.00,none,2018-08-25,湖北省洪湖农贸市场,3.40,2.50,香菜,湖北,none,2017-06-08,蔬菜,元/斤
华中,2.90,none,2018-08-25,湖北省洪湖农贸市场,3.30,2.40,香菜,湖北,none,2017-06-06,蔬菜,元/斤
华中,2.90,none,2018-08-25,湖北省洪湖农贸市场,3.30,2.40,香菜,湖北,none,2017-06-05,蔬菜,元/斤
华中,2.90,none,2018-08-25,湖北省洪湖农贸市场,3.30,2.40,香菜,湖北,none,2017-06-01,蔬菜,元/斤
华中,2.90,none,2018-08-25,湖北省洪湖农贸市场,3.30,2.40,香菜,湖北,none,2017-05-31,蔬菜,元/斤
华中,2.90,none,2018-08-25,湖北省洪湖农贸市场,3.30,2.40,香菜,湖北,none,2017-05-24,蔬菜,元/斤
华中,2.90,none,2018-08-25,湖北省洪湖农贸市场,3.30,2.40,香菜,湖北,none,2017-05-23,蔬菜,元/斤
华中,2.90,none,2018-08-25,湖北省洪湖农贸市场,3.30,2.40,香菜,湖北,none,2017-05-22,蔬菜,元/斤
华中,2.90,none,2018-08-25,湖北省洪湖农贸市场,3.30,2.40,香菜,湖北,none,2017-05-17,蔬菜,元/斤
华中,5.40,none,2018-08-25,湖北省洪湖农贸市场,5.90,4.90,香菜,湖北,none,2017-08-29,蔬菜,元/斤
华中,5.40,none,2018-08-25,湖北省洪湖农贸市场,5.90,4.90,香菜,湖北,none,2017-08-24,蔬菜,元/斤
华中,5.40,none,2018-08-25,湖北省洪湖农贸市场,5.90,4.90,香菜,湖北,none,2017-08-22,蔬菜,元/斤
华中,5.40,none,2018-08-25,湖北省洪湖农贸市场,5.90,4.90,香菜,湖北,none,2017-08-21,蔬菜,元/斤
华中,5.40,none,2018-08-25,湖北省洪湖农贸市场,5.90,4.90,香菜,湖北,none,2017-08-18,蔬菜,元/斤
华中,5.40,none,2018-08-25,湖北省洪湖农贸市场,5.90,4.90,香菜,湖北,none,2017-08-16,蔬菜,元/斤
华中,5.40,none,2018-08-25,湖北省洪湖农贸市场,5.90,4.90,香菜,湖北,none,2017-08-15,蔬菜,元/斤
华中,5.40,none,2018-08-25,湖北省洪湖农贸市场,5.90,4.90,香菜,湖北,none,2017-08-14,蔬菜,元/斤
华中,4.90,none,2018-08-25,湖北省洪湖农贸市场,5.40,4.40,香菜,湖北,none,2017-08-10,蔬菜,元/斤
华中,4.70,none,2018-08-25,湖北省洪湖农贸市场,5.20,4.20,香菜,湖北,none,2017-08-08,蔬菜,元/斤
华中,3.80,none,2018-08-25,湖北省洪湖农贸市场,4.50,3.20,香菜,湖北,none,2017-08-03,蔬菜,元/斤
华中,3.80,none,2018-08-25,湖北省洪湖农贸市场,4.50,3.20,香菜,湖北,none,2017-08-02,蔬菜,元/斤
华中,3.80,none,2018-08-25,湖北省洪湖农贸市场,4.50,3.20,香菜,湖北,none,2017-07-28,蔬菜,元/斤
华中,3.80,none,2018-08-25,湖北省洪湖农贸市场,4.50,3.20,香菜,湖北,none,2017-07-27,蔬菜,元/斤
华中,3.80,none,2018-08-25,湖北省洪湖农贸市场,4.50,3.20,香菜,湖北,none,2017-07-26,蔬菜,元/斤
华中,3.80,none,2018-08-25,湖北省洪湖农贸市场,4.50,3.20,香菜,湖北,none,2017-07-25,蔬菜,元/斤
华中,3.80,none,2018-08-25,湖北省洪湖农贸市场,4.50,3.20,香菜,湖北,none,2017-07-24,蔬菜,元/斤
华中,3.80,none,2018-08-25,湖北省洪湖农贸市场,4.50,3.20,香菜,湖北,none,2017-07-21,蔬菜,元/斤
华中,3.80,none,2018-08-25,湖北省洪湖农贸市场,4.50,3.20,香菜,湖北,none,2017-07-20,蔬菜,元/斤
华中,3.80,none,2018-08-25,湖北省洪湖农贸市场,4.50,3.20,香菜,湖北,none,2017-07-19,蔬菜,元/斤
华中,4.10,none,2018-08-25,湖北省洪湖农贸市场,4.80,3.60,香菜,湖北,none,2017-07-12,蔬菜,元/斤
华中,4.10,none,2018-08-25,湖北省洪湖农贸市场,4.80,3.60,香菜,湖北,none,2017-07-11,蔬菜,元/斤
华中,4.10,none,2018-08-25,湖北省洪湖农贸市场,4.80,3.60,香菜,湖北,none,2017-07-10,蔬菜,元/斤
华中,4.10,none,2018-08-25,湖北省洪湖农贸市场,4.80,3.60,香菜,湖北,none,2017-07-08,蔬菜,元/斤
华中,4.10,none,2018-08-25,湖北省洪湖农贸市场,4.80,3.60,香菜,湖北,none,2017-07-07,蔬菜,元/斤
华中,4.70,none,2018-08-25,湖北省洪湖农贸市场,5.00,4.50,香菜,湖北,none,2017-10-25,蔬菜,元/斤
华中,4.70,none,2018-08-25,湖北省洪湖农贸市场,5.00,4.50,香菜,湖北,none,2017-10-24,蔬菜,元/斤
华中,4.70,none,2018-08-25,湖北省洪湖农贸市场,5.00,4.50,香菜,湖北,none,2017-10-20,蔬菜,元/斤
华中,4.70,none,2018-08-25,湖北省洪湖农贸市场,5.00,4.50,香菜,湖北,none,2017-10-19,蔬菜,元/斤
华中,4.70,none,2018-08-25,湖北省洪湖农贸市场,5.00,4.50,香菜,湖北,none,2017-10-18,蔬菜,元/斤
华中,4.70,none,2018-08-25,湖北省洪湖农贸市场,5.00,4.50,香菜,湖北,none,2017-10-16,蔬菜,元/斤
华中,4.70,none,2018-08-25,湖北省洪湖农贸市场,5.00,4.50,香菜,湖北,none,2017-10-13,蔬菜,元/斤
华中,5.20,none,2018-08-25,湖北省洪湖农贸市场,5.50,5.00,香菜,湖北,none,2017-10-12,蔬菜,元/斤
华中,5.50,none,2018-08-25,湖北省洪湖农贸市场,5.80,5.30,香菜,湖北,none,2017-10-11,蔬菜,元/斤
华中,5.50,none,2018-08-25,湖北省洪湖农贸市场,5.80,5.30,香菜,湖北,none,2017-10-09,蔬菜,元/斤
华中,4.10,none,2018-08-25,湖北省洪湖农贸市场,4.60,3.60,香菜,湖北,none,2017-09-30,蔬菜,元/斤
华中,4.10,none,2018-08-25,湖北省洪湖农贸市场,4.60,3.60,香菜,湖北,none,2017-09-29,蔬菜,元/斤
华中,4.10,none,2018-08-25,湖北省洪湖农贸市场,4.60,3.60,香菜,湖北,none,2017-09-28,蔬菜,元/斤
华中,4.30,none,2018-08-25,湖北省洪湖农贸市场,4.80,3.80,香菜,湖北,none,2017-09-27,蔬菜,元/斤
华中,4.30,none,2018-08-25,湖北省洪湖农贸市场,4.80,3.80,香菜,湖北,none,2017-09-26,蔬菜,元/斤
华中,4.50,none,2018-08-25,湖北省洪湖农贸市场,4.90,4.00,香菜,湖北,none,2017-09-22,蔬菜,元/斤
华中,4.50,none,2018-08-25,湖北省洪湖农贸市场,4.90,4.00,香菜,湖北,none,2017-09-21,蔬菜,元/斤
华中,4.70,none,2018-08-25,湖北省洪湖农贸市场,5.10,4.20,香菜,湖北,none,2017-09-20,蔬菜,元/斤
华中,4.90,none,2018-08-25,湖北省洪湖农贸市场,5.30,4.40,香菜,湖北,none,2017-09-19,蔬菜,元/斤
华中,5.40,none,2018-08-25,湖北省洪湖农贸市场,5.90,4.90,香菜,湖北,none,2017-09-08,蔬菜,元/斤
华中,5.40,none,2018-08-25,湖北省洪湖农贸市场,5.90,4.90,香菜,湖北,none,2017-09-07,蔬菜,元/斤
华中,5.40,none,2018-08-25,湖北省洪湖农贸市场,5.90,4.90,香菜,湖北,none,2017-09-04,蔬菜,元/斤
华中,5.40,none,2018-08-25,湖北省洪湖农贸市场,5.90,4.90,香菜,湖北,none,2017-09-01,蔬菜,元/斤
华中,5.40,none,2018-08-25,湖北省洪湖农贸市场,5.90,4.90,香菜,湖北,none,2017-08-31,蔬菜,元/斤
华中,5.40,none,2018-08-25,湖北省洪湖农贸市场,5.90,4.90,香菜,湖北,none,2017-08-30,蔬菜,元/斤
华中,3.70,none,2018-08-25,湖北省洪湖农贸市场,4.20,3.20,香菜,湖北,none,2017-12-01,蔬菜,元/斤
华中,3.70,none,2018-08-25,湖北省洪湖农贸市场,4.20,3.20,香菜,湖北,none,2017-11-30,蔬菜,元/斤
华中,3.70,none,2018-08-25,湖北省洪湖农贸市场,4.20,3.20,香菜,湖北,none,2017-11-29,蔬菜,元/斤
华中,3.70,none,2018-08-25,湖北省洪湖农贸市场,4.20,3.20,香菜,湖北,none,2017-11-28,蔬菜,元/斤
华中,3.70,none,2018-08-25,湖北省洪湖农贸市场,4.20,3.20,香菜,湖北,none,2017-11-27,蔬菜,元/斤
华中,4.40,none,2018-08-25,湖北省洪湖农贸市场,4.70,4.20,香菜,湖北,none,2017-11-24,蔬菜,元/斤
华中,4.40,none,2018-08-25,湖北省洪湖农贸市场,4.70,4.20,香菜,湖北,none,2017-11-23,蔬菜,元/斤
华中,4.40,none,2018-08-25,湖北省洪湖农贸市场,4.70,4.20,香菜,湖北,none,2017-11-22,蔬菜,元/斤
华中,4.40,none,2018-08-25,湖北省洪湖农贸市场,4.70,4.20,香菜,湖北,none,2017-11-21,蔬菜,元/斤
华中,4.40,none,2018-08-25,湖北省洪湖农贸市场,4.70,4.20,香菜,湖北,none,2017-11-20,蔬菜,元/斤
华中,4.40,none,2018-08-25,湖北省洪湖农贸市场,4.70,4.20,香菜,湖北,none,2017-11-17,蔬菜,元/斤
华中,4.40,none,2018-08-25,湖北省洪湖农贸市场,4.70,4.20,香菜,湖北,none,2017-11-16,蔬菜,元/斤
华中,4.40,none,2018-08-25,湖北省洪湖农贸市场,4.70,4.20,香菜,湖北,none,2017-11-15,蔬菜,元/斤
华中,4.40,none,2018-08-25,湖北省洪湖农贸市场,4.70,4.20,香菜,湖北,none,2017-11-14,蔬菜,元/斤
华中,4.40,none,2018-08-25,湖北省洪湖农贸市场,4.70,4.20,香菜,湖北,none,2017-11-13,蔬菜,元/斤
华中,4.40,none,2018-08-25,湖北省洪湖农贸市场,4.70,4.20,香菜,湖北,none,2017-11-10,蔬菜,元/斤
华中,4.40,none,2018-08-25,湖北省洪湖农贸市场,4.70,4.20,香菜,湖北,none,2017-11-09,蔬菜,元/斤
华中,4.40,none,2018-08-25,湖北省洪湖农贸市场,4.70,4.20,香菜,湖北,none,2017-11-08,蔬菜,元/斤
华中,4.40,none,2018-08-25,湖北省洪湖农贸市场,4.70,4.20,香菜,湖北,none,2017-11-07,蔬菜,元/斤
华中,4.50,none,2018-08-25,湖北省洪湖农贸市场,4.80,4.30,香菜,湖北,none,2017-11-06,蔬菜,元/斤
华中,4.70,none,2018-08-25,湖北省洪湖农贸市场,5.00,4.50,香菜,湖北,none,2017-11-03,蔬菜,元/斤
华中,4.70,none,2018-08-25,湖北省洪湖农贸市场,5.00,4.50,香菜,湖北,none,2017-11-02,蔬菜,元/斤
华中,4.70,none,2018-08-25,湖北省洪湖农贸市场,5.00,4.50,香菜,湖北,none,2017-11-01,蔬菜,元/斤
华中,4.70,none,2018-08-25,湖北省洪湖农贸市场,5.00,4.50,香菜,湖北,none,2017-10-27,蔬菜,元/斤
华中,4.70,none,2018-08-25,湖北省洪湖农贸市场,5.00,4.50,香菜,湖北,none,2017-10-26,蔬菜,元/斤
华中,5.00,none,2018-08-25,湖北省洪湖农贸市场,5.50,4.50,香菜,湖北,none,2018-01-19,蔬菜,元/斤
华中,5.00,none,2018-08-25,湖北省洪湖农贸市场,5.50,4.50,香菜,湖北,none,2018-01-17,蔬菜,元/斤
华中,5.00,none,2018-08-25,湖北省洪湖农贸市场,5.50,4.50,香菜,湖北,none,2018-01-15,蔬菜,元/斤
华中,5.00,none,2018-08-25,湖北省洪湖农贸市场,5.50,4.50,香菜,湖北,none,2018-01-12,蔬菜,元/斤
华中,5.00,none,2018-08-25,湖北省洪湖农贸市场,5.50,4.50,香菜,湖北,none,2018-01-11,蔬菜,元/斤
华中,5.00,none,2018-08-25,湖北省洪湖农贸市场,5.50,4.50,香菜,湖北,none,2018-01-10,蔬菜,元/斤
华中,4.80,none,2018-08-25,湖北省洪湖农贸市场,5.30,4.30,香菜,湖北,none,2018-01-09,蔬菜,元/斤
华中,4.00,none,2018-08-25,湖北省洪湖农贸市场,4.50,3.50,香菜,湖北,none,2018-01-05,蔬菜,元/斤
华中,4.00,none,2018-08-25,湖北省洪湖农贸市场,4.50,3.50,香菜,湖北,none,2018-01-04,蔬菜,元/斤
华中,3.70,none,2018-08-25,湖北省洪湖农贸市场,4.20,3.20,香菜,湖北,none,2018-01-03,蔬菜,元/斤
华中,3.70,none,2018-08-25,湖北省洪湖农贸市场,4.20,3.20,香菜,湖北,none,2017-12-29,蔬菜,元/斤
华中,3.70,none,2018-08-25,湖北省洪湖农贸市场,4.20,3.20,香菜,湖北,none,2017-12-28,蔬菜,元/斤
华中,3.70,none,2018-08-25,湖北省洪湖农贸市场,4.20,3.20,香菜,湖北,none,2017-12-26,蔬菜,元/斤
华中,3.70,none,2018-08-25,湖北省洪湖农贸市场,4.20,3.20,香菜,湖北,none,2017-12-22,蔬菜,元/斤
华中,3.70,none,2018-08-25,湖北省洪湖农贸市场,4.20,3.20,香菜,湖北,none,2017-12-20,蔬菜,元/斤
华中,3.70,none,2018-08-25,湖北省洪湖农贸市场,4.20,3.20,香菜,湖北,none,2017-12-19,蔬菜,元/斤
华中,3.70,none,2018-08-25,湖北省洪湖农贸市场,4.20,3.20,香菜,湖北,none,2017-12-18,蔬菜,元/斤
华中,3.70,none,2018-08-25,湖北省洪湖农贸市场,4.20,3.20,香菜,湖北,none,2017-12-13,蔬菜,元/斤
华中,3.70,none,2018-08-25,湖北省洪湖农贸市场,4.20,3.20,香菜,湖北,none,2017-12-12,蔬菜,元/斤
华中,3.70,none,2018-08-25,湖北省洪湖农贸市场,4.20,3.20,香菜,湖北,none,2017-12-11,蔬菜,元/斤
华中,3.70,none,2018-08-25,湖北省洪湖农贸市场,4.20,3.20,香菜,湖北,none,2017-12-08,蔬菜,元/斤
华中,3.70,none,2018-08-25,湖北省洪湖农贸市场,4.20,3.20,香菜,湖北,none,2017-12-07,蔬菜,元/斤
华中,3.70,none,2018-08-25,湖北省洪湖农贸市场,4.20,3.20,香菜,湖北,none,2017-12-06,蔬菜,元/斤
华中,3.70,none,2018-08-25,湖北省洪湖农贸市场,4.20,3.20,香菜,湖北,none,2017-12-05,蔬菜,元/斤
华中,3.70,none,2018-08-25,湖北省洪湖农贸市场,4.20,3.20,香菜,湖北,none,2017-12-04,蔬菜,元/斤
华中,4.90,none,2018-08-25,湖北省洪湖农贸市场,5.40,4.40,香菜,湖北,none,2018-03-08,蔬菜,元/斤
华中,4.90,none,2018-08-25,湖北省洪湖农贸市场,5.40,4.40,香菜,湖北,none,2018-03-07,蔬菜,元/斤
华中,5.00,none,2018-08-25,湖北省洪湖农贸市场,5.50,4.50,香菜,湖北,none,2018-03-06,蔬菜,元/斤
华中,5.40,none,2018-08-25,湖北省洪湖农贸市场,5.90,4.90,香菜,湖北,none,2018-03-05,蔬菜,元/斤
华中,6.00,none,2018-08-25,湖北省洪湖农贸市场,6.50,5.50,香菜,湖北,none,2018-03-02,蔬菜,元/斤
华中,6.00,none,2018-08-25,湖北省洪湖农贸市场,6.50,5.50,香菜,湖北,none,2018-02-28,蔬菜,元/斤
华中,6.00,none,2018-08-25,湖北省洪湖农贸市场,6.50,5.50,香菜,湖北,none,2018-02-26,蔬菜,元/斤
华中,6.00,none,2018-08-25,湖北省洪湖农贸市场,6.50,5.50,香菜,湖北,none,2018-02-22,蔬菜,元/斤
华中,6.00,none,2018-08-25,湖北省洪湖农贸市场,6.50,5.50,香菜,湖北,none,2018-02-14,蔬菜,元/斤
华中,6.00,none,2018-08-25,湖北省洪湖农贸市场,6.50,5.50,香菜,湖北,none,2018-02-13,蔬菜,元/斤
华中,6.00,none,2018-08-25,湖北省洪湖农贸市场,6.50,5.50,香菜,湖北,none,2018-02-11,蔬菜,元/斤
华中,6.00,none,2018-08-25,湖北省洪湖农贸市场,6.50,5.50,香菜,湖北,none,2018-02-08,蔬菜,元/斤
华中,6.00,none,2018-08-25,湖北省洪湖农贸市场,6.50,5.50,香菜,湖北,none,2018-02-06,蔬菜,元/斤
华中,6.00,none,2018-08-25,湖北省洪湖农贸市场,6.50,5.50,香菜,湖北,none,2018-02-05,蔬菜,元/斤
华中,5.70,none,2018-08-25,湖北省洪湖农贸市场,6.20,5.20,香菜,湖北,none,2018-02-02,蔬菜,元/斤
华中,5.50,none,2018-08-25,湖北省洪湖农贸市场,6.00,5.00,香菜,湖北,none,2018-02-01,蔬菜,元/斤
华中,5.00,none,2018-08-25,湖北省洪湖农贸市场,5.50,4.50,香菜,湖北,none,2018-01-31,蔬菜,元/斤
华中,5.00,none,2018-08-25,湖北省洪湖农贸市场,5.50,4.50,香菜,湖北,none,2018-01-30,蔬菜,元/斤
华中,5.00,none,2018-08-25,湖北省洪湖农贸市场,5.50,4.50,香菜,湖北,none,2018-01-29,蔬菜,元/斤
华中,5.00,none,2018-08-25,湖北省洪湖农贸市场,5.50,4.50,香菜,湖北,none,2018-01-28,蔬菜,元/斤
华中,5.00,none,2018-08-25,湖北省洪湖农贸市场,5.50,4.50,香菜,湖北,none,2018-01-27,蔬菜,元/斤
华中,5.00,none,2018-08-25,湖北省洪湖农贸市场,5.50,4.50,香菜,湖北,none,2018-01-26,蔬菜,元/斤
华中,5.00,none,2018-08-25,湖北省洪湖农贸市场,5.50,4.50,香菜,湖北,none,2018-01-25,蔬菜,元/斤
华中,5.00,none,2018-08-25,湖北省洪湖农贸市场,5.50,4.50,香菜,湖北,none,2018-01-24,蔬菜,元/斤
华中,5.00,none,2018-08-25,湖北省洪湖农贸市场,5.50,4.50,香菜,湖北,none,2018-01-23,蔬菜,元/斤
华中,2.60,none,2018-08-25,湖北省洪湖农贸市场,3.10,2.10,香菜,湖北,none,2018-04-27,蔬菜,元/斤
华中,2.60,none,2018-08-25,湖北省洪湖农贸市场,3.10,2.10,香菜,湖北,none,2018-04-26,蔬菜,元/斤
华中,2.60,none,2018-08-25,湖北省洪湖农贸市场,3.10,2.10,香菜,湖北,none,2018-04-25,蔬菜,元/斤
华中,2.60,none,2018-08-25,湖北省洪湖农贸市场,3.10,2.10,香菜,湖北,none,2018-04-24,蔬菜,元/斤
华中,2.60,none,2018-08-25,湖北省洪湖农贸市场,3.10,2.10,香菜,湖北,none,2018-04-20,蔬菜,元/斤
华中,2.60,none,2018-08-25,湖北省洪湖农贸市场,3.10,2.10,香菜,湖北,none,2018-04-19,蔬菜,元/斤
华中,2.60,none,2018-08-25,湖北省洪湖农贸市场,3.10,2.10,香菜,湖北,none,2018-04-17,蔬菜,元/斤
华中,2.60,none,2018-08-25,湖北省洪湖农贸市场,3.10,2.10,香菜,湖北,none,2018-04-16,蔬菜,元/斤
华中,2.60,none,2018-08-25,湖北省洪湖农贸市场,3.10,2.10,香菜,湖北,none,2018-04-13,蔬菜,元/斤
华中,2.60,none,2018-08-25,湖北省洪湖农贸市场,3.10,2.10,香菜,湖北,none,2018-04-12,蔬菜,元/斤
华中,2.60,none,2018-08-25,湖北省洪湖农贸市场,3.10,2.10,香菜,湖北,none,2018-04-08,蔬菜,元/斤
华中,2.90,none,2018-08-25,湖北省洪湖农贸市场,3.40,2.40,香菜,湖北,none,2018-03-30,蔬菜,元/斤
华中,2.90,none,2018-08-25,湖北省洪湖农贸市场,3.40,2.40,香菜,湖北,none,2018-03-29,蔬菜,元/斤
华中,2.90,none,2018-08-25,湖北省洪湖农贸市场,3.40,2.40,香菜,湖北,none,2018-03-28,蔬菜,元/斤
华中,3.00,none,2018-08-25,湖北省洪湖农贸市场,3.50,2.50,香菜,湖北,none,2018-03-27,蔬菜,元/斤
华中,3.00,none,2018-08-25,湖北省洪湖农贸市场,3.50,2.50,香菜,湖北,none,2018-03-26,蔬菜,元/斤
华中,3.90,none,2018-08-25,湖北省洪湖农贸市场,4.40,3.40,香菜,湖北,none,2018-03-23,蔬菜,元/斤
华中,3.90,none,2018-08-25,湖北省洪湖农贸市场,4.40,3.40,香菜,湖北,none,2018-03-22,蔬菜,元/斤
华中,3.90,none,2018-08-25,湖北省洪湖农贸市场,4.40,3.40,香菜,湖北,none,2018-03-21,蔬菜,元/斤
华中,3.90,none,2018-08-25,湖北省洪湖农贸市场,4.40,3.40,香菜,湖北,none,2018-03-19,蔬菜,元/斤
华中,4.90,none,2018-08-25,湖北省洪湖农贸市场,5.40,4.40,香菜,湖北,none,2018-03-15,蔬菜,元/斤
华中,4.90,none,2018-08-25,湖北省洪湖农贸市场,5.40,4.40,香菜,湖北,none,2018-03-14,蔬菜,元/斤
华中,4.90,none,2018-08-25,湖北省洪湖农贸市场,5.40,4.40,香菜,湖北,none,2018-03-13,蔬菜,元/斤
华中,4.90,none,2018-08-25,湖北省洪湖农贸市场,5.40,4.40,香菜,湖北,none,2018-03-12,蔬菜,元/斤
华中,4.90,none,2018-08-25,湖北省洪湖农贸市场,5.40,4.40,香菜,湖北,none,2018-03-09,蔬菜,元/斤
华中,1.90,none,2018-08-25,湖北省洪湖农贸市场,2.30,1.30,莲藕,湖北,none,2017-03-02,蔬菜,元/斤
华中,1.90,none,2018-08-25,湖北省洪湖农贸市场,2.30,1.30,莲藕,湖北,none,2017-03-01,蔬菜,元/斤
华中,1.90,none,2018-08-25,湖北省洪湖农贸市场,2.30,1.30,莲藕,湖北,none,2017-02-28,蔬菜,元/斤
华中,1.90,none,2018-08-25,湖北省洪湖农贸市场,2.30,1.30,莲藕,湖北,none,2017-02-27,蔬菜,元/斤
华中,2.00,none,2018-08-25,湖北省洪湖农贸市场,2.40,1.40,莲藕,湖北,none,2017-02-24,蔬菜,元/斤
华中,2.00,none,2018-08-25,湖北省洪湖农贸市场,2.40,1.40,莲藕,湖北,none,2017-02-23,蔬菜,元/斤
华中,2.00,none,2018-08-25,湖北省洪湖农贸市场,2.40,1.40,莲藕,湖北,none,2017-02-22,蔬菜,元/斤
华中,2.00,none,2018-08-25,湖北省洪湖农贸市场,2.40,1.40,莲藕,湖北,none,2017-02-21,蔬菜,元/斤
华中,2.00,none,2018-08-25,湖北省洪湖农贸市场,2.40,1.40,莲藕,湖北,none,2017-02-20,蔬菜,元/斤
华中,2.00,none,2018-08-25,湖北省洪湖农贸市场,2.40,1.40,莲藕,湖北,none,2017-02-17,蔬菜,元/斤
华中,2.00,none,2018-08-25,湖北省洪湖农贸市场,2.40,1.40,莲藕,湖北,none,2017-02-15,蔬菜,元/斤
华中,2.00,none,2018-08-25,湖北省洪湖农贸市场,2.40,1.40,莲藕,湖北,none,2017-02-14,蔬菜,元/斤
华中,2.00,none,2018-08-25,湖北省洪湖农贸市场,2.40,1.40,莲藕,湖北,none,2017-02-13,蔬菜,元/斤
华中,2.10,none,2018-08-25,湖北省洪湖农贸市场,2.60,1.60,莲藕,湖北,none,2017-02-10,蔬菜,元/斤
华中,2.10,none,2018-08-25,湖北省洪湖农贸市场,2.60,1.60,莲藕,湖北,none,2017-02-08,蔬菜,元/斤
华中,2.10,none,2018-08-25,湖北省洪湖农贸市场,2.60,1.60,莲藕,湖北,none,2017-02-07,蔬菜,元/斤
华中,2.10,none,2018-08-25,湖北省洪湖农贸市场,2.60,1.60,莲藕,湖北,none,2017-02-06,蔬菜,元/斤
华中,2.10,none,2018-08-25,湖北省洪湖农贸市场,2.60,1.60,莲藕,湖北,none,2017-01-30,蔬菜,元/斤
华中,2.10,none,2018-08-25,湖北省洪湖农贸市场,2.60,1.60,莲藕,湖北,none,2017-01-26,蔬菜,元/斤
华中,2.10,none,2018-08-25,湖北省洪湖农贸市场,2.60,1.60,莲藕,湖北,none,2017-01-22,蔬菜,元/斤
华中,2.10,none,2018-08-25,湖北省洪湖农贸市场,2.60,1.60,莲藕,湖北,none,2017-01-20,蔬菜,元/斤
华中,2.00,none,2018-08-25,湖北省洪湖农贸市场,2.50,1.50,莲藕,湖北,none,2017-01-19,蔬菜,元/斤
华中,2.00,none,2018-08-25,湖北省洪湖农贸市场,2.50,1.50,莲藕,湖北,none,2017-01-18,蔬菜,元/斤
华中,2.00,none,2018-08-25,湖北省洪湖农贸市场,2.50,1.50,莲藕,湖北,none,2017-01-17,蔬菜,元/斤
华中,2.00,none,2018-08-25,湖北省洪湖农贸市场,2.50,1.50,莲藕,湖北,none,2017-01-16,蔬菜,元/斤
华中,1.70,none,2018-08-25,湖北省洪湖农贸市场,2.20,1.20,莲藕,湖北,none,2017-04-26,蔬菜,元/斤
华中,1.70,none,2018-08-25,湖北省洪湖农贸市场,2.20,1.20,莲藕,湖北,none,2017-04-25,蔬菜,元/斤
华中,1.70,none,2018-08-25,湖北省洪湖农贸市场,2.20,1.20,莲藕,湖北,none,2017-04-20,蔬菜,元/斤
华中,1.70,none,2018-08-25,湖北省洪湖农贸市场,2.20,1.20,莲藕,湖北,none,2017-04-18,蔬菜,元/斤
华中,1.70,none,2018-08-25,湖北省洪湖农贸市场,2.20,1.20,莲藕,湖北,none,2017-04-17,蔬菜,元/斤
华中,1.60,none,2018-08-25,湖北省洪湖农贸市场,2.10,1.10,莲藕,湖北,none,2017-04-14,蔬菜,元/斤
华中,1.60,none,2018-08-25,湖北省洪湖农贸市场,2.10,1.10,莲藕,湖北,none,2017-04-13,蔬菜,元/斤
华中,1.60,none,2018-08-25,湖北省洪湖农贸市场,2.10,1.10,莲藕,湖北,none,2017-04-12,蔬菜,元/斤
华中,1.60,none,2018-08-25,湖北省洪湖农贸市场,2.10,1.10,莲藕,湖北,none,2017-04-11,蔬菜,元/斤
华中,1.60,none,2018-08-25,湖北省洪湖农贸市场,2.10,1.10,莲藕,湖北,none,2017-04-10,蔬菜,元/斤
华中,1.60,none,2018-08-25,湖北省洪湖农贸市场,2.10,1.10,莲藕,湖北,none,2017-04-06,蔬菜,元/斤
华中,1.60,none,2018-08-25,湖北省洪湖农贸市场,2.10,1.10,莲藕,湖北,none,2017-04-05,蔬菜,元/斤
华中,1.60,none,2018-08-25,湖北省洪湖农贸市场,2.10,1.10,莲藕,湖北,none,2017-04-01,蔬菜,元/斤
华中,1.60,none,2018-08-25,湖北省洪湖农贸市场,2.10,1.10,莲藕,湖北,none,2017-03-31,蔬菜,元/斤
华中,1.60,none,2018-08-25,湖北省洪湖农贸市场,2.10,1.10,莲藕,湖北,none,2017-03-30,蔬菜,元/斤
华中,1.60,none,2018-08-25,湖北省洪湖农贸市场,2.10,1.10,莲藕,湖北,none,2017-03-29,蔬菜,元/斤
华中,1.60,none,2018-08-25,湖北省洪湖农贸市场,2.10,1.10,莲藕,湖北,none,2017-03-28,蔬菜,元/斤
华中,1.60,none,2018-08-25,湖北省洪湖农贸市场,2.10,1.10,莲藕,湖北,none,2017-03-23,蔬菜,元/斤
华中,1.60,none,2018-08-25,湖北省洪湖农贸市场,2.10,1.10,莲藕,湖北,none,2017-03-22,蔬菜,元/斤
华中,1.60,none,2018-08-25,湖北省洪湖农贸市场,2.10,1.10,莲藕,湖北,none,2017-03-21,蔬菜,元/斤
华中,1.60,none,2018-08-25,湖北省洪湖农贸市场,2.10,1.10,莲藕,湖北,none,2017-03-20,蔬菜,元/斤
华中,1.60,none,2018-08-25,湖北省洪湖农贸市场,2.10,1.10,莲藕,湖北,none,2017-03-17,蔬菜,元/斤
华中,1.60,none,2018-08-25,湖北省洪湖农贸市场,2.10,1.10,莲藕,湖北,none,2017-03-07,蔬菜,元/斤
华中,1.90,none,2018-08-25,湖北省洪湖农贸市场,2.30,1.30,莲藕,湖北,none,2017-03-04,蔬菜,元/斤
华中,1.90,none,2018-08-25,湖北省洪湖农贸市场,2.30,1.30,莲藕,湖北,none,2017-03-03,蔬菜,元/斤
华中,3.00,none,2018-08-25,湖北省洪湖农贸市场,4.50,2.00,莲藕,湖北,none,2017-06-23,蔬菜,元/斤
华中,3.20,none,2018-08-25,湖北省洪湖农贸市场,5.20,2.20,莲藕,湖北,none,2017-06-21,蔬菜,元/斤
华中,3.20,none,2018-08-25,湖北省洪湖农贸市场,5.20,2.20,莲藕,湖北,none,2017-06-20,蔬菜,元/斤
华中,2.70,none,2018-08-25,湖北省洪湖农贸市场,3.20,2.20,莲藕,湖北,none,2017-06-15,蔬菜,元/斤
华中,2.70,none,2018-08-25,湖北省洪湖农贸市场,3.20,2.20,莲藕,湖北,none,2017-06-13,蔬菜,元/斤
华中,2.50,none,2018-08-25,湖北省洪湖农贸市场,3.00,2.00,莲藕,湖北,none,2017-06-12,蔬菜,元/斤
华中,1.70,none,2018-08-25,湖北省洪湖农贸市场,2.50,1.40,莲藕,湖北,none,2017-06-08,蔬菜,元/斤
华中,1.70,none,2018-08-25,湖北省洪湖农贸市场,2.50,1.40,莲藕,湖北,none,2017-06-05,蔬菜,元/斤
华中,1.70,none,2018-08-25,湖北省洪湖农贸市场,2.50,1.40,莲藕,湖北,none,2017-06-01,蔬菜,元/斤
华中,1.70,none,2018-08-25,湖北省洪湖农贸市场,2.50,1.40,莲藕,湖北,none,2017-05-31,蔬菜,元/斤
华中,1.70,none,2018-08-25,湖北省洪湖农贸市场,2.50,1.40,莲藕,湖北,none,2017-05-24,蔬菜,元/斤
华中,1.70,none,2018-08-25,湖北省洪湖农贸市场,2.40,1.40,莲藕,湖北,none,2017-05-23,蔬菜,元/斤
华中,1.70,none,2018-08-25,湖北省洪湖农贸市场,2.40,1.40,莲藕,湖北,none,2017-05-22,蔬菜,元/斤
华中,1.70,none,2018-08-25,湖北省洪湖农贸市场,2.20,1.20,莲藕,湖北,none,2017-05-17,蔬菜,元/斤
华中,1.70,none,2018-08-25,湖北省洪湖农贸市场,2.20,1.20,莲藕,湖北,none,2017-05-15,蔬菜,元/斤
华中,1.70,none,2018-08-25,湖北省洪湖农贸市场,2.20,1.20,莲藕,湖北,none,2017-05-12,蔬菜,元/斤
华中,1.70,none,2018-08-25,湖北省洪湖农贸市场,2.20,1.20,莲藕,湖北,none,2017-05-10,蔬菜,元/斤
华中,1.70,none,2018-08-25,湖北省洪湖农贸市场,2.20,1.20,莲藕,湖北,none,2017-05-09,蔬菜,元/斤
华中,1.70,none,2018-08-25,湖北省洪湖农贸市场,2.20,1.20,莲藕,湖北,none,2017-05-08,蔬菜,元/斤
华中,1.70,none,2018-08-25,湖北省洪湖农贸市场,2.20,1.20,莲藕,湖北,none,2017-05-05,蔬菜,元/斤
华中,1.70,none,2018-08-25,湖北省洪湖农贸市场,2.20,1.20,莲藕,湖北,none,2017-05-04,蔬菜,元/斤
华中,1.70,none,2018-08-25,湖北省洪湖农贸市场,2.20,1.20,莲藕,湖北,none,2017-05-03,蔬菜,元/斤
华中,1.70,none,2018-08-25,湖北省洪湖农贸市场,2.20,1.20,莲藕,湖北,none,2017-05-02,蔬菜,元/斤
华中,1.70,none,2018-08-25,湖北省洪湖农贸市场,2.20,1.20,莲藕,湖北,none,2017-04-28,蔬菜,元/斤
华中,1.70,none,2018-08-25,湖北省洪湖农贸市场,2.20,1.20,莲藕,湖北,none,2017-04-27,蔬菜,元/斤
华中,1.80,none,2018-08-25,湖北省洪湖农贸市场,2.10,1.30,莲藕,湖北,none,2017-08-31,蔬菜,元/斤
华中,1.80,none,2018-08-25,湖北省洪湖农贸市场,2.10,1.30,莲藕,湖北,none,2017-08-29,蔬菜,元/斤
华中,1.80,none,2018-08-25,湖北省洪湖农贸市场,2.30,1.30,莲藕,湖北,none,2017-08-21,蔬菜,元/斤
华中,1.80,none,2018-08-25,湖北省洪湖农贸市场,2.30,1.30,莲藕,湖北,none,2017-08-15,蔬菜,元/斤
华中,1.80,none,2018-08-25,湖北省洪湖农贸市场,2.30,1.30,莲藕,湖北,none,2017-08-14,蔬菜,元/斤
华中,1.80,none,2018-08-25,湖北省洪湖农贸市场,2.30,1.30,莲藕,湖北,none,2017-08-10,蔬菜,元/斤
华中,1.80,none,2018-08-25,湖北省洪湖农贸市场,2.30,1.30,莲藕,湖北,none,2017-08-08,蔬菜,元/斤
华中,2.00,none,2018-08-25,湖北省洪湖农贸市场,2.50,1.50,莲藕,湖北,none,2017-08-03,蔬菜,元/斤
华中,2.00,none,2018-08-25,湖北省洪湖农贸市场,2.50,1.50,莲藕,湖北,none,2017-07-28,蔬菜,元/斤
华中,2.00,none,2018-08-25,湖北省洪湖农贸市场,2.50,1.50,莲藕,湖北,none,2017-07-27,蔬菜,元/斤
华中,2.00,none,2018-08-25,湖北省洪湖农贸市场,2.50,1.50,莲藕,湖北,none,2017-07-26,蔬菜,元/斤
华中,2.00,none,2018-08-25,湖北省洪湖农贸市场,2.50,1.50,莲藕,湖北,none,2017-07-25,蔬菜,元/斤
华中,2.00,none,2018-08-25,湖北省洪湖农贸市场,2.50,1.50,莲藕,湖北,none,2017-07-24,蔬菜,元/斤
华中,2.50,none,2018-08-25,湖北省洪湖农贸市场,3.00,1.80,莲藕,湖北,none,2017-07-21,蔬菜,元/斤
华中,2.50,none,2018-08-25,湖北省洪湖农贸市场,3.00,1.80,莲藕,湖北,none,2017-07-20,蔬菜,元/斤
华中,2.50,none,2018-08-25,湖北省洪湖农贸市场,3.00,1.80,莲藕,湖北,none,2017-07-19,蔬菜,元/斤
华中,2.50,none,2018-08-25,湖北省洪湖农贸市场,3.40,2.00,莲藕,湖北,none,2017-07-13,蔬菜,元/斤
华中,2.50,none,2018-08-25,湖北省洪湖农贸市场,3.40,2.00,莲藕,湖北,none,2017-07-12,蔬菜,元/斤
华中,3.00,none,2018-08-25,湖北省洪湖农贸市场,3.90,2.30,莲藕,湖北,none,2017-07-08,蔬菜,元/斤
华中,3.00,none,2018-08-25,湖北省洪湖农贸市场,3.90,2.30,莲藕,湖北,none,2017-07-07,蔬菜,元/斤
华中,3.00,none,2018-08-25,湖北省洪湖农贸市场,3.90,2.30,莲藕,湖北,none,2017-07-04,蔬菜,元/斤
华中,3.00,none,2018-08-25,湖北省洪湖农贸市场,3.90,2.30,莲藕,湖北,none,2017-07-03,蔬菜,元/斤
华中,2.50,none,2018-08-25,湖北省洪湖农贸市场,3.70,1.60,莲藕,湖北,none,2017-06-30,蔬菜,元/斤
华中,2.50,none,2018-08-25,湖北省洪湖农贸市场,3.70,1.60,莲藕,湖北,none,2017-06-29,蔬菜,元/斤
华中,2.60,none,2018-08-25,湖北省洪湖农贸市场,3.90,1.60,莲藕,湖北,none,2017-06-27,蔬菜,元/斤
华中,1.50,none,2018-08-25,湖北省洪湖农贸市场,1.90,1.10,莲藕,湖北,none,2017-11-03,蔬菜,元/斤
华中,1.50,none,2018-08-25,湖北省洪湖农贸市场,1.90,1.10,莲藕,湖北,none,2017-11-02,蔬菜,元/斤
华中,1.50,none,2018-08-25,湖北省洪湖农贸市场,1.90,1.10,莲藕,湖北,none,2017-11-01,蔬菜,元/斤
华中,1.50,none,2018-08-25,湖北省洪湖农贸市场,1.90,1.10,莲藕,湖北,none,2017-10-26,蔬菜,元/斤
华中,1.50,none,2018-08-25,湖北省洪湖农贸市场,1.90,1.10,莲藕,湖北,none,2017-10-25,蔬菜,元/斤
华中,1.50,none,2018-08-25,湖北省洪湖农贸市场,1.90,1.10,莲藕,湖北,none,2017-10-24,蔬菜,元/斤
华中,1.50,none,2018-08-25,湖北省洪湖农贸市场,1.90,1.10,莲藕,湖北,none,2017-10-20,蔬菜,元/斤
华中,1.50,none,2018-08-25,湖北省洪湖农贸市场,1.90,1.10,莲藕,湖北,none,2017-10-18,蔬菜,元/斤
华中,1.50,none,2018-08-25,湖北省洪湖农贸市场,1.90,1.10,莲藕,湖北,none,2017-10-16,蔬菜,元/斤
华中,1.50,none,2018-08-25,湖北省洪湖农贸市场,1.90,1.10,莲藕,湖北,none,2017-10-12,蔬菜,元/斤
华中,1.60,none,2018-08-25,湖北省洪湖农贸市场,2.10,1.10,莲藕,湖北,none,2017-10-11,蔬菜,元/斤
华中,1.60,none,2018-08-25,湖北省洪湖农贸市场,2.10,1.10,莲藕,湖北,none,2017-10-09,蔬菜,元/斤
华中,1.60,none,2018-08-25,湖北省洪湖农贸市场,1.90,1.10,莲藕,湖北,none,2017-09-30,蔬菜,元/斤
华中,1.60,none,2018-08-25,湖北省洪湖农贸市场,1.90,1.10,莲藕,湖北,none,2017-09-29,蔬菜,元/斤
华中,1.60,none,2018-08-25,湖北省洪湖农贸市场,1.90,1.10,莲藕,湖北,none,2017-09-28,蔬菜,元/斤
华中,1.60,none,2018-08-25,湖北省洪湖农贸市场,1.90,1.10,莲藕,湖北,none,2017-09-27,蔬菜,元/斤
华中,1.60,none,2018-08-25,湖北省洪湖农贸市场,1.90,1.10,莲藕,湖北,none,2017-09-26,蔬菜,元/斤
华中,1.60,none,2018-08-25,湖北省洪湖农贸市场,1.90,1.10,莲藕,湖北,none,2017-09-22,蔬菜,元/斤
华中,1.60,none,2018-08-25,湖北省洪湖农贸市场,1.90,1.10,莲藕,湖北,none,2017-09-21,蔬菜,元/斤
华中,1.60,none,2018-08-25,湖北省洪湖农贸市场,1.90,1.10,莲藕,湖北,none,2017-09-20,蔬菜,元/斤
华中,1.60,none,2018-08-25,湖北省洪湖农贸市场,1.90,1.10,莲藕,湖北,none,2017-09-19,蔬菜,元/斤
华中,1.80,none,2018-08-25,湖北省洪湖农贸市场,2.10,1.30,莲藕,湖北,none,2017-09-08,蔬菜,元/斤
华中,1.80,none,2018-08-25,湖北省洪湖农贸市场,2.10,1.30,莲藕,湖北,none,2017-09-07,蔬菜,元/斤
华中,1.80,none,2018-08-25,湖北省洪湖农贸市场,2.10,1.30,莲藕,湖北,none,2017-09-04,蔬菜,元/斤
华中,1.80,none,2018-08-25,湖北省洪湖农贸市场,2.10,1.30,莲藕,湖北,none,2017-09-01,蔬菜,元/斤
华中,1.50,none,2018-08-25,湖北省洪湖农贸市场,1.90,1.10,莲藕,湖北,none,2017-12-19,蔬菜,元/斤
华中,1.50,none,2018-08-25,湖北省洪湖农贸市场,1.90,1.10,莲藕,湖北,none,2017-12-13,蔬菜,元/斤
华中,1.50,none,2018-08-25,湖北省洪湖农贸市场,1.90,1.10,莲藕,湖北,none,2017-12-12,蔬菜,元/斤
华中,1.50,none,2018-08-25,湖北省洪湖农贸市场,1.90,1.10,莲藕,湖北,none,2017-12-11,蔬菜,元/斤
华中,1.50,none,2018-08-25,湖北省洪湖农贸市场,1.90,1.10,莲藕,湖北,none,2017-12-08,蔬菜,元/斤
华中,1.50,none,2018-08-25,湖北省洪湖农贸市场,1.90,1.10,莲藕,湖北,none,2017-12-07,蔬菜,元/斤
华中,1.50,none,2018-08-25,湖北省洪湖农贸市场,1.90,1.10,莲藕,湖北,none,2017-12-05,蔬菜,元/斤
华中,1.50,none,2018-08-25,湖北省洪湖农贸市场,1.90,1.10,莲藕,湖北,none,2017-12-04,蔬菜,元/斤
华中,1.50,none,2018-08-25,湖北省洪湖农贸市场,1.90,1.10,莲藕,湖北,none,2017-12-01,蔬菜,元/斤
华中,1.50,none,2018-08-25,湖北省洪湖农贸市场,1.90,1.10,莲藕,湖北,none,2017-11-30,蔬菜,元/斤
华中,1.50,none,2018-08-25,湖北省洪湖农贸市场,1.90,1.10,莲藕,湖北,none,2017-11-29,蔬菜,元/斤
华中,1.50,none,2018-08-25,湖北省洪湖农贸市场,1.90,1.10,莲藕,湖北,none,2017-11-28,蔬菜,元/斤
华中,1.50,none,2018-08-25,湖北省洪湖农贸市场,1.90,1.10,莲藕,湖北,none,2017-11-27,蔬菜,元/斤
华中,1.50,none,2018-08-25,湖北省洪湖农贸市场,1.90,1.10,莲藕,湖北,none,2017-11-23,蔬菜,元/斤
华中,1.50,none,2018-08-25,湖北省洪湖农贸市场,1.90,1.10,莲藕,湖北,none,2017-11-22,蔬菜,元/斤
华中,1.50,none,2018-08-25,湖北省洪湖农贸市场,1.90,1.10,莲藕,湖北,none,2017-11-21,蔬菜,元/斤
华中,1.50,none,2018-08-25,湖北省洪湖农贸市场,1.90,1.10,莲藕,湖北,none,2017-11-20,蔬菜,元/斤
华中,1.50,none,2018-08-25,湖北省洪湖农贸市场,1.90,1.10,莲藕,湖北,none,2017-11-16,蔬菜,元/斤
华中,1.50,none,2018-08-25,湖北省洪湖农贸市场,1.90,1.10,莲藕,湖北,none,2017-11-14,蔬菜,元/斤
华中,1.50,none,2018-08-25,湖北省洪湖农贸市场,1.90,1.10,莲藕,湖北,none,2017-11-13,蔬菜,元/斤
华中,1.50,none,2018-08-25,湖北省洪湖农贸市场,1.90,1.10,莲藕,湖北,none,2017-11-10,蔬菜,元/斤
华中,1.50,none,2018-08-25,湖北省洪湖农贸市场,1.90,1.10,莲藕,湖北,none,2017-11-09,蔬菜,元/斤
华中,1.50,none,2018-08-25,湖北省洪湖农贸市场,1.90,1.10,莲藕,湖北,none,2017-11-08,蔬菜,元/斤
华中,1.50,none,2018-08-25,湖北省洪湖农贸市场,1.90,1.10,莲藕,湖北,none,2017-11-07,蔬菜,元/斤
华中,1.50,none,2018-08-25,湖北省洪湖农贸市场,1.90,1.10,莲藕,湖北,none,2017-11-06,蔬菜,元/斤
华中,2.10,none,2018-08-25,湖北省洪湖农贸市场,2.60,1.70,莲藕,湖北,none,2018-02-11,蔬菜,元/斤
华中,2.10,none,2018-08-25,湖北省洪湖农贸市场,2.60,1.70,莲藕,湖北,none,2018-02-08,蔬菜,元/斤
华中,2.10,none,2018-08-25,湖北省洪湖农贸市场,2.60,1.70,莲藕,湖北,none,2018-02-06,蔬菜,元/斤
华中,2.10,none,2018-08-25,湖北省洪湖农贸市场,2.60,1.70,莲藕,湖北,none,2018-02-05,蔬菜,元/斤
华中,1.90,none,2018-08-25,湖北省洪湖农贸市场,2.40,1.50,莲藕,湖北,none,2018-02-02,蔬菜,元/斤
华中,1.70,none,2018-08-25,湖北省洪湖农贸市场,2.20,1.30,莲藕,湖北,none,2018-02-01,蔬菜,元/斤
华中,1.50,none,2018-08-25,湖北省洪湖农贸市场,2.00,1.10,莲藕,湖北,none,2018-01-31,蔬菜,元/斤
华中,1.50,none,2018-08-25,湖北省洪湖农贸市场,1.90,1.10,莲藕,湖北,none,2018-01-30,蔬菜,元/斤
华中,1.50,none,2018-08-25,湖北省洪湖农贸市场,1.90,1.10,莲藕,湖北,none,2018-01-28,蔬菜,元/斤
华中,1.50,none,2018-08-25,湖北省洪湖农贸市场,1.90,1.10,莲藕,湖北,none,2018-01-27,蔬菜,元/斤
华中,1.50,none,2018-08-25,湖北省洪湖农贸市场,1.90,1.10,莲藕,湖北,none,2018-01-26,蔬菜,元/斤
华中,1.50,none,2018-08-25,湖北省洪湖农贸市场,1.90,1.10,莲藕,湖北,none,2018-01-24,蔬菜,元/斤
华中,1.50,none,2018-08-25,湖北省洪湖农贸市场,1.90,1.10,莲藕,湖北,none,2018-01-23,蔬菜,元/斤
华中,1.50,none,2018-08-25,湖北省洪湖农贸市场,1.90,1.10,莲藕,湖北,none,2018-01-19,蔬菜,元/斤
华中,1.50,none,2018-08-25,湖北省洪湖农贸市场,1.90,1.10,莲藕,湖北,none,2018-01-17,蔬菜,元/斤
华中,1.50,none,2018-08-25,湖北省洪湖农贸市场,1.90,1.10,莲藕,湖北,none,2018-01-15,蔬菜,元/斤
华中,1.50,none,2018-08-25,湖北省洪湖农贸市场,1.90,1.10,莲藕,湖北,none,2018-01-11,蔬菜,元/斤
华中,1.50,none,2018-08-25,湖北省洪湖农贸市场,1.90,1.10,莲藕,湖北,none,2018-01-10,蔬菜,元/斤
华中,1.50,none,2018-08-25,湖北省洪湖农贸市场,1.90,1.10,莲藕,湖北,none,2018-01-09,蔬菜,元/斤
华中,1.50,none,2018-08-25,湖北省洪湖农贸市场,1.90,1.10,莲藕,湖北,none,2018-01-05,蔬菜,元/斤
华中,1.50,none,2018-08-25,湖北省洪湖农贸市场,1.90,1.10,莲藕,湖北,none,2018-01-04,蔬菜,元/斤
华中,1.50,none,2018-08-25,湖北省洪湖农贸市场,1.90,1.10,莲藕,湖北,none,2017-12-28,蔬菜,元/斤
华中,1.50,none,2018-08-25,湖北省洪湖农贸市场,1.90,1.10,莲藕,湖北,none,2017-12-26,蔬菜,元/斤
华中,1.50,none,2018-08-25,湖北省洪湖农贸市场,1.90,1.10,莲藕,湖北,none,2017-12-22,蔬菜,元/斤
华中,1.50,none,2018-08-25,湖北省洪湖农贸市场,1.90,1.10,莲藕,湖北,none,2017-12-20,蔬菜,元/斤
华中,1.40,none,2018-08-25,湖北省洪湖农贸市场,1.80,0.80,莲藕,湖北,none,2018-04-19,蔬菜,元/斤
华中,1.40,none,2018-08-25,湖北省洪湖农贸市场,1.80,0.80,莲藕,湖北,none,2018-04-17,蔬菜,元/斤
华中,1.40,none,2018-08-25,湖北省洪湖农贸市场,1.80,0.80,莲藕,湖北,none,2018-04-16,蔬菜,元/斤
华中,1.40,none,2018-08-25,湖北省洪湖农贸市场,1.80,0.80,莲藕,湖北,none,2018-04-13,蔬菜,元/斤
华中,1.40,none,2018-08-25,湖北省洪湖农贸市场,1.80,0.80,莲藕,湖北,none,2018-04-12,蔬菜,元/斤
华中,1.40,none,2018-08-25,湖北省洪湖农贸市场,1.80,0.80,莲藕,湖北,none,2018-04-08,蔬菜,元/斤
华中,1.50,none,2018-08-25,湖北省洪湖农贸市场,2.00,1.00,莲藕,湖北,none,2018-03-29,蔬菜,元/斤
华中,1.50,none,2018-08-25,湖北省洪湖农贸市场,2.00,1.00,莲藕,湖北,none,2018-03-28,蔬菜,元/斤
华中,1.50,none,2018-08-25,湖北省洪湖农贸市场,2.00,1.00,莲藕,湖北,none,2018-03-27,蔬菜,元/斤
华中,1.50,none,2018-08-25,湖北省洪湖农贸市场,2.00,1.00,莲藕,湖北,none,2018-03-23,蔬菜,元/斤
华中,1.50,none,2018-08-25,湖北省洪湖农贸市场,2.00,1.00,莲藕,湖北,none,2018-03-22,蔬菜,元/斤
华中,1.50,none,2018-08-25,湖北省洪湖农贸市场,2.00,1.00,莲藕,湖北,none,2018-03-19,蔬菜,元/斤
华中,1.80,none,2018-08-25,湖北省洪湖农贸市场,2.30,1.40,莲藕,湖北,none,2018-03-15,蔬菜,元/斤
华中,1.80,none,2018-08-25,湖北省洪湖农贸市场,2.30,1.40,莲藕,湖北,none,2018-03-14,蔬菜,元/斤
华中,1.80,none,2018-08-25,湖北省洪湖农贸市场,2.30,1.40,莲藕,湖北,none,2018-03-13,蔬菜,元/斤
华中,2.00,none,2018-08-25,湖北省洪湖农贸市场,2.50,1.50,莲藕,湖北,none,2018-03-09,蔬菜,元/斤
华中,2.00,none,2018-08-25,湖北省洪湖农贸市场,2.50,1.50,莲藕,湖北,none,2018-03-08,蔬菜,元/斤
华中,2.00,none,2018-08-25,湖北省洪湖农贸市场,2.50,1.50,莲藕,湖北,none,2018-03-06,蔬菜,元/斤
华中,2.00,none,2018-08-25,湖北省洪湖农贸市场,2.50,1.50,莲藕,湖北,none,2018-03-05,蔬菜,元/斤
华中,2.15,none,2018-08-25,湖北省洪湖农贸市场,2.90,1.75,莲藕,湖北,none,2018-03-02,蔬菜,元/斤
华中,2.15,none,2018-08-25,湖北省洪湖农贸市场,2.90,1.75,莲藕,湖北,none,2018-02-28,蔬菜,元/斤
华中,2.15,none,2018-08-25,湖北省洪湖农贸市场,2.90,1.75,莲藕,湖北,none,2018-02-26,蔬菜,元/斤
华中,2.15,none,2018-08-25,湖北省洪湖农贸市场,2.90,1.75,莲藕,湖北,none,2018-02-22,蔬菜,元/斤
华中,2.15,none,2018-08-25,湖北省洪湖农贸市场,2.90,1.75,莲藕,湖北,none,2018-02-14,蔬菜,元/斤
华中,2.15,none,2018-08-25,湖北省洪湖农贸市场,2.90,1.75,莲藕,湖北,none,2018-02-13,蔬菜,元/斤
华中,3.80,none,2018-08-25,湖北省洪湖农贸市场,4.30,3.30,苦瓜,湖北,none,2017-02-24,蔬菜,元/斤
华中,3.80,none,2018-08-25,湖北省洪湖农贸市场,4.30,3.30,苦瓜,湖北,none,2017-02-23,蔬菜,元/斤
华中,3.80,none,2018-08-25,湖北省洪湖农贸市场,4.30,3.30,苦瓜,湖北,none,2017-02-22,蔬菜,元/斤
华中,4.00,none,2018-08-25,湖北省洪湖农贸市场,4.50,3.50,苦瓜,湖北,none,2017-02-21,蔬菜,元/斤
华中,5.50,none,2018-08-25,湖北省洪湖农贸市场,6.00,5.00,苦瓜,湖北,none,2017-02-17,蔬菜,元/斤
华中,5.50,none,2018-08-25,湖北省洪湖农贸市场,6.00,5.00,苦瓜,湖北,none,2017-02-16,蔬菜,元/斤
华中,5.50,none,2018-08-25,湖北省洪湖农贸市场,6.00,5.00,苦瓜,湖北,none,2017-02-15,蔬菜,元/斤
华中,5.50,none,2018-08-25,湖北省洪湖农贸市场,6.00,5.00,苦瓜,湖北,none,2017-02-14,蔬菜,元/斤
华中,5.50,none,2018-08-25,湖北省洪湖农贸市场,6.00,5.00,苦瓜,湖北,none,2017-02-13,蔬菜,元/斤
华中,5.50,none,2018-08-25,湖北省洪湖农贸市场,6.00,5.00,苦瓜,湖北,none,2017-02-10,蔬菜,元/斤
华中,5.50,none,2018-08-25,湖北省洪湖农贸市场,6.00,5.00,苦瓜,湖北,none,2017-02-08,蔬菜,元/斤
华中,5.50,none,2018-08-25,湖北省洪湖农贸市场,6.00,5.00,苦瓜,湖北,none,2017-02-07,蔬菜,元/斤
华中,5.50,none,2018-08-25,湖北省洪湖农贸市场,6.00,5.00,苦瓜,湖北,none,2017-01-30,蔬菜,元/斤
华中,5.50,none,2018-08-25,湖北省洪湖农贸市场,6.00,5.00,苦瓜,湖北,none,2017-01-26,蔬菜,元/斤
华中,5.50,none,2018-08-25,湖北省洪湖农贸市场,6.00,5.00,苦瓜,湖北,none,2017-01-22,蔬菜,元/斤
华中,5.50,none,2018-08-25,湖北省洪湖农贸市场,6.00,5.00,苦瓜,湖北,none,2017-01-20,蔬菜,元/斤
华中,5.50,none,2018-08-25,湖北省洪湖农贸市场,6.00,5.00,苦瓜,湖北,none,2017-01-19,蔬菜,元/斤
华中,5.50,none,2018-08-25,湖北省洪湖农贸市场,6.00,5.00,苦瓜,湖北,none,2017-01-18,蔬菜,元/斤
华中,5.50,none,2018-08-25,湖北省洪湖农贸市场,6.00,5.00,苦瓜,湖北,none,2017-01-16,蔬菜,元/斤
华中,5.50,none,2018-08-25,湖北省洪湖农贸市场,6.00,5.00,苦瓜,湖北,none,2017-01-13,蔬菜,元/斤
华中,5.50,none,2018-08-25,湖北省洪湖农贸市场,6.00,5.00,苦瓜,湖北,none,2017-01-12,蔬菜,元/斤
华中,5.50,none,2018-08-25,湖北省洪湖农贸市场,6.00,5.00,苦瓜,湖北,none,2017-01-10,蔬菜,元/斤
华中,4.70,none,2018-08-25,湖北省洪湖农贸市场,5.00,4.50,苦瓜,湖北,none,2017-01-09,蔬菜,元/斤
华中,4.70,none,2018-08-25,湖北省洪湖农贸市场,5.00,4.50,苦瓜,湖北,none,2017-01-06,蔬菜,元/斤
华中,4.70,none,2018-08-25,湖北省洪湖农贸市场,5.00,4.50,苦瓜,湖北,none,2017-01-04,蔬菜,元/斤
华中,1.80,none,2018-08-25,湖北省洪湖农贸市场,2.50,1.50,苦瓜,湖北,none,2017-04-17,蔬菜,元/斤
华中,1.80,none,2018-08-25,湖北省洪湖农贸市场,2.30,1.50,苦瓜,湖北,none,2017-04-14,蔬菜,元/斤
华中,1.80,none,2018-08-25,湖北省洪湖农贸市场,2.30,1.50,苦瓜,湖北,none,2017-04-13,蔬菜,元/斤
华中,1.80,none,2018-08-25,湖北省洪湖农贸市场,2.30,1.50,苦瓜,湖北,none,2017-04-12,蔬菜,元/斤
华中,1.80,none,2018-08-25,湖北省洪湖农贸市场,2.30,1.50,苦瓜,湖北,none,2017-04-11,蔬菜,元/斤
华中,1.80,none,2018-08-25,湖北省洪湖农贸市场,2.30,1.50,苦瓜,湖北,none,2017-04-10,蔬菜,元/斤
华中,1.80,none,2018-08-25,湖北省洪湖农贸市场,2.20,1.40,苦瓜,湖北,none,2017-04-06,蔬菜,元/斤
华中,1.80,none,2018-08-25,湖北省洪湖农贸市场,2.20,1.40,苦瓜,湖北,none,2017-04-05,蔬菜,元/斤
华中,1.60,none,2018-08-25,湖北省洪湖农贸市场,2.00,1.20,苦瓜,湖北,none,2017-04-01,蔬菜,元/斤
华中,1.60,none,2018-08-25,湖北省洪湖农贸市场,2.00,1.20,苦瓜,湖北,none,2017-03-31,蔬菜,元/斤
华中,1.60,none,2018-08-25,湖北省洪湖农贸市场,2.00,1.20,苦瓜,湖北,none,2017-03-30,蔬菜,元/斤
华中,1.60,none,2018-08-25,湖北省洪湖农贸市场,2.00,1.20,苦瓜,湖北,none,2017-03-29,蔬菜,元/斤
华中,1.60,none,2018-08-25,湖北省洪湖农贸市场,2.00,1.20,苦瓜,湖北,none,2017-03-28,蔬菜,元/斤
华中,1.80,none,2018-08-25,湖北省洪湖农贸市场,2.30,1.40,苦瓜,湖北,none,2017-03-23,蔬菜,元/斤
华中,1.80,none,2018-08-25,湖北省洪湖农贸市场,2.30,1.40,苦瓜,湖北,none,2017-03-22,蔬菜,元/斤
华中,1.80,none,2018-08-25,湖北省洪湖农贸市场,2.30,1.40,苦瓜,湖北,none,2017-03-21,蔬菜,元/斤
华中,1.80,none,2018-08-25,湖北省洪湖农贸市场,2.30,1.40,苦瓜,湖北,none,2017-03-20,蔬菜,元/斤
华中,2.00,none,2018-08-25,湖北省洪湖农贸市场,2.50,1.50,苦瓜,湖北,none,2017-03-17,蔬菜,元/斤
华中,2.80,none,2018-08-25,湖北省洪湖农贸市场,3.30,2.30,苦瓜,湖北,none,2017-03-07,蔬菜,元/斤
华中,3.30,none,2018-08-25,湖北省洪湖农贸市场,3.80,2.80,苦瓜,湖北,none,2017-03-04,蔬菜,元/斤
华中,3.30,none,2018-08-25,湖北省洪湖农贸市场,3.80,2.80,苦瓜,湖北,none,2017-03-03,蔬菜,元/斤
华中,3.30,none,2018-08-25,湖北省洪湖农贸市场,3.80,2.80,苦瓜,湖北,none,2017-03-02,蔬菜,元/斤
华中,3.30,none,2018-08-25,湖北省洪湖农贸市场,3.80,2.80,苦瓜,湖北,none,2017-03-01,蔬菜,元/斤
华中,3.30,none,2018-08-25,湖北省洪湖农贸市场,3.80,2.80,苦瓜,湖北,none,2017-02-28,蔬菜,元/斤
华中,3.30,none,2018-08-25,湖北省洪湖农贸市场,3.80,2.80,苦瓜,湖北,none,2017-02-27,蔬菜,元/斤
华中,1.50,none,2018-08-25,湖北省洪湖农贸市场,2.00,1.30,苦瓜,湖北,none,2017-06-20,蔬菜,元/斤
华中,1.50,none,2018-08-25,湖北省洪湖农贸市场,2.00,1.30,苦瓜,湖北,none,2017-06-15,蔬菜,元/斤
华中,1.50,none,2018-08-25,湖北省洪湖农贸市场,2.00,1.30,苦瓜,湖北,none,2017-06-13,蔬菜,元/斤
华中,1.50,none,2018-08-25,湖北省洪湖农贸市场,2.00,1.30,苦瓜,湖北,none,2017-06-12,蔬菜,元/斤
华中,1.50,none,2018-08-25,湖北省洪湖农贸市场,2.00,1.30,苦瓜,湖北,none,2017-06-08,蔬菜,元/斤
华中,1.50,none,2018-08-25,湖北省洪湖农贸市场,2.00,1.30,苦瓜,湖北,none,2017-06-01,蔬菜,元/斤
华中,1.50,none,2018-08-25,湖北省洪湖农贸市场,2.00,1.30,苦瓜,湖北,none,2017-05-31,蔬菜,元/斤
华中,1.50,none,2018-08-25,湖北省洪湖农贸市场,2.00,1.30,苦瓜,湖北,none,2017-05-24,蔬菜,元/斤
华中,1.50,none,2018-08-25,湖北省洪湖农贸市场,2.00,1.30,苦瓜,湖北,none,2017-05-23,蔬菜,元/斤
华中,1.50,none,2018-08-25,湖北省洪湖农贸市场,2.00,1.30,苦瓜,湖北,none,2017-05-22,蔬菜,元/斤
华中,1.50,none,2018-08-25,湖北省洪湖农贸市场,2.00,1.30,苦瓜,湖北,none,2017-05-17,蔬菜,元/斤
华中,1.50,none,2018-08-25,湖北省洪湖农贸市场,2.00,1.30,苦瓜,湖北,none,2017-05-15,蔬菜,元/斤
华中,1.50,none,2018-08-25,湖北省洪湖农贸市场,2.00,1.30,苦瓜,湖北,none,2017-05-12,蔬菜,元/斤
华中,1.50,none,2018-08-25,湖北省洪湖农贸市场,2.00,1.30,苦瓜,湖北,none,2017-05-09,蔬菜,元/斤
华中,1.50,none,2018-08-25,湖北省洪湖农贸市场,2.00,1.30,苦瓜,湖北,none,2017-05-08,蔬菜,元/斤
华中,1.50,none,2018-08-25,湖北省洪湖农贸市场,2.10,1.30,苦瓜,湖北,none,2017-05-05,蔬菜,元/斤
华中,1.50,none,2018-08-25,湖北省洪湖农贸市场,2.10,1.30,苦瓜,湖北,none,2017-05-04,蔬菜,元/斤
华中,1.60,none,2018-08-25,湖北省洪湖农贸市场,2.30,1.40,苦瓜,湖北,none,2017-05-03,蔬菜,元/斤
华中,1.80,none,2018-08-25,湖北省洪湖农贸市场,2.40,1.50,苦瓜,湖北,none,2017-05-02,蔬菜,元/斤
华中,1.80,none,2018-08-25,湖北省洪湖农贸市场,2.40,1.50,苦瓜,湖北,none,2017-04-28,蔬菜,元/斤
华中,1.80,none,2018-08-25,湖北省洪湖农贸市场,2.40,1.50,苦瓜,湖北,none,2017-04-27,蔬菜,元/斤
华中,1.80,none,2018-08-25,湖北省洪湖农贸市场,2.40,1.50,苦瓜,湖北,none,2017-04-26,蔬菜,元/斤
华中,1.80,none,2018-08-25,湖北省洪湖农贸市场,2.40,1.50,苦瓜,湖北,none,2017-04-25,蔬菜,元/斤
华中,1.80,none,2018-08-25,湖北省洪湖农贸市场,2.40,1.50,苦瓜,湖北,none,2017-04-20,蔬菜,元/斤
华中,1.80,none,2018-08-25,湖北省洪湖农贸市场,2.40,1.50,苦瓜,湖北,none,2017-04-18,蔬菜,元/斤
华中,1.50,none,2018-08-25,湖北省洪湖农贸市场,2.00,1.30,苦瓜,湖北,none,2017-09-20,蔬菜,元/斤
华中,1.50,none,2018-08-25,湖北省洪湖农贸市场,2.00,1.30,苦瓜,湖北,none,2017-09-19,蔬菜,元/斤
华中,1.50,none,2018-08-25,湖北省洪湖农贸市场,1.90,1.30,苦瓜,湖北,none,2017-09-08,蔬菜,元/斤
华中,1.50,none,2018-08-25,湖北省洪湖农贸市场,1.90,1.30,苦瓜,湖北,none,2017-09-04,蔬菜,元/斤
华中,1.50,none,2018-08-25,湖北省洪湖农贸市场,1.80,1.30,苦瓜,湖北,none,2017-09-01,蔬菜,元/斤
华中,1.50,none,2018-08-25,湖北省洪湖农贸市场,1.80,1.30,苦瓜,湖北,none,2017-08-31,蔬菜,元/斤
华中,1.50,none,2018-08-25,湖北省洪湖农贸市场,1.80,1.30,苦瓜,湖北,none,2017-08-29,蔬菜,元/斤
华中,1.50,none,2018-08-25,湖北省洪湖农贸市场,1.80,1.30,苦瓜,湖北,none,2017-08-21,蔬菜,元/斤
华中,1.50,none,2018-08-25,湖北省洪湖农贸市场,1.80,1.30,苦瓜,湖北,none,2017-08-10,蔬菜,元/斤
华中,1.50,none,2018-08-25,湖北省洪湖农贸市场,1.80,1.30,苦瓜,湖北,none,2017-08-08,蔬菜,元/斤
华中,1.20,none,2018-08-25,湖北省洪湖农贸市场,1.40,1.00,苦瓜,湖北,none,2017-07-28,蔬菜,元/斤
华中,1.20,none,2018-08-25,湖北省洪湖农贸市场,1.40,1.00,苦瓜,湖北,none,2017-07-27,蔬菜,元/斤
华中,1.20,none,2018-08-25,湖北省洪湖农贸市场,1.40,1.00,苦瓜,湖北,none,2017-07-26,蔬菜,元/斤
华中,1.20,none,2018-08-25,湖北省洪湖农贸市场,1.40,1.00,苦瓜,湖北,none,2017-07-24,蔬菜,元/斤
华中,1.20,none,2018-08-25,湖北省洪湖农贸市场,1.50,1.00,苦瓜,湖北,none,2017-07-21,蔬菜,元/斤
华中,1.20,none,2018-08-25,湖北省洪湖农贸市场,1.50,1.00,苦瓜,湖北,none,2017-07-20,蔬菜,元/斤
华中,1.20,none,2018-08-25,湖北省洪湖农贸市场,1.50,1.00,苦瓜,湖北,none,2017-07-19,蔬菜,元/斤
华中,1.20,none,2018-08-25,湖北省洪湖农贸市场,1.50,1.00,苦瓜,湖北,none,2017-07-12,蔬菜,元/斤
华中,1.20,none,2018-08-25,湖北省洪湖农贸市场,1.50,1.00,苦瓜,湖北,none,2017-07-08,蔬菜,元/斤
华中,1.20,none,2018-08-25,湖北省洪湖农贸市场,1.50,1.00,苦瓜,湖北,none,2017-07-04,蔬菜,元/斤
华中,1.20,none,2018-08-25,湖北省洪湖农贸市场,1.50,1.00,苦瓜,湖北,none,2017-07-03,蔬菜,元/斤
华中,1.20,none,2018-08-25,湖北省洪湖农贸市场,1.50,1.00,苦瓜,湖北,none,2017-06-30,蔬菜,元/斤
华中,1.20,none,2018-08-25,湖北省洪湖农贸市场,1.50,1.00,苦瓜,湖北,none,2017-06-29,蔬菜,元/斤
华中,1.30,none,2018-08-25,湖北省洪湖农贸市场,1.80,1.10,苦瓜,湖北,none,2017-06-23,蔬菜,元/斤
华中,1.50,none,2018-08-25,湖北省洪湖农贸市场,2.00,1.30,苦瓜,湖北,none,2017-06-21,蔬菜,元/斤
华中,2.80,none,2018-08-25,湖北省洪湖农贸市场,3.10,2.50,苦瓜,湖北,none,2017-11-16,蔬菜,元/斤
华中,2.80,none,2018-08-25,湖北省洪湖农贸市场,3.10,2.50,苦瓜,湖北,none,2017-11-14,蔬菜,元/斤
华中,2.80,none,2018-08-25,湖北省洪湖农贸市场,3.00,2.50,苦瓜,湖北,none,2017-11-10,蔬菜,元/斤
华中,2.80,none,2018-08-25,湖北省洪湖农贸市场,3.00,2.50,苦瓜,湖北,none,2017-11-09,蔬菜,元/斤
华中,2.80,none,2018-08-25,湖北省洪湖农贸市场,3.00,2.50,苦瓜,湖北,none,2017-11-08,蔬菜,元/斤
华中,2.80,none,2018-08-25,湖北省洪湖农贸市场,3.00,2.50,苦瓜,湖北,none,2017-11-07,蔬菜,元/斤
华中,2.80,none,2018-08-25,湖北省洪湖农贸市场,3.00,2.50,苦瓜,湖北,none,2017-11-06,蔬菜,元/斤
华中,2.80,none,2018-08-25,湖北省洪湖农贸市场,3.00,2.50,苦瓜,湖北,none,2017-11-03,蔬菜,元/斤
华中,2.80,none,2018-08-25,湖北省洪湖农贸市场,3.00,2.50,苦瓜,湖北,none,2017-11-02,蔬菜,元/斤
华中,2.80,none,2018-08-25,湖北省洪湖农贸市场,3.00,2.50,苦瓜,湖北,none,2017-11-01,蔬菜,元/斤
华中,2.30,none,2018-08-25,湖北省洪湖农贸市场,2.50,2.00,苦瓜,湖北,none,2017-10-26,蔬菜,元/斤
华中,2.30,none,2018-08-25,湖北省洪湖农贸市场,2.50,2.00,苦瓜,湖北,none,2017-10-25,蔬菜,元/斤
华中,2.30,none,2018-08-25,湖北省洪湖农贸市场,2.50,2.00,苦瓜,湖北,none,2017-10-24,蔬菜,元/斤
华中,1.90,none,2018-08-25,湖北省洪湖农贸市场,2.10,1.60,苦瓜,湖北,none,2017-10-20,蔬菜,元/斤
华中,1.90,none,2018-08-25,湖北省洪湖农贸市场,2.10,1.60,苦瓜,湖北,none,2017-10-18,蔬菜,元/斤
华中,1.90,none,2018-08-25,湖北省洪湖农贸市场,2.10,1.60,苦瓜,湖北,none,2017-10-16,蔬菜,元/斤
华中,2.00,none,2018-08-25,湖北省洪湖农贸市场,2.30,1.80,苦瓜,湖北,none,2017-10-12,蔬菜,元/斤
华中,2.00,none,2018-08-25,湖北省洪湖农贸市场,2.30,1.80,苦瓜,湖北,none,2017-10-11,蔬菜,元/斤
华中,2.00,none,2018-08-25,湖北省洪湖农贸市场,2.30,1.80,苦瓜,湖北,none,2017-10-09,蔬菜,元/斤
华中,1.50,none,2018-08-25,湖北省洪湖农贸市场,2.00,1.30,苦瓜,湖北,none,2017-09-30,蔬菜,元/斤
华中,1.50,none,2018-08-25,湖北省洪湖农贸市场,2.00,1.30,苦瓜,湖北,none,2017-09-29,蔬菜,元/斤
华中,1.50,none,2018-08-25,湖北省洪湖农贸市场,2.00,1.30,苦瓜,湖北,none,2017-09-27,蔬菜,元/斤
华中,1.50,none,2018-08-25,湖北省洪湖农贸市场,2.00,1.30,苦瓜,湖北,none,2017-09-26,蔬菜,元/斤
华中,1.50,none,2018-08-25,湖北省洪湖农贸市场,2.00,1.30,苦瓜,湖北,none,2017-09-22,蔬菜,元/斤
华中,1.50,none,2018-08-25,湖北省洪湖农贸市场,2.00,1.30,苦瓜,湖北,none,2017-09-21,蔬菜,元/斤
华中,3.80,none,2018-08-25,湖北省洪湖农贸市场,4.00,3.60,苦瓜,湖北,none,2018-01-15,蔬菜,元/斤
华中,3.80,none,2018-08-25,湖北省洪湖农贸市场,4.10,3.60,苦瓜,湖北,none,2018-01-11,蔬菜,元/斤
华中,3.80,none,2018-08-25,湖北省洪湖农贸市场,4.10,3.60,苦瓜,湖北,none,2018-01-10,蔬菜,元/斤
华中,3.20,none,2018-08-25,湖北省洪湖农贸市场,3.40,3.00,苦瓜,湖北,none,2018-01-05,蔬菜,元/斤
华中,3.20,none,2018-08-25,湖北省洪湖农贸市场,3.40,3.00,苦瓜,湖北,none,2018-01-04,蔬菜,元/斤
华中,2.70,none,2018-08-25,湖北省洪湖农贸市场,3.00,2.50,苦瓜,湖北,none,2017-12-28,蔬菜,元/斤
华中,2.70,none,2018-08-25,湖北省洪湖农贸市场,3.00,2.50,苦瓜,湖北,none,2017-12-26,蔬菜,元/斤
华中,2.50,none,2018-08-25,湖北省洪湖农贸市场,2.70,2.30,苦瓜,湖北,none,2017-12-20,蔬菜,元/斤
华中,2.50,none,2018-08-25,湖北省洪湖农贸市场,2.70,2.30,苦瓜,湖北,none,2017-12-19,蔬菜,元/斤
华中,2.20,none,2018-08-25,湖北省洪湖农贸市场,2.50,2.00,苦瓜,湖北,none,2017-12-13,蔬菜,元/斤
华中,2.20,none,2018-08-25,湖北省洪湖农贸市场,2.50,2.00,苦瓜,湖北,none,2017-12-12,蔬菜,元/斤
华中,2.20,none,2018-08-25,湖北省洪湖农贸市场,2.50,2.00,苦瓜,湖北,none,2017-12-11,蔬菜,元/斤
华中,1.70,none,2018-08-25,湖北省洪湖农贸市场,2.00,1.50,苦瓜,湖北,none,2017-12-08,蔬菜,元/斤
华中,1.70,none,2018-08-25,湖北省洪湖农贸市场,2.00,1.50,苦瓜,湖北,none,2017-12-07,蔬菜,元/斤
华中,1.70,none,2018-08-25,湖北省洪湖农贸市场,2.00,1.50,苦瓜,湖北,none,2017-12-05,蔬菜,元/斤
华中,1.70,none,2018-08-25,湖北省洪湖农贸市场,2.00,1.50,苦瓜,湖北,none,2017-12-04,蔬菜,元/斤
华中,1.70,none,2018-08-25,湖北省洪湖农贸市场,2.00,1.50,苦瓜,湖北,none,2017-12-01,蔬菜,元/斤
华中,1.70,none,2018-08-25,湖北省洪湖农贸市场,2.00,1.50,苦瓜,湖北,none,2017-11-30,蔬菜,元/斤
华中,1.70,none,2018-08-25,湖北省洪湖农贸市场,2.00,1.50,苦瓜,湖北,none,2017-11-29,蔬菜,元/斤
华中,1.70,none,2018-08-25,湖北省洪湖农贸市场,2.00,1.50,苦瓜,湖北,none,2017-11-28,蔬菜,元/斤
华中,1.70,none,2018-08-25,湖北省洪湖农贸市场,2.00,1.50,苦瓜,湖北,none,2017-11-27,蔬菜,元/斤
华中,2.80,none,2018-08-25,湖北省洪湖农贸市场,3.10,2.50,苦瓜,湖北,none,2017-11-23,蔬菜,元/斤
华中,2.80,none,2018-08-25,湖北省洪湖农贸市场,3.10,2.50,苦瓜,湖北,none,2017-11-22,蔬菜,元/斤
华中,2.80,none,2018-08-25,湖北省洪湖农贸市场,3.10,2.50,苦瓜,湖北,none,2017-11-21,蔬菜,元/斤
华中,2.80,none,2018-08-25,湖北省洪湖农贸市场,3.10,2.50,苦瓜,湖北,none,2017-11-20,蔬菜,元/斤
华中,2.20,none,2018-08-25,湖北省洪湖农贸市场,2.40,2.00,苦瓜,湖北,none,2018-03-28,蔬菜,元/斤
华中,2.20,none,2018-08-25,湖北省洪湖农贸市场,2.40,2.00,苦瓜,湖北,none,2018-03-27,蔬菜,元/斤
华中,1.90,none,2018-08-25,湖北省洪湖农贸市场,2.10,1.60,苦瓜,湖北,none,2018-03-23,蔬菜,元/斤
华中,1.90,none,2018-08-25,湖北省洪湖农贸市场,2.10,1.60,苦瓜,湖北,none,2018-03-22,蔬菜,元/斤
华中,1.90,none,2018-08-25,湖北省洪湖农贸市场,2.10,1.60,苦瓜,湖北,none,2018-03-19,蔬菜,元/斤
华中,1.90,none,2018-08-25,湖北省洪湖农贸市场,2.10,1.60,苦瓜,湖北,none,2018-03-14,蔬菜,元/斤
华中,1.90,none,2018-08-25,湖北省洪湖农贸市场,2.10,1.60,苦瓜,湖北,none,2018-03-13,蔬菜,元/斤
华中,1.90,none,2018-08-25,湖北省洪湖农贸市场,2.10,1.60,苦瓜,湖北,none,2018-03-08,蔬菜,元/斤
华中,1.90,none,2018-08-25,湖北省洪湖农贸市场,2.10,1.60,苦瓜,湖北,none,2018-03-06,蔬菜,元/斤
华中,2.00,none,2018-08-25,湖北省洪湖农贸市场,2.40,1.70,苦瓜,湖北,none,2018-03-05,蔬菜,元/斤
华中,2.40,none,2018-08-25,湖北省洪湖农贸市场,2.90,1.90,苦瓜,湖北,none,2018-02-28,蔬菜,元/斤
华中,3.70,none,2018-08-25,湖北省洪湖农贸市场,4.20,3.30,苦瓜,湖北,none,2018-02-22,蔬菜,元/斤
华中,4.20,none,2018-08-25,湖北省洪湖农贸市场,4.50,4.00,苦瓜,湖北,none,2018-02-14,蔬菜,元/斤
华中,4.20,none,2018-08-25,湖北省洪湖农贸市场,4.50,4.00,苦瓜,湖北,none,2018-02-13,蔬菜,元/斤
华中,4.20,none,2018-08-25,湖北省洪湖农贸市场,4.40,4.00,苦瓜,湖北,none,2018-02-11,蔬菜,元/斤
华中,4.20,none,2018-08-25,湖北省洪湖农贸市场,4.40,4.00,苦瓜,湖北,none,2018-02-06,蔬菜,元/斤
华中,4.20,none,2018-08-25,湖北省洪湖农贸市场,4.40,4.00,苦瓜,湖北,none,2018-02-05,蔬菜,元/斤
华中,4.20,none,2018-08-25,湖北省洪湖农贸市场,4.40,4.00,苦瓜,湖北,none,2018-02-02,蔬菜,元/斤
华中,4.20,none,2018-08-25,湖北省洪湖农贸市场,4.40,4.00,苦瓜,湖北,none,2018-02-01,蔬菜,元/斤
华中,4.20,none,2018-08-25,湖北省洪湖农贸市场,4.40,4.00,苦瓜,湖北,none,2018-01-31,蔬菜,元/斤
华中,3.80,none,2018-08-25,湖北省洪湖农贸市场,4.00,3.60,苦瓜,湖北,none,2018-01-28,蔬菜,元/斤
华中,3.80,none,2018-08-25,湖北省洪湖农贸市场,4.00,3.60,苦瓜,湖北,none,2018-01-27,蔬菜,元/斤
华中,3.80,none,2018-08-25,湖北省洪湖农贸市场,4.00,3.60,苦瓜,湖北,none,2018-01-26,蔬菜,元/斤
华中,3.80,none,2018-08-25,湖北省洪湖农贸市场,4.00,3.60,苦瓜,湖北,none,2018-01-24,蔬菜,元/斤
华中,3.80,none,2018-08-25,湖北省洪湖农贸市场,4.00,3.60,苦瓜,湖北,none,2018-01-19,蔬菜,元/斤
华中,2.70,none,2018-08-25,湖北省洪湖农贸市场,2.90,2.40,丝瓜,湖北,none,2017-04-13,蔬菜,元/斤
华中,2.70,none,2018-08-25,湖北省洪湖农贸市场,2.90,2.40,丝瓜,湖北,none,2017-04-12,蔬菜,元/斤
华中,2.70,none,2018-08-25,湖北省洪湖农贸市场,2.90,2.40,丝瓜,湖北,none,2017-04-11,蔬菜,元/斤
华中,2.70,none,2018-08-25,湖北省洪湖农贸市场,2.90,2.40,丝瓜,湖北,none,2017-04-10,蔬菜,元/斤
华中,2.60,none,2018-08-25,湖北省洪湖农贸市场,2.80,2.30,丝瓜,湖北,none,2017-04-06,蔬菜,元/斤
华中,2.50,none,2018-08-25,湖北省洪湖农贸市场,2.70,2.20,丝瓜,湖北,none,2017-04-05,蔬菜,元/斤
华中,2.30,none,2018-08-25,湖北省洪湖农贸市场,2.50,2.00,丝瓜,湖北,none,2017-04-01,蔬菜,元/斤
华中,2.30,none,2018-08-25,湖北省洪湖农贸市场,2.50,2.00,丝瓜,湖北,none,2017-03-31,蔬菜,元/斤
华中,2.30,none,2018-08-25,湖北省洪湖农贸市场,2.50,2.00,丝瓜,湖北,none,2017-03-30,蔬菜,元/斤
华中,2.30,none,2018-08-25,湖北省洪湖农贸市场,2.50,2.00,丝瓜,湖北,none,2017-03-29,蔬菜,元/斤
华中,2.30,none,2018-08-25,湖北省洪湖农贸市场,2.50,2.00,丝瓜,湖北,none,2017-03-28,蔬菜,元/斤
华中,3.20,none,2018-08-25,湖北省洪湖农贸市场,3.30,3.00,丝瓜,湖北,none,2017-03-22,蔬菜,元/斤
华中,3.40,none,2018-08-25,湖北省洪湖农贸市场,3.50,3.20,丝瓜,湖北,none,2017-03-21,蔬菜,元/斤
华中,3.80,none,2018-08-25,湖北省洪湖农贸市场,3.90,3.70,丝瓜,湖北,none,2017-03-20,蔬菜,元/斤
华中,4.00,none,2018-08-25,湖北省洪湖农贸市场,4.20,3.70,丝瓜,湖北,none,2017-03-17,蔬菜,元/斤
华中,4.00,none,2018-08-25,湖北省洪湖农贸市场,4.20,3.70,丝瓜,湖北,none,2017-03-07,蔬菜,元/斤
华中,4.00,none,2018-08-25,湖北省洪湖农贸市场,4.20,3.70,丝瓜,湖北,none,2017-03-04,蔬菜,元/斤
华中,4.00,none,2018-08-25,湖北省洪湖农贸市场,4.20,3.70,丝瓜,湖北,none,2017-03-03,蔬菜,元/斤
华中,4.00,none,2018-08-25,湖北省洪湖农贸市场,4.20,3.70,丝瓜,湖北,none,2017-03-02,蔬菜,元/斤
华中,4.00,none,2018-08-25,湖北省洪湖农贸市场,4.20,3.70,丝瓜,湖北,none,2017-03-01,蔬菜,元/斤
华中,4.00,none,2018-08-25,湖北省洪湖农贸市场,4.20,3.70,丝瓜,湖北,none,2017-02-28,蔬菜,元/斤
华中,4.00,none,2018-08-25,湖北省洪湖农贸市场,4.20,3.70,丝瓜,湖北,none,2017-02-27,蔬菜,元/斤
华中,4.00,none,2018-08-25,湖北省洪湖农贸市场,4.20,3.70,丝瓜,湖北,none,2017-02-24,蔬菜,元/斤
华中,4.00,none,2018-08-25,湖北省洪湖农贸市场,4.20,3.70,丝瓜,湖北,none,2017-02-23,蔬菜,元/斤
华中,4.00,none,2018-08-25,湖北省洪湖农贸市场,4.20,3.70,丝瓜,湖北,none,2017-02-22,蔬菜,元/斤
华中,1.80,none,2018-08-25,湖北省洪湖农贸市场,2.00,1.60,丝瓜,湖北,none,2017-06-13,蔬菜,元/斤
华中,1.80,none,2018-08-25,湖北省洪湖农贸市场,2.00,1.60,丝瓜,湖北,none,2017-06-12,蔬菜,元/斤
华中,1.80,none,2018-08-25,湖北省洪湖农贸市场,2.00,1.60,丝瓜,湖北,none,2017-06-08,蔬菜,元/斤
华中,2.00,none,2018-08-25,湖北省洪湖农贸市场,2.20,1.80,丝瓜,湖北,none,2017-06-01,蔬菜,元/斤
华中,2.00,none,2018-08-25,湖北省洪湖农贸市场,2.20,1.80,丝瓜,湖北,none,2017-05-31,蔬菜,元/斤
华中,2.00,none,2018-08-25,湖北省洪湖农贸市场,2.20,1.80,丝瓜,湖北,none,2017-05-24,蔬菜,元/斤
华中,2.00,none,2018-08-25,湖北省洪湖农贸市场,2.30,1.80,丝瓜,湖北,none,2017-05-23,蔬菜,元/斤
华中,2.00,none,2018-08-25,湖北省洪湖农贸市场,2.30,1.80,丝瓜,湖北,none,2017-05-22,蔬菜,元/斤
华中,2.30,none,2018-08-25,湖北省洪湖农贸市场,2.50,2.00,丝瓜,湖北,none,2017-05-17,蔬菜,元/斤
华中,2.30,none,2018-08-25,湖北省洪湖农贸市场,2.50,2.00,丝瓜,湖北,none,2017-05-15,蔬菜,元/斤
华中,2.30,none,2018-08-25,湖北省洪湖农贸市场,2.50,2.00,丝瓜,湖北,none,2017-05-12,蔬菜,元/斤
华中,2.30,none,2018-08-25,湖北省洪湖农贸市场,2.50,2.00,丝瓜,湖北,none,2017-05-09,蔬菜,元/斤
华中,2.30,none,2018-08-25,湖北省洪湖农贸市场,2.50,2.00,丝瓜,湖北,none,2017-05-08,蔬菜,元/斤
华中,2.50,none,2018-08-25,湖北省洪湖农贸市场,2.70,2.20,丝瓜,湖北,none,2017-05-05,蔬菜,元/斤
华中,2.50,none,2018-08-25,湖北省洪湖农贸市场,2.70,2.20,丝瓜,湖北,none,2017-05-04,蔬菜,元/斤
华中,2.50,none,2018-08-25,湖北省洪湖农贸市场,2.70,2.20,丝瓜,湖北,none,2017-05-03,蔬菜,元/斤
华中,2.70,none,2018-08-25,湖北省洪湖农贸市场,2.90,2.40,丝瓜,湖北,none,2017-05-02,蔬菜,元/斤
华中,2.70,none,2018-08-25,湖北省洪湖农贸市场,2.90,2.40,丝瓜,湖北,none,2017-04-28,蔬菜,元/斤
华中,2.70,none,2018-08-25,湖北省洪湖农贸市场,2.90,2.40,丝瓜,湖北,none,2017-04-27,蔬菜,元/斤
华中,2.70,none,2018-08-25,湖北省洪湖农贸市场,2.90,2.40,丝瓜,湖北,none,2017-04-26,蔬菜,元/斤
华中,2.70,none,2018-08-25,湖北省洪湖农贸市场,2.90,2.40,丝瓜,湖北,none,2017-04-25,蔬菜,元/斤
华中,2.70,none,2018-08-25,湖北省洪湖农贸市场,2.90,2.40,丝瓜,湖北,none,2017-04-20,蔬菜,元/斤
华中,2.70,none,2018-08-25,湖北省洪湖农贸市场,2.90,2.40,丝瓜,湖北,none,2017-04-18,蔬菜,元/斤
华中,2.70,none,2018-08-25,湖北省洪湖农贸市场,2.90,2.40,丝瓜,湖北,none,2017-04-17,蔬菜,元/斤
华中,2.70,none,2018-08-25,湖北省洪湖农贸市场,2.90,2.40,丝瓜,湖北,none,2017-04-14,蔬菜,元/斤
华中,1.90,none,2018-08-25,湖北省洪湖农贸市场,2.50,1.40,丝瓜,湖北,none,2017-09-08,蔬菜,元/斤
华中,2.10,none,2018-08-25,湖北省洪湖农贸市场,2.80,1.60,丝瓜,湖北,none,2017-09-04,蔬菜,元/斤
华中,2.10,none,2018-08-25,湖北省洪湖农贸市场,2.90,1.60,丝瓜,湖北,none,2017-09-01,蔬菜,元/斤
华中,2.10,none,2018-08-25,湖北省洪湖农贸市场,2.90,1.60,丝瓜,湖北,none,2017-08-31,蔬菜,元/斤
华中,2.00,none,2018-08-25,湖北省洪湖农贸市场,2.80,1.50,丝瓜,湖北,none,2017-08-29,蔬菜,元/斤
华中,2.50,none,2018-08-25,湖北省洪湖农贸市场,3.00,2.00,丝瓜,湖北,none,2017-08-21,蔬菜,元/斤
华中,2.80,none,2018-08-25,湖北省洪湖农贸市场,3.30,2.30,丝瓜,湖北,none,2017-08-10,蔬菜,元/斤
华中,2.80,none,2018-08-25,湖北省洪湖农贸市场,3.30,2.30,丝瓜,湖北,none,2017-08-08,蔬菜,元/斤
华中,2.80,none,2018-08-25,湖北省洪湖农贸市场,3.30,2.30,丝瓜,湖北,none,2017-07-28,蔬菜,元/斤
华中,2.80,none,2018-08-25,湖北省洪湖农贸市场,3.30,2.30,丝瓜,湖北,none,2017-07-27,蔬菜,元/斤
华中,2.80,none,2018-08-25,湖北省洪湖农贸市场,3.30,2.30,丝瓜,湖北,none,2017-07-26,蔬菜,元/斤
华中,2.80,none,2018-08-25,湖北省洪湖农贸市场,3.30,2.30,丝瓜,湖北,none,2017-07-24,蔬菜,元/斤
华中,2.80,none,2018-08-25,湖北省洪湖农贸市场,3.30,2.30,丝瓜,湖北,none,2017-07-21,蔬菜,元/斤
华中,2.80,none,2018-08-25,湖北省洪湖农贸市场,3.30,2.30,丝瓜,湖北,none,2017-07-20,蔬菜,元/斤
华中,2.80,none,2018-08-25,湖北省洪湖农贸市场,3.30,2.30,丝瓜,湖北,none,2017-07-19,蔬菜,元/斤
华中,2.80,none,2018-08-25,湖北省洪湖农贸市场,3.30,2.30,丝瓜,湖北,none,2017-07-12,蔬菜,元/斤
华中,2.80,none,2018-08-25,湖北省洪湖农贸市场,3.30,2.30,丝瓜,湖北,none,2017-07-08,蔬菜,元/斤
华中,2.80,none,2018-08-25,湖北省洪湖农贸市场,3.30,2.30,丝瓜,湖北,none,2017-07-04,蔬菜,元/斤
华中,2.80,none,2018-08-25,湖北省洪湖农贸市场,3.30,2.30,丝瓜,湖北,none,2017-07-03,蔬菜,元/斤
华中,2.80,none,2018-08-25,湖北省洪湖农贸市场,3.30,2.30,丝瓜,湖北,none,2017-06-30,蔬菜,元/斤
华中,2.80,none,2018-08-25,湖北省洪湖农贸市场,3.30,2.30,丝瓜,湖北,none,2017-06-29,蔬菜,元/斤
华中,2.30,none,2018-08-25,湖北省洪湖农贸市场,3.00,2.00,丝瓜,湖北,none,2017-06-23,蔬菜,元/斤
华中,2.00,none,2018-08-25,湖北省洪湖农贸市场,2.50,1.80,丝瓜,湖北,none,2017-06-21,蔬菜,元/斤
华中,2.00,none,2018-08-25,湖北省洪湖农贸市场,2.50,1.80,丝瓜,湖北,none,2017-06-20,蔬菜,元/斤
华中,1.80,none,2018-08-25,湖北省洪湖农贸市场,2.00,1.60,丝瓜,湖北,none,2017-06-15,蔬菜,元/斤
华中,2.00,none,2018-08-25,湖北省洪湖农贸市场,2.20,1.80,丝瓜,湖北,none,2017-11-14,蔬菜,元/斤
华中,2.20,none,2018-08-25,湖北省洪湖农贸市场,2.30,2.00,丝瓜,湖北,none,2017-11-10,蔬菜,元/斤
华中,2.20,none,2018-08-25,湖北省洪湖农贸市场,2.30,2.00,丝瓜,湖北,none,2017-11-09,蔬菜,元/斤
华中,2.20,none,2018-08-25,湖北省洪湖农贸市场,2.30,2.00,丝瓜,湖北,none,2017-11-08,蔬菜,元/斤
华中,2.20,none,2018-08-25,湖北省洪湖农贸市场,2.30,2.00,丝瓜,湖北,none,2017-11-07,蔬菜,元/斤
华中,2.30,none,2018-08-25,湖北省洪湖农贸市场,2.50,2.00,丝瓜,湖北,none,2017-11-06,蔬菜,元/斤
华中,2.70,none,2018-08-25,湖北省洪湖农贸市场,3.00,2.30,丝瓜,湖北,none,2017-11-03,蔬菜,元/斤
华中,2.70,none,2018-08-25,湖北省洪湖农贸市场,3.00,2.30,丝瓜,湖北,none,2017-11-02,蔬菜,元/斤
华中,2.70,none,2018-08-25,湖北省洪湖农贸市场,3.00,2.30,丝瓜,湖北,none,2017-11-01,蔬菜,元/斤
华中,2.80,none,2018-08-25,湖北省洪湖农贸市场,3.30,2.30,丝瓜,湖北,none,2017-10-26,蔬菜,元/斤
华中,2.80,none,2018-08-25,湖北省洪湖农贸市场,3.30,2.30,丝瓜,湖北,none,2017-10-25,蔬菜,元/斤
华中,2.80,none,2018-08-25,湖北省洪湖农贸市场,3.30,2.30,丝瓜,湖北,none,2017-10-24,蔬菜,元/斤
华中,2.80,none,2018-08-25,湖北省洪湖农贸市场,3.30,2.30,丝瓜,湖北,none,2017-10-20,蔬菜,元/斤
华中,2.80,none,2018-08-25,湖北省洪湖农贸市场,3.20,2.30,丝瓜,湖北,none,2017-10-18,蔬菜,元/斤
华中,2.50,none,2018-08-25,湖北省洪湖农贸市场,3.00,2.10,丝瓜,湖北,none,2017-10-16,蔬菜,元/斤
华中,2.40,none,2018-08-25,湖北省洪湖农贸市场,2.70,2.10,丝瓜,湖北,none,2017-10-12,蔬菜,元/斤
华中,2.40,none,2018-08-25,湖北省洪湖农贸市场,2.60,2.10,丝瓜,湖北,none,2017-10-09,蔬菜,元/斤
华中,1.90,none,2018-08-25,湖北省洪湖农贸市场,2.50,1.40,丝瓜,湖北,none,2017-09-30,蔬菜,元/斤
华中,1.90,none,2018-08-25,湖北省洪湖农贸市场,2.50,1.40,丝瓜,湖北,none,2017-09-29,蔬菜,元/斤
华中,1.90,none,2018-08-25,湖北省洪湖农贸市场,2.50,1.40,丝瓜,湖北,none,2017-09-27,蔬菜,元/斤
华中,1.90,none,2018-08-25,湖北省洪湖农贸市场,2.50,1.40,丝瓜,湖北,none,2017-09-26,蔬菜,元/斤
华中,1.90,none,2018-08-25,湖北省洪湖农贸市场,2.50,1.40,丝瓜,湖北,none,2017-09-22,蔬菜,元/斤
华中,1.90,none,2018-08-25,湖北省洪湖农贸市场,2.50,1.40,丝瓜,湖北,none,2017-09-21,蔬菜,元/斤
华中,1.90,none,2018-08-25,湖北省洪湖农贸市场,2.50,1.40,丝瓜,湖北,none,2017-09-20,蔬菜,元/斤
华中,1.90,none,2018-08-25,湖北省洪湖农贸市场,2.50,1.40,丝瓜,湖北,none,2017-09-19,蔬菜,元/斤
华中,3.30,none,2018-08-25,湖北省洪湖农贸市场,3.70,3.00,丝瓜,湖北,none,2018-01-15,蔬菜,元/斤
华中,3.30,none,2018-08-25,湖北省洪湖农贸市场,3.70,3.00,丝瓜,湖北,none,2018-01-11,蔬菜,元/斤
华中,3.30,none,2018-08-25,湖北省洪湖农贸市场,3.70,3.00,丝瓜,湖北,none,2018-01-10,蔬菜,元/斤
华中,2.60,none,2018-08-25,湖北省洪湖农贸市场,2.80,2.40,丝瓜,湖北,none,2018-01-05,蔬菜,元/斤
华中,2.60,none,2018-08-25,湖北省洪湖农贸市场,2.80,2.40,丝瓜,湖北,none,2018-01-04,蔬菜,元/斤
华中,2.60,none,2018-08-25,湖北省洪湖农贸市场,2.80,2.40,丝瓜,湖北,none,2017-12-28,蔬菜,元/斤
华中,2.60,none,2018-08-25,湖北省洪湖农贸市场,2.80,2.40,丝瓜,湖北,none,2017-12-26,蔬菜,元/斤
华中,2.60,none,2018-08-25,湖北省洪湖农贸市场,2.80,2.40,丝瓜,湖北,none,2017-12-20,蔬菜,元/斤
华中,2.60,none,2018-08-25,湖北省洪湖农贸市场,2.80,2.40,丝瓜,湖北,none,2017-12-19,蔬菜,元/斤
华中,2.60,none,2018-08-25,湖北省洪湖农贸市场,2.80,2.40,丝瓜,湖北,none,2017-12-13,蔬菜,元/斤
华中,2.50,none,2018-08-25,湖北省洪湖农贸市场,2.70,2.30,丝瓜,湖北,none,2017-12-12,蔬菜,元/斤
华中,2.20,none,2018-08-25,湖北省洪湖农贸市场,2.50,2.00,丝瓜,湖北,none,2017-12-11,蔬菜,元/斤
华中,1.80,none,2018-08-25,湖北省洪湖农贸市场,2.00,1.60,丝瓜,湖北,none,2017-12-08,蔬菜,元/斤
华中,1.80,none,2018-08-25,湖北省洪湖农贸市场,2.00,1.60,丝瓜,湖北,none,2017-12-07,蔬菜,元/斤
华中,1.80,none,2018-08-25,湖北省洪湖农贸市场,2.00,1.60,丝瓜,湖北,none,2017-12-05,蔬菜,元/斤
华中,1.80,none,2018-08-25,湖北省洪湖农贸市场,2.00,1.60,丝瓜,湖北,none,2017-12-01,蔬菜,元/斤
华中,1.80,none,2018-08-25,湖北省洪湖农贸市场,2.00,1.60,丝瓜,湖北,none,2017-11-30,蔬菜,元/斤
华中,1.80,none,2018-08-25,湖北省洪湖农贸市场,2.00,1.60,丝瓜,湖北,none,2017-11-29,蔬菜,元/斤
华中,1.80,none,2018-08-25,湖北省洪湖农贸市场,2.00,1.60,丝瓜,湖北,none,2017-11-28,蔬菜,元/斤
华中,1.80,none,2018-08-25,湖北省洪湖农贸市场,2.00,1.60,丝瓜,湖北,none,2017-11-27,蔬菜,元/斤
华中,2.00,none,2018-08-25,湖北省洪湖农贸市场,2.20,1.80,丝瓜,湖北,none,2017-11-23,蔬菜,元/斤
华中,2.00,none,2018-08-25,湖北省洪湖农贸市场,2.20,1.80,丝瓜,湖北,none,2017-11-22,蔬菜,元/斤
华中,2.00,none,2018-08-25,湖北省洪湖农贸市场,2.20,1.80,丝瓜,湖北,none,2017-11-21,蔬菜,元/斤
华中,2.00,none,2018-08-25,湖北省洪湖农贸市场,2.20,1.80,丝瓜,湖北,none,2017-11-20,蔬菜,元/斤
华中,2.00,none,2018-08-25,湖北省洪湖农贸市场,2.20,1.80,丝瓜,湖北,none,2017-11-16,蔬菜,元/斤
华中,2.80,none,2018-08-25,湖北省洪湖农贸市场,3.10,2.50,丝瓜,湖北,none,2018-03-28,蔬菜,元/斤
华中,2.80,none,2018-08-25,湖北省洪湖农贸市场,3.00,2.50,丝瓜,湖北,none,2018-03-27,蔬菜,元/斤
华中,2.80,none,2018-08-25,湖北省洪湖农贸市场,3.00,2.50,丝瓜,湖北,none,2018-03-23,蔬菜,元/斤
华中,2.80,none,2018-08-25,湖北省洪湖农贸市场,3.00,2.50,丝瓜,湖北,none,2018-03-22,蔬菜,元/斤
华中,2.80,none,2018-08-25,湖北省洪湖农贸市场,3.00,2.50,丝瓜,湖北,none,2018-03-19,蔬菜,元/斤
华中,2.80,none,2018-08-25,湖北省洪湖农贸市场,3.00,2.50,丝瓜,湖北,none,2018-03-14,蔬菜,元/斤
华中,2.80,none,2018-08-25,湖北省洪湖农贸市场,3.00,2.50,丝瓜,湖北,none,2018-03-13,蔬菜,元/斤
华中,2.80,none,2018-08-25,湖北省洪湖农贸市场,3.00,2.50,丝瓜,湖北,none,2018-03-08,蔬菜,元/斤
华中,2.80,none,2018-08-25,湖北省洪湖农贸市场,3.00,2.50,丝瓜,湖北,none,2018-03-06,蔬菜,元/斤
华中,2.80,none,2018-08-25,湖北省洪湖农贸市场,3.00,2.50,丝瓜,湖北,none,2018-03-05,蔬菜,元/斤
华中,2.80,none,2018-08-25,湖北省洪湖农贸市场,3.00,2.50,丝瓜,湖北,none,2018-02-28,蔬菜,元/斤
华中,4.00,none,2018-08-25,湖北省洪湖农贸市场,4.30,3.80,丝瓜,湖北,none,2018-02-22,蔬菜,元/斤
华中,4.00,none,2018-08-25,湖北省洪湖农贸市场,4.30,3.80,丝瓜,湖北,none,2018-02-14,蔬菜,元/斤
华中,4.20,none,2018-08-25,湖北省洪湖农贸市场,4.50,4.00,丝瓜,湖北,none,2018-02-13,蔬菜,元/斤
华中,4.40,none,2018-08-25,湖北省洪湖农贸市场,4.70,4.20,丝瓜,湖北,none,2018-02-11,蔬菜,元/斤
华中,4.40,none,2018-08-25,湖北省洪湖农贸市场,4.70,4.20,丝瓜,湖北,none,2018-02-06,蔬菜,元/斤
华中,4.40,none,2018-08-25,湖北省洪湖农贸市场,4.70,4.20,丝瓜,湖北,none,2018-02-05,蔬菜,元/斤
华中,4.40,none,2018-08-25,湖北省洪湖农贸市场,4.70,4.20,丝瓜,湖北,none,2018-02-02,蔬菜,元/斤
华中,4.20,none,2018-08-25,湖北省洪湖农贸市场,4.50,4.00,丝瓜,湖北,none,2018-02-01,蔬菜,元/斤
华中,3.70,none,2018-08-25,湖北省洪湖农贸市场,4.00,3.50,丝瓜,湖北,none,2018-01-31,蔬菜,元/斤
华中,3.70,none,2018-08-25,湖北省洪湖农贸市场,4.00,3.50,丝瓜,湖北,none,2018-01-28,蔬菜,元/斤
华中,3.70,none,2018-08-25,湖北省洪湖农贸市场,4.00,3.50,丝瓜,湖北,none,2018-01-27,蔬菜,元/斤
华中,3.70,none,2018-08-25,湖北省洪湖农贸市场,4.00,3.50,丝瓜,湖北,none,2018-01-26,蔬菜,元/斤
华中,3.30,none,2018-08-25,湖北省洪湖农贸市场,3.70,3.00,丝瓜,湖北,none,2018-01-24,蔬菜,元/斤
华中,3.30,none,2018-08-25,湖北省洪湖农贸市场,3.70,3.00,丝瓜,湖北,none,2018-01-19,蔬菜,元/斤
华中,1.20,none,2018-08-25,湖北省洪湖农贸市场,1.40,0.80,绿豆芽,湖北,none,2017-02-23,蔬菜,元/斤
华中,1.20,none,2018-08-25,湖北省洪湖农贸市场,1.40,0.80,绿豆芽,湖北,none,2017-02-22,蔬菜,元/斤
华中,1.20,none,2018-08-25,湖北省洪湖农贸市场,1.40,0.80,绿豆芽,湖北,none,2017-02-21,蔬菜,元/斤
华中,1.20,none,2018-08-25,湖北省洪湖农贸市场,1.40,0.80,绿豆芽,湖北,none,2017-02-20,蔬菜,元/斤
华中,1.20,none,2018-08-25,湖北省洪湖农贸市场,1.50,0.90,绿豆芽,湖北,none,2017-02-17,蔬菜,元/斤
华中,1.20,none,2018-08-25,湖北省洪湖农贸市场,1.50,0.90,绿豆芽,湖北,none,2017-02-16,蔬菜,元/斤
华中,1.20,none,2018-08-25,湖北省洪湖农贸市场,1.50,0.90,绿豆芽,湖北,none,2017-02-15,蔬菜,元/斤
华中,1.20,none,2018-08-25,湖北省洪湖农贸市场,1.50,0.90,绿豆芽,湖北,none,2017-02-14,蔬菜,元/斤
华中,1.20,none,2018-08-25,湖北省洪湖农贸市场,1.50,0.90,绿豆芽,湖北,none,2017-02-13,蔬菜,元/斤
华中,1.20,none,2018-08-25,湖北省洪湖农贸市场,1.50,0.90,绿豆芽,湖北,none,2017-02-10,蔬菜,元/斤
华中,1.20,none,2018-08-25,湖北省洪湖农贸市场,1.50,0.90,绿豆芽,湖北,none,2017-02-08,蔬菜,元/斤
华中,1.20,none,2018-08-25,湖北省洪湖农贸市场,1.50,0.90,绿豆芽,湖北,none,2017-02-07,蔬菜,元/斤
华中,1.20,none,2018-08-25,湖北省洪湖农贸市场,1.50,0.90,绿豆芽,湖北,none,2017-02-06,蔬菜,元/斤
华中,1.20,none,2018-08-25,湖北省洪湖农贸市场,1.50,0.90,绿豆芽,湖北,none,2017-01-30,蔬菜,元/斤
华中,1.20,none,2018-08-25,湖北省洪湖农贸市场,1.50,0.90,绿豆芽,湖北,none,2017-01-26,蔬菜,元/斤
华中,1.20,none,2018-08-25,湖北省洪湖农贸市场,1.50,0.90,绿豆芽,湖北,none,2017-01-22,蔬菜,元/斤
华中,1.20,none,2018-08-25,湖北省洪湖农贸市场,1.50,0.90,绿豆芽,湖北,none,2017-01-20,蔬菜,元/斤
华中,1.20,none,2018-08-25,湖北省洪湖农贸市场,1.50,0.90,绿豆芽,湖北,none,2017-01-19,蔬菜,元/斤
华中,1.20,none,2018-08-25,湖北省洪湖农贸市场,1.50,0.90,绿豆芽,湖北,none,2017-01-18,蔬菜,元/斤
华中,1.20,none,2018-08-25,湖北省洪湖农贸市场,1.50,0.90,绿豆芽,湖北,none,2017-01-17,蔬菜,元/斤
华中,1.20,none,2018-08-25,湖北省洪湖农贸市场,1.50,0.90,绿豆芽,湖北,none,2017-01-16,蔬菜,元/斤
华中,1.20,none,2018-08-25,湖北省洪湖农贸市场,1.50,0.90,绿豆芽,湖北,none,2017-01-13,蔬菜,元/斤
华中,1.20,none,2018-08-25,湖北省洪湖农贸市场,1.50,0.90,绿豆芽,湖北,none,2017-01-12,蔬菜,元/斤
华中,1.20,none,2018-08-25,湖北省洪湖农贸市场,1.50,0.90,绿豆芽,湖北,none,2017-01-10,蔬菜,元/斤
华中,1.20,none,2018-08-25,湖北省洪湖农贸市场,1.50,0.90,绿豆芽,湖北,none,2017-01-09,蔬菜,元/斤
华中,1.20,none,2018-08-25,湖北省洪湖农贸市场,1.40,0.80,绿豆芽,湖北,none,2017-04-14,蔬菜,元/斤
华中,1.20,none,2018-08-25,湖北省洪湖农贸市场,1.40,0.80,绿豆芽,湖北,none,2017-04-13,蔬菜,元/斤
华中,1.20,none,2018-08-25,湖北省洪湖农贸市场,1.40,0.80,绿豆芽,湖北,none,2017-04-12,蔬菜,元/斤
华中,1.20,none,2018-08-25,湖北省洪湖农贸市场,1.40,0.80,绿豆芽,湖北,none,2017-04-11,蔬菜,元/斤
华中,1.20,none,2018-08-25,湖北省洪湖农贸市场,1.40,0.80,绿豆芽,湖北,none,2017-04-10,蔬菜,元/斤
华中,1.20,none,2018-08-25,湖北省洪湖农贸市场,1.40,0.80,绿豆芽,湖北,none,2017-04-06,蔬菜,元/斤
华中,1.20,none,2018-08-25,湖北省洪湖农贸市场,1.40,0.80,绿豆芽,湖北,none,2017-04-05,蔬菜,元/斤
华中,1.20,none,2018-08-25,湖北省洪湖农贸市场,1.40,0.80,绿豆芽,湖北,none,2017-04-01,蔬菜,元/斤
华中,1.20,none,2018-08-25,湖北省洪湖农贸市场,1.40,0.80,绿豆芽,湖北,none,2017-03-31,蔬菜,元/斤
华中,1.20,none,2018-08-25,湖北省洪湖农贸市场,1.40,0.80,绿豆芽,湖北,none,2017-03-30,蔬菜,元/斤
华中,1.20,none,2018-08-25,湖北省洪湖农贸市场,1.40,0.80,绿豆芽,湖北,none,2017-03-29,蔬菜,元/斤
华中,1.20,none,2018-08-25,湖北省洪湖农贸市场,1.40,0.80,绿豆芽,湖北,none,2017-03-28,蔬菜,元/斤
华中,1.20,none,2018-08-25,湖北省洪湖农贸市场,1.40,0.80,绿豆芽,湖北,none,2017-03-23,蔬菜,元/斤
华中,1.20,none,2018-08-25,湖北省洪湖农贸市场,1.40,0.80,绿豆芽,湖北,none,2017-03-22,蔬菜,元/斤
华中,1.20,none,2018-08-25,湖北省洪湖农贸市场,1.40,0.80,绿豆芽,湖北,none,2017-03-21,蔬菜,元/斤
华中,1.20,none,2018-08-25,湖北省洪湖农贸市场,1.40,0.80,绿豆芽,湖北,none,2017-03-20,蔬菜,元/斤
华中,1.20,none,2018-08-25,湖北省洪湖农贸市场,1.40,0.80,绿豆芽,湖北,none,2017-03-17,蔬菜,元/斤
华中,1.20,none,2018-08-25,湖北省洪湖农贸市场,1.40,0.80,绿豆芽,湖北,none,2017-03-07,蔬菜,元/斤
华中,1.20,none,2018-08-25,湖北省洪湖农贸市场,1.40,0.80,绿豆芽,湖北,none,2017-03-04,蔬菜,元/斤
华中,1.20,none,2018-08-25,湖北省洪湖农贸市场,1.40,0.80,绿豆芽,湖北,none,2017-03-03,蔬菜,元/斤
华中,1.20,none,2018-08-25,湖北省洪湖农贸市场,1.40,0.80,绿豆芽,湖北,none,2017-03-02,蔬菜,元/斤
华中,1.20,none,2018-08-25,湖北省洪湖农贸市场,1.40,0.80,绿豆芽,湖北,none,2017-03-01,蔬菜,元/斤
华中,1.20,none,2018-08-25,湖北省洪湖农贸市场,1.40,0.80,绿豆芽,湖北,none,2017-02-28,蔬菜,元/斤
华中,1.20,none,2018-08-25,湖北省洪湖农贸市场,1.40,0.80,绿豆芽,湖北,none,2017-02-27,蔬菜,元/斤
华中,1.20,none,2018-08-25,湖北省洪湖农贸市场,1.40,0.80,绿豆芽,湖北,none,2017-02-24,蔬菜,元/斤
华中,1.20,none,2018-08-25,湖北省洪湖农贸市场,1.40,0.80,绿豆芽,湖北,none,2017-06-12,蔬菜,元/斤
华中,1.20,none,2018-08-25,湖北省洪湖农贸市场,1.40,0.80,绿豆芽,湖北,none,2017-06-08,蔬菜,元/斤
华中,1.20,none,2018-08-25,湖北省洪湖农贸市场,1.40,0.80,绿豆芽,湖北,none,2017-06-05,蔬菜,元/斤
华中,1.20,none,2018-08-25,湖北省洪湖农贸市场,1.40,0.80,绿豆芽,湖北,none,2017-06-01,蔬菜,元/斤
华中,1.20,none,2018-08-25,湖北省洪湖农贸市场,1.40,0.80,绿豆芽,湖北,none,2017-05-31,蔬菜,元/斤
华中,1.20,none,2018-08-25,湖北省洪湖农贸市场,1.40,0.80,绿豆芽,湖北,none,2017-05-24,蔬菜,元/斤
华中,1.20,none,2018-08-25,湖北省洪湖农贸市场,1.40,0.80,绿豆芽,湖北,none,2017-05-23,蔬菜,元/斤
华中,1.20,none,2018-08-25,湖北省洪湖农贸市场,1.40,0.80,绿豆芽,湖北,none,2017-05-22,蔬菜,元/斤
华中,1.20,none,2018-08-25,湖北省洪湖农贸市场,1.40,0.80,绿豆芽,湖北,none,2017-05-17,蔬菜,元/斤
华中,1.20,none,2018-08-25,湖北省洪湖农贸市场,1.40,0.80,绿豆芽,湖北,none,2017-05-15,蔬菜,元/斤
华中,1.20,none,2018-08-25,湖北省洪湖农贸市场,1.40,0.80,绿豆芽,湖北,none,2017-05-12,蔬菜,元/斤
华中,1.20,none,2018-08-25,湖北省洪湖农贸市场,1.40,0.80,绿豆芽,湖北,none,2017-05-10,蔬菜,元/斤
华中,1.20,none,2018-08-25,湖北省洪湖农贸市场,1.40,0.80,绿豆芽,湖北,none,2017-05-09,蔬菜,元/斤
华中,1.20,none,2018-08-25,湖北省洪湖农贸市场,1.40,0.80,绿豆芽,湖北,none,2017-05-08,蔬菜,元/斤
华中,1.20,none,2018-08-25,湖北省洪湖农贸市场,1.40,0.80,绿豆芽,湖北,none,2017-05-05,蔬菜,元/斤
华中,1.20,none,2018-08-25,湖北省洪湖农贸市场,1.40,0.80,绿豆芽,湖北,none,2017-05-04,蔬菜,元/斤
华中,1.20,none,2018-08-25,湖北省洪湖农贸市场,1.40,0.80,绿豆芽,湖北,none,2017-05-03,蔬菜,元/斤
华中,1.20,none,2018-08-25,湖北省洪湖农贸市场,1.40,0.80,绿豆芽,湖北,none,2017-05-02,蔬菜,元/斤
华中,1.20,none,2018-08-25,湖北省洪湖农贸市场,1.40,0.80,绿豆芽,湖北,none,2017-04-28,蔬菜,元/斤
华中,1.20,none,2018-08-25,湖北省洪湖农贸市场,1.40,0.80,绿豆芽,湖北,none,2017-04-27,蔬菜,元/斤
华中,1.20,none,2018-08-25,湖北省洪湖农贸市场,1.40,0.80,绿豆芽,湖北,none,2017-04-26,蔬菜,元/斤
华中,1.20,none,2018-08-25,湖北省洪湖农贸市场,1.40,0.80,绿豆芽,湖北,none,2017-04-25,蔬菜,元/斤
华中,1.20,none,2018-08-25,湖北省洪湖农贸市场,1.40,0.80,绿豆芽,湖北,none,2017-04-20,蔬菜,元/斤
华中,1.20,none,2018-08-25,湖北省洪湖农贸市场,1.40,0.80,绿豆芽,湖北,none,2017-04-18,蔬菜,元/斤
华中,1.20,none,2018-08-25,湖北省洪湖农贸市场,1.40,0.80,绿豆芽,湖北,none,2017-04-17,蔬菜,元/斤
华中,1.20,none,2018-08-25,湖北省洪湖农贸市场,1.40,0.80,绿豆芽,湖北,none,2017-08-15,蔬菜,元/斤
华中,1.20,none,2018-08-25,湖北省洪湖农贸市场,1.40,0.80,绿豆芽,湖北,none,2017-08-14,蔬菜,元/斤
华中,1.20,none,2018-08-25,湖北省洪湖农贸市场,1.40,0.80,绿豆芽,湖北,none,2017-08-10,蔬菜,元/斤
华中,1.20,none,2018-08-25,湖北省洪湖农贸市场,1.40,0.80,绿豆芽,湖北,none,2017-08-08,蔬菜,元/斤
华中,1.20,none,2018-08-25,湖北省洪湖农贸市场,1.40,0.80,绿豆芽,湖北,none,2017-07-28,蔬菜,元/斤
华中,1.20,none,2018-08-25,湖北省洪湖农贸市场,1.40,0.80,绿豆芽,湖北,none,2017-07-27,蔬菜,元/斤
华中,1.20,none,2018-08-25,湖北省洪湖农贸市场,1.40,0.80,绿豆芽,湖北,none,2017-07-26,蔬菜,元/斤
华中,1.20,none,2018-08-25,湖北省洪湖农贸市场,1.40,0.80,绿豆芽,湖北,none,2017-07-25,蔬菜,元/斤
华中,1.20,none,2018-08-25,湖北省洪湖农贸市场,1.40,0.80,绿豆芽,湖北,none,2017-07-24,蔬菜,元/斤
华中,1.20,none,2018-08-25,湖北省洪湖农贸市场,1.40,0.80,绿豆芽,湖北,none,2017-07-21,蔬菜,元/斤
华中,1.20,none,2018-08-25,湖北省洪湖农贸市场,1.40,0.80,绿豆芽,湖北,none,2017-07-20,蔬菜,元/斤
华中,1.20,none,2018-08-25,湖北省洪湖农贸市场,1.40,0.80,绿豆芽,湖北,none,2017-07-19,蔬菜,元/斤
华中,1.20,none,2018-08-25,湖北省洪湖农贸市场,1.40,0.80,绿豆芽,湖北,none,2017-07-12,蔬菜,元/斤
华中,1.20,none,2018-08-25,湖北省洪湖农贸市场,1.40,0.80,绿豆芽,湖北,none,2017-07-08,蔬菜,元/斤
华中,1.20,none,2018-08-25,湖北省洪湖农贸市场,1.40,0.80,绿豆芽,湖北,none,2017-07-07,蔬菜,元/斤
华中,1.20,none,2018-08-25,湖北省洪湖农贸市场,1.40,0.80,绿豆芽,湖北,none,2017-07-04,蔬菜,元/斤
华中,1.20,none,2018-08-25,湖北省洪湖农贸市场,1.40,0.80,绿豆芽,湖北,none,2017-07-03,蔬菜,元/斤
华中,1.20,none,2018-08-25,湖北省洪湖农贸市场,1.40,0.80,绿豆芽,湖北,none,2017-06-30,蔬菜,元/斤
华中,1.20,none,2018-08-25,湖北省洪湖农贸市场,1.40,0.80,绿豆芽,湖北,none,2017-06-29,蔬菜,元/斤
华中,1.20,none,2018-08-25,湖北省洪湖农贸市场,1.40,0.80,绿豆芽,湖北,none,2017-06-27,蔬菜,元/斤
华中,1.20,none,2018-08-25,湖北省洪湖农贸市场,1.40,0.80,绿豆芽,湖北,none,2017-06-23,蔬菜,元/斤
华中,1.20,none,2018-08-25,湖北省洪湖农贸市场,1.40,0.80,绿豆芽,湖北,none,2017-06-21,蔬菜,元/斤
华中,1.20,none,2018-08-25,湖北省洪湖农贸市场,1.40,0.80,绿豆芽,湖北,none,2017-06-20,蔬菜,元/斤
华中,1.20,none,2018-08-25,湖北省洪湖农贸市场,1.40,0.80,绿豆芽,湖北,none,2017-06-15,蔬菜,元/斤
华中,1.20,none,2018-08-25,湖北省洪湖农贸市场,1.40,0.80,绿豆芽,湖北,none,2017-06-13,蔬菜,元/斤
华中,1.10,none,2018-08-25,湖北省洪湖农贸市场,1.30,0.90,绿豆芽,湖北,none,2017-10-26,蔬菜,元/斤
华中,1.10,none,2018-08-25,湖北省洪湖农贸市场,1.30,0.90,绿豆芽,湖北,none,2017-10-25,蔬菜,元/斤
华中,1.10,none,2018-08-25,湖北省洪湖农贸市场,1.30,0.90,绿豆芽,湖北,none,2017-10-24,蔬菜,元/斤
华中,1.10,none,2018-08-25,湖北省洪湖农贸市场,1.30,0.90,绿豆芽,湖北,none,2017-10-20,蔬菜,元/斤
华中,1.10,none,2018-08-25,湖北省洪湖农贸市场,1.30,0.90,绿豆芽,湖北,none,2017-10-18,蔬菜,元/斤
华中,1.10,none,2018-08-25,湖北省洪湖农贸市场,1.30,0.90,绿豆芽,湖北,none,2017-10-16,蔬菜,元/斤
华中,1.10,none,2018-08-25,湖北省洪湖农贸市场,1.30,0.90,绿豆芽,湖北,none,2017-10-12,蔬菜,元/斤
华中,1.10,none,2018-08-25,湖北省洪湖农贸市场,1.30,0.90,绿豆芽,湖北,none,2017-10-11,蔬菜,元/斤
华中,1.10,none,2018-08-25,湖北省洪湖农贸市场,1.30,0.90,绿豆芽,湖北,none,2017-10-09,蔬菜,元/斤
华中,1.20,none,2018-08-25,湖北省洪湖农贸市场,1.40,0.80,绿豆芽,湖北,none,2017-09-30,蔬菜,元/斤
华中,1.20,none,2018-08-25,湖北省洪湖农贸市场,1.40,0.80,绿豆芽,湖北,none,2017-09-29,蔬菜,元/斤
华中,1.20,none,2018-08-25,湖北省洪湖农贸市场,1.40,0.80,绿豆芽,湖北,none,2017-09-28,蔬菜,元/斤
华中,1.20,none,2018-08-25,湖北省洪湖农贸市场,1.40,0.80,绿豆芽,湖北,none,2017-09-27,蔬菜,元/斤
华中,1.20,none,2018-08-25,湖北省洪湖农贸市场,1.40,0.80,绿豆芽,湖北,none,2017-09-26,蔬菜,元/斤
华中,1.20,none,2018-08-25,湖北省洪湖农贸市场,1.40,0.80,绿豆芽,湖北,none,2017-09-22,蔬菜,元/斤
华中,1.20,none,2018-08-25,湖北省洪湖农贸市场,1.40,0.80,绿豆芽,湖北,none,2017-09-21,蔬菜,元/斤
华中,1.20,none,2018-08-25,湖北省洪湖农贸市场,1.40,0.80,绿豆芽,湖北,none,2017-09-20,蔬菜,元/斤
华中,1.20,none,2018-08-25,湖北省洪湖农贸市场,1.40,0.80,绿豆芽,湖北,none,2017-09-19,蔬菜,元/斤
华中,1.20,none,2018-08-25,湖北省洪湖农贸市场,1.40,0.80,绿豆芽,湖北,none,2017-09-08,蔬菜,元/斤
华中,1.20,none,2018-08-25,湖北省洪湖农贸市场,1.40,0.80,绿豆芽,湖北,none,2017-09-07,蔬菜,元/斤
华中,1.20,none,2018-08-25,湖北省洪湖农贸市场,1.40,0.80,绿豆芽,湖北,none,2017-09-04,蔬菜,元/斤
华中,1.20,none,2018-08-25,湖北省洪湖农贸市场,1.40,0.80,绿豆芽,湖北,none,2017-09-01,蔬菜,元/斤
华中,1.20,none,2018-08-25,湖北省洪湖农贸市场,1.40,0.80,绿豆芽,湖北,none,2017-08-31,蔬菜,元/斤
华中,1.20,none,2018-08-25,湖北省洪湖农贸市场,1.40,0.80,绿豆芽,湖北,none,2017-08-29,蔬菜,元/斤
华中,1.20,none,2018-08-25,湖北省洪湖农贸市场,1.40,0.80,绿豆芽,湖北,none,2017-08-21,蔬菜,元/斤
华中,1.10,none,2018-08-25,湖北省洪湖农贸市场,1.30,0.90,绿豆芽,湖北,none,2017-12-11,蔬菜,元/斤
华中,1.10,none,2018-08-25,湖北省洪湖农贸市场,1.30,0.90,绿豆芽,湖北,none,2017-12-08,蔬菜,元/斤
华中,1.10,none,2018-08-25,湖北省洪湖农贸市场,1.30,0.90,绿豆芽,湖北,none,2017-12-07,蔬菜,元/斤
华中,1.10,none,2018-08-25,湖北省洪湖农贸市场,1.30,0.90,绿豆芽,湖北,none,2017-12-05,蔬菜,元/斤
华中,1.10,none,2018-08-25,湖北省洪湖农贸市场,1.30,0.90,绿豆芽,湖北,none,2017-12-04,蔬菜,元/斤
华中,1.10,none,2018-08-25,湖北省洪湖农贸市场,1.30,0.90,绿豆芽,湖北,none,2017-12-01,蔬菜,元/斤
华中,1.10,none,2018-08-25,湖北省洪湖农贸市场,1.30,0.90,绿豆芽,湖北,none,2017-11-30,蔬菜,元/斤
华中,1.10,none,2018-08-25,湖北省洪湖农贸市场,1.30,0.90,绿豆芽,湖北,none,2017-11-29,蔬菜,元/斤
华中,1.10,none,2018-08-25,湖北省洪湖农贸市场,1.30,0.90,绿豆芽,湖北,none,2017-11-28,蔬菜,元/斤
华中,1.10,none,2018-08-25,湖北省洪湖农贸市场,1.30,0.90,绿豆芽,湖北,none,2017-11-27,蔬菜,元/斤
华中,1.10,none,2018-08-25,湖北省洪湖农贸市场,1.30,0.90,绿豆芽,湖北,none,2017-11-23,蔬菜,元/斤
华中,1.10,none,2018-08-25,湖北省洪湖农贸市场,1.30,0.90,绿豆芽,湖北,none,2017-11-22,蔬菜,元/斤
华中,1.10,none,2018-08-25,湖北省洪湖农贸市场,1.30,0.90,绿豆芽,湖北,none,2017-11-21,蔬菜,元/斤
华中,1.10,none,2018-08-25,湖北省洪湖农贸市场,1.30,0.90,绿豆芽,湖北,none,2017-11-20,蔬菜,元/斤
华中,1.10,none,2018-08-25,湖北省洪湖农贸市场,1.30,0.90,绿豆芽,湖北,none,2017-11-16,蔬菜,元/斤
华中,1.10,none,2018-08-25,湖北省洪湖农贸市场,1.30,0.90,绿豆芽,湖北,none,2017-11-14,蔬菜,元/斤
华中,1.10,none,2018-08-25,湖北省洪湖农贸市场,1.30,0.90,绿豆芽,湖北,none,2017-11-13,蔬菜,元/斤
华中,1.10,none,2018-08-25,湖北省洪湖农贸市场,1.30,0.90,绿豆芽,湖北,none,2017-11-10,蔬菜,元/斤
华中,1.10,none,2018-08-25,湖北省洪湖农贸市场,1.30,0.90,绿豆芽,湖北,none,2017-11-09,蔬菜,元/斤
华中,1.10,none,2018-08-25,湖北省洪湖农贸市场,1.30,0.90,绿豆芽,湖北,none,2017-11-08,蔬菜,元/斤
华中,1.10,none,2018-08-25,湖北省洪湖农贸市场,1.30,0.90,绿豆芽,湖北,none,2017-11-07,蔬菜,元/斤
华中,1.10,none,2018-08-25,湖北省洪湖农贸市场,1.30,0.90,绿豆芽,湖北,none,2017-11-06,蔬菜,元/斤
华中,1.10,none,2018-08-25,湖北省洪湖农贸市场,1.30,0.90,绿豆芽,湖北,none,2017-11-03,蔬菜,元/斤
华中,1.10,none,2018-08-25,湖北省洪湖农贸市场,1.30,0.90,绿豆芽,湖北,none,2017-11-02,蔬菜,元/斤
华中,1.10,none,2018-08-25,湖北省洪湖农贸市场,1.30,0.90,绿豆芽,湖北,none,2017-11-01,蔬菜,元/斤
华中,1.10,none,2018-08-25,湖北省洪湖农贸市场,1.30,0.90,绿豆芽,湖北,none,2018-02-06,蔬菜,元/斤
华中,1.10,none,2018-08-25,湖北省洪湖农贸市场,1.30,0.90,绿豆芽,湖北,none,2018-02-05,蔬菜,元/斤
华中,1.10,none,2018-08-25,湖北省洪湖农贸市场,1.30,0.90,绿豆芽,湖北,none,2018-02-02,蔬菜,元/斤
华中,1.10,none,2018-08-25,湖北省洪湖农贸市场,1.30,0.90,绿豆芽,湖北,none,2018-02-01,蔬菜,元/斤
华中,1.10,none,2018-08-25,湖北省洪湖农贸市场,1.30,0.90,绿豆芽,湖北,none,2018-01-31,蔬菜,元/斤
华中,1.10,none,2018-08-25,湖北省洪湖农贸市场,1.30,0.90,绿豆芽,湖北,none,2018-01-30,蔬菜,元/斤
华中,1.10,none,2018-08-25,湖北省洪湖农贸市场,1.30,0.90,绿豆芽,湖北,none,2018-01-28,蔬菜,元/斤
华中,1.10,none,2018-08-25,湖北省洪湖农贸市场,1.30,0.90,绿豆芽,湖北,none,2018-01-27,蔬菜,元/斤
华中,1.10,none,2018-08-25,湖北省洪湖农贸市场,1.30,0.90,绿豆芽,湖北,none,2018-01-26,蔬菜,元/斤
华中,1.10,none,2018-08-25,湖北省洪湖农贸市场,1.30,0.90,绿豆芽,湖北,none,2018-01-24,蔬菜,元/斤
华中,1.10,none,2018-08-25,湖北省洪湖农贸市场,1.30,0.90,绿豆芽,湖北,none,2018-01-23,蔬菜,元/斤
华中,1.10,none,2018-08-25,湖北省洪湖农贸市场,1.30,0.90,绿豆芽,湖北,none,2018-01-19,蔬菜,元/斤
华中,1.10,none,2018-08-25,湖北省洪湖农贸市场,1.30,0.90,绿豆芽,湖北,none,2018-01-17,蔬菜,元/斤
华中,1.10,none,2018-08-25,湖北省洪湖农贸市场,1.30,0.90,绿豆芽,湖北,none,2018-01-15,蔬菜,元/斤
华中,1.10,none,2018-08-25,湖北省洪湖农贸市场,1.30,0.90,绿豆芽,湖北,none,2018-01-11,蔬菜,元/斤
华中,1.10,none,2018-08-25,湖北省洪湖农贸市场,1.30,0.90,绿豆芽,湖北,none,2018-01-10,蔬菜,元/斤
华中,1.10,none,2018-08-25,湖北省洪湖农贸市场,1.30,0.90,绿豆芽,湖北,none,2018-01-05,蔬菜,元/斤
华中,1.10,none,2018-08-25,湖北省洪湖农贸市场,1.30,0.90,绿豆芽,湖北,none,2018-01-04,蔬菜,元/斤
华中,1.10,none,2018-08-25,湖北省洪湖农贸市场,1.30,0.90,绿豆芽,湖北,none,2017-12-28,蔬菜,元/斤
华中,1.10,none,2018-08-25,湖北省洪湖农贸市场,1.30,0.90,绿豆芽,湖北,none,2017-12-26,蔬菜,元/斤
华中,1.10,none,2018-08-25,湖北省洪湖农贸市场,1.30,0.90,绿豆芽,湖北,none,2017-12-22,蔬菜,元/斤
华中,1.10,none,2018-08-25,湖北省洪湖农贸市场,1.30,0.90,绿豆芽,湖北,none,2017-12-20,蔬菜,元/斤
华中,1.10,none,2018-08-25,湖北省洪湖农贸市场,1.30,0.90,绿豆芽,湖北,none,2017-12-19,蔬菜,元/斤
华中,1.10,none,2018-08-25,湖北省洪湖农贸市场,1.30,0.90,绿豆芽,湖北,none,2017-12-13,蔬菜,元/斤
华中,1.10,none,2018-08-25,湖北省洪湖农贸市场,1.30,0.90,绿豆芽,湖北,none,2017-12-12,蔬菜,元/斤
华中,1.10,none,2018-08-25,湖北省洪湖农贸市场,1.30,0.90,绿豆芽,湖北,none,2018-04-19,蔬菜,元/斤
华中,1.10,none,2018-08-25,湖北省洪湖农贸市场,1.30,0.90,绿豆芽,湖北,none,2018-04-17,蔬菜,元/斤
华中,1.10,none,2018-08-25,湖北省洪湖农贸市场,1.30,0.90,绿豆芽,湖北,none,2018-04-16,蔬菜,元/斤
华中,1.10,none,2018-08-25,湖北省洪湖农贸市场,1.30,0.90,绿豆芽,湖北,none,2018-04-13,蔬菜,元/斤
华中,1.10,none,2018-08-25,湖北省洪湖农贸市场,1.30,0.90,绿豆芽,湖北,none,2018-04-12,蔬菜,元/斤
华中,1.10,none,2018-08-25,湖北省洪湖农贸市场,1.30,0.90,绿豆芽,湖北,none,2018-04-08,蔬菜,元/斤
华中,1.10,none,2018-08-25,湖北省洪湖农贸市场,1.30,0.90,绿豆芽,湖北,none,2018-03-28,蔬菜,元/斤
华中,1.10,none,2018-08-25,湖北省洪湖农贸市场,1.30,0.90,绿豆芽,湖北,none,2018-03-27,蔬菜,元/斤
华中,1.10,none,2018-08-25,湖北省洪湖农贸市场,1.30,0.90,绿豆芽,湖北,none,2018-03-23,蔬菜,元/斤
华中,1.10,none,2018-08-25,湖北省洪湖农贸市场,1.30,0.90,绿豆芽,湖北,none,2018-03-22,蔬菜,元/斤
华中,1.10,none,2018-08-25,湖北省洪湖农贸市场,1.30,0.90,绿豆芽,湖北,none,2018-03-19,蔬菜,元/斤
华中,1.10,none,2018-08-25,湖北省洪湖农贸市场,1.30,0.90,绿豆芽,湖北,none,2018-03-15,蔬菜,元/斤
华中,1.10,none,2018-08-25,湖北省洪湖农贸市场,1.30,0.90,绿豆芽,湖北,none,2018-03-14,蔬菜,元/斤
华中,1.10,none,2018-08-25,湖北省洪湖农贸市场,1.30,0.90,绿豆芽,湖北,none,2018-03-13,蔬菜,元/斤
华中,1.10,none,2018-08-25,湖北省洪湖农贸市场,1.30,0.90,绿豆芽,湖北,none,2018-03-09,蔬菜,元/斤
华中,1.10,none,2018-08-25,湖北省洪湖农贸市场,1.30,0.90,绿豆芽,湖北,none,2018-03-08,蔬菜,元/斤
华中,1.10,none,2018-08-25,湖北省洪湖农贸市场,1.30,0.90,绿豆芽,湖北,none,2018-03-06,蔬菜,元/斤
华中,1.10,none,2018-08-25,湖北省洪湖农贸市场,1.30,0.90,绿豆芽,湖北,none,2018-03-05,蔬菜,元/斤
华中,1.10,none,2018-08-25,湖北省洪湖农贸市场,1.30,0.90,绿豆芽,湖北,none,2018-03-02,蔬菜,元/斤
华中,1.10,none,2018-08-25,湖北省洪湖农贸市场,1.30,0.90,绿豆芽,湖北,none,2018-02-28,蔬菜,元/斤
华中,1.10,none,2018-08-25,湖北省洪湖农贸市场,1.30,0.90,绿豆芽,湖北,none,2018-02-22,蔬菜,元/斤
华中,1.10,none,2018-08-25,湖北省洪湖农贸市场,1.30,0.90,绿豆芽,湖北,none,2018-02-14,蔬菜,元/斤
华中,1.10,none,2018-08-25,湖北省洪湖农贸市场,1.30,0.90,绿豆芽,湖北,none,2018-02-13,蔬菜,元/斤
华中,1.10,none,2018-08-25,湖北省洪湖农贸市场,1.30,0.90,绿豆芽,湖北,none,2018-02-11,蔬菜,元/斤
华中,1.10,none,2018-08-25,湖北省洪湖农贸市场,1.30,0.90,绿豆芽,湖北,none,2018-02-08,蔬菜,元/斤
华中,2.10,none,2018-08-25,湖北省洪湖农贸市场,2.60,1.60,芋头,湖北,none,2017-04-18,蔬菜,元/斤
华中,2.10,none,2018-08-25,湖北省洪湖农贸市场,2.60,1.60,芋头,湖北,none,2017-04-17,蔬菜,元/斤
华中,2.10,none,2018-08-25,湖北省洪湖农贸市场,2.60,1.60,芋头,湖北,none,2017-04-14,蔬菜,元/斤
华中,2.10,none,2018-08-25,湖北省洪湖农贸市场,2.60,1.60,芋头,湖北,none,2017-04-13,蔬菜,元/斤
华中,2.10,none,2018-08-25,湖北省洪湖农贸市场,2.60,1.60,芋头,湖北,none,2017-04-12,蔬菜,元/斤
华中,2.10,none,2018-08-25,湖北省洪湖农贸市场,2.60,1.60,芋头,湖北,none,2017-04-11,蔬菜,元/斤
华中,2.10,none,2018-08-25,湖北省洪湖农贸市场,2.60,1.60,芋头,湖北,none,2017-04-10,蔬菜,元/斤
华中,2.10,none,2018-08-25,湖北省洪湖农贸市场,2.60,1.60,芋头,湖北,none,2017-04-06,蔬菜,元/斤
华中,2.10,none,2018-08-25,湖北省洪湖农贸市场,2.60,1.60,芋头,湖北,none,2017-04-05,蔬菜,元/斤
华中,1.90,none,2018-08-25,湖北省洪湖农贸市场,2.40,1.40,芋头,湖北,none,2017-04-01,蔬菜,元/斤
华中,1.90,none,2018-08-25,湖北省洪湖农贸市场,2.40,1.40,芋头,湖北,none,2017-03-31,蔬菜,元/斤
华中,1.90,none,2018-08-25,湖北省洪湖农贸市场,2.40,1.40,芋头,湖北,none,2017-03-30,蔬菜,元/斤
华中,1.90,none,2018-08-25,湖北省洪湖农贸市场,2.40,1.40,芋头,湖北,none,2017-03-29,蔬菜,元/斤
华中,1.90,none,2018-08-25,湖北省洪湖农贸市场,2.40,1.40,芋头,湖北,none,2017-03-28,蔬菜,元/斤
华中,1.90,none,2018-08-25,湖北省洪湖农贸市场,2.40,1.40,芋头,湖北,none,2017-03-23,蔬菜,元/斤
华中,1.90,none,2018-08-25,湖北省洪湖农贸市场,2.40,1.40,芋头,湖北,none,2017-03-22,蔬菜,元/斤
华中,1.90,none,2018-08-25,湖北省洪湖农贸市场,2.40,1.40,芋头,湖北,none,2017-03-21,蔬菜,元/斤
华中,2.00,none,2018-08-25,湖北省洪湖农贸市场,2.50,1.50,芋头,湖北,none,2017-03-20,蔬菜,元/斤
华中,2.00,none,2018-08-25,湖北省洪湖农贸市场,2.50,1.50,芋头,湖北,none,2017-03-17,蔬菜,元/斤
华中,2.00,none,2018-08-25,湖北省洪湖农贸市场,2.50,1.50,芋头,湖北,none,2017-03-07,蔬菜,元/斤
华中,2.00,none,2018-08-25,湖北省洪湖农贸市场,2.50,1.50,芋头,湖北,none,2017-03-04,蔬菜,元/斤
华中,2.00,none,2018-08-25,湖北省洪湖农贸市场,2.50,1.50,芋头,湖北,none,2017-03-03,蔬菜,元/斤
华中,2.00,none,2018-08-25,湖北省洪湖农贸市场,2.50,1.50,芋头,湖北,none,2017-03-02,蔬菜,元/斤
华中,2.00,none,2018-08-25,湖北省洪湖农贸市场,2.50,1.50,芋头,湖北,none,2017-03-01,蔬菜,元/斤
华中,2.00,none,2018-08-25,湖北省洪湖农贸市场,2.50,1.50,芋头,湖北,none,2017-02-28,蔬菜,元/斤
华中,2.60,none,2018-08-25,湖北省洪湖农贸市场,3.10,1.80,芋头,湖北,none,2017-06-13,蔬菜,元/斤
华中,2.60,none,2018-08-25,湖北省洪湖农贸市场,3.10,1.80,芋头,湖北,none,2017-06-12,蔬菜,元/斤
华中,2.60,none,2018-08-25,湖北省洪湖农贸市场,3.10,1.80,芋头,湖北,none,2017-06-08,蔬菜,元/斤
华中,2.60,none,2018-08-25,湖北省洪湖农贸市场,3.10,1.80,芋头,湖北,none,2017-06-06,蔬菜,元/斤
华中,2.60,none,2018-08-25,湖北省洪湖农贸市场,3.10,1.80,芋头,湖北,none,2017-06-05,蔬菜,元/斤
华中,2.60,none,2018-08-25,湖北省洪湖农贸市场,3.10,1.80,芋头,湖北,none,2017-06-01,蔬菜,元/斤
华中,2.60,none,2018-08-25,湖北省洪湖农贸市场,3.10,1.80,芋头,湖北,none,2017-05-31,蔬菜,元/斤
华中,2.60,none,2018-08-25,湖北省洪湖农贸市场,3.10,1.80,芋头,湖北,none,2017-05-24,蔬菜,元/斤
华中,2.60,none,2018-08-25,湖北省洪湖农贸市场,3.10,1.80,芋头,湖北,none,2017-05-23,蔬菜,元/斤
华中,2.60,none,2018-08-25,湖北省洪湖农贸市场,3.10,1.80,芋头,湖北,none,2017-05-22,蔬菜,元/斤
华中,2.60,none,2018-08-25,湖北省洪湖农贸市场,3.10,1.80,芋头,湖北,none,2017-05-17,蔬菜,元/斤
华中,2.60,none,2018-08-25,湖北省洪湖农贸市场,3.10,1.80,芋头,湖北,none,2017-05-15,蔬菜,元/斤
华中,2.60,none,2018-08-25,湖北省洪湖农贸市场,3.10,1.80,芋头,湖北,none,2017-05-12,蔬菜,元/斤
华中,2.60,none,2018-08-25,湖北省洪湖农贸市场,3.10,1.80,芋头,湖北,none,2017-05-10,蔬菜,元/斤
华中,2.60,none,2018-08-25,湖北省洪湖农贸市场,3.10,1.80,芋头,湖北,none,2017-05-09,蔬菜,元/斤
华中,2.60,none,2018-08-25,湖北省洪湖农贸市场,3.10,1.80,芋头,湖北,none,2017-05-08,蔬菜,元/斤
华中,2.10,none,2018-08-25,湖北省洪湖农贸市场,2.60,1.60,芋头,湖北,none,2017-05-05,蔬菜,元/斤
华中,2.10,none,2018-08-25,湖北省洪湖农贸市场,2.60,1.60,芋头,湖北,none,2017-05-04,蔬菜,元/斤
华中,2.10,none,2018-08-25,湖北省洪湖农贸市场,2.60,1.60,芋头,湖北,none,2017-05-03,蔬菜,元/斤
华中,2.10,none,2018-08-25,湖北省洪湖农贸市场,2.60,1.60,芋头,湖北,none,2017-05-02,蔬菜,元/斤
华中,2.10,none,2018-08-25,湖北省洪湖农贸市场,2.60,1.60,芋头,湖北,none,2017-04-28,蔬菜,元/斤
华中,2.10,none,2018-08-25,湖北省洪湖农贸市场,2.60,1.60,芋头,湖北,none,2017-04-27,蔬菜,元/斤
华中,2.10,none,2018-08-25,湖北省洪湖农贸市场,2.60,1.60,芋头,湖北,none,2017-04-26,蔬菜,元/斤
华中,2.10,none,2018-08-25,湖北省洪湖农贸市场,2.60,1.60,芋头,湖北,none,2017-04-25,蔬菜,元/斤
华中,2.10,none,2018-08-25,湖北省洪湖农贸市场,2.60,1.60,芋头,湖北,none,2017-04-20,蔬菜,元/斤
华中,2.60,none,2018-08-25,湖北省洪湖农贸市场,3.10,1.80,芋头,湖北,none,2017-07-27,蔬菜,元/斤
华中,2.60,none,2018-08-25,湖北省洪湖农贸市场,3.10,1.80,芋头,湖北,none,2017-07-26,蔬菜,元/斤
华中,2.60,none,2018-08-25,湖北省洪湖农贸市场,3.10,1.80,芋头,湖北,none,2017-07-25,蔬菜,元/斤
华中,2.60,none,2018-08-25,湖北省洪湖农贸市场,3.10,1.80,芋头,湖北,none,2017-07-24,蔬菜,元/斤
华中,2.60,none,2018-08-25,湖北省洪湖农贸市场,3.10,1.80,芋头,湖北,none,2017-07-21,蔬菜,元/斤
华中,2.60,none,2018-08-25,湖北省洪湖农贸市场,3.10,1.80,芋头,湖北,none,2017-07-20,蔬菜,元/斤
华中,2.60,none,2018-08-25,湖北省洪湖农贸市场,3.10,1.80,芋头,湖北,none,2017-07-19,蔬菜,元/斤
华中,2.60,none,2018-08-25,湖北省洪湖农贸市场,3.10,1.80,芋头,湖北,none,2017-07-13,蔬菜,元/斤
华中,2.60,none,2018-08-25,湖北省洪湖农贸市场,3.10,1.80,芋头,湖北,none,2017-07-12,蔬菜,元/斤
华中,2.60,none,2018-08-25,湖北省洪湖农贸市场,3.10,1.80,芋头,湖北,none,2017-07-11,蔬菜,元/斤
华中,2.60,none,2018-08-25,湖北省洪湖农贸市场,3.10,1.80,芋头,湖北,none,2017-07-10,蔬菜,元/斤
华中,2.60,none,2018-08-25,湖北省洪湖农贸市场,3.10,1.80,芋头,湖北,none,2017-07-08,蔬菜,元/斤
华中,2.60,none,2018-08-25,湖北省洪湖农贸市场,3.10,1.80,芋头,湖北,none,2017-07-07,蔬菜,元/斤
华中,2.60,none,2018-08-25,湖北省洪湖农贸市场,3.10,1.80,芋头,湖北,none,2017-07-06,蔬菜,元/斤
华中,2.60,none,2018-08-25,湖北省洪湖农贸市场,3.10,1.80,芋头,湖北,none,2017-07-05,蔬菜,元/斤
华中,2.60,none,2018-08-25,湖北省洪湖农贸市场,3.10,1.80,芋头,湖北,none,2017-07-04,蔬菜,元/斤
华中,2.60,none,2018-08-25,湖北省洪湖农贸市场,3.10,1.80,芋头,湖北,none,2017-07-03,蔬菜,元/斤
华中,2.60,none,2018-08-25,湖北省洪湖农贸市场,3.10,1.80,芋头,湖北,none,2017-06-30,蔬菜,元/斤
华中,2.60,none,2018-08-25,湖北省洪湖农贸市场,3.10,1.80,芋头,湖北,none,2017-06-29,蔬菜,元/斤
华中,2.60,none,2018-08-25,湖北省洪湖农贸市场,3.10,1.80,芋头,湖北,none,2017-06-27,蔬菜,元/斤
华中,2.60,none,2018-08-25,湖北省洪湖农贸市场,3.10,1.80,芋头,湖北,none,2017-06-23,蔬菜,元/斤
华中,2.60,none,2018-08-25,湖北省洪湖农贸市场,3.10,1.80,芋头,湖北,none,2017-06-21,蔬菜,元/斤
华中,2.60,none,2018-08-25,湖北省洪湖农贸市场,3.10,1.80,芋头,湖北,none,2017-06-20,蔬菜,元/斤
华中,2.60,none,2018-08-25,湖北省洪湖农贸市场,3.10,1.80,芋头,湖北,none,2017-06-15,蔬菜,元/斤
华中,2.60,none,2018-08-25,湖北省洪湖农贸市场,3.10,1.80,芋头,湖北,none,2017-06-14,蔬菜,元/斤
华中,1.70,none,2018-08-25,湖北省洪湖农贸市场,2.00,1.50,芋头,湖北,none,2017-10-09,蔬菜,元/斤
华中,2.50,none,2018-08-25,湖北省洪湖农贸市场,3.00,1.60,芋头,湖北,none,2017-09-30,蔬菜,元/斤
华中,2.50,none,2018-08-25,湖北省洪湖农贸市场,3.00,1.60,芋头,湖北,none,2017-09-29,蔬菜,元/斤
华中,2.50,none,2018-08-25,湖北省洪湖农贸市场,3.00,1.60,芋头,湖北,none,2017-09-28,蔬菜,元/斤
华中,2.50,none,2018-08-25,湖北省洪湖农贸市场,3.00,1.60,芋头,湖北,none,2017-09-27,蔬菜,元/斤
华中,2.50,none,2018-08-25,湖北省洪湖农贸市场,3.00,1.60,芋头,湖北,none,2017-09-26,蔬菜,元/斤
华中,2.50,none,2018-08-25,湖北省洪湖农贸市场,3.00,1.60,芋头,湖北,none,2017-09-22,蔬菜,元/斤
华中,2.50,none,2018-08-25,湖北省洪湖农贸市场,3.00,1.60,芋头,湖北,none,2017-09-21,蔬菜,元/斤
华中,2.50,none,2018-08-25,湖北省洪湖农贸市场,3.00,1.60,芋头,湖北,none,2017-09-20,蔬菜,元/斤
华中,2.50,none,2018-08-25,湖北省洪湖农贸市场,3.00,1.60,芋头,湖北,none,2017-09-19,蔬菜,元/斤
华中,2.50,none,2018-08-25,湖北省洪湖农贸市场,3.00,1.60,芋头,湖北,none,2017-09-08,蔬菜,元/斤
华中,2.50,none,2018-08-25,湖北省洪湖农贸市场,3.00,1.60,芋头,湖北,none,2017-09-07,蔬菜,元/斤
华中,2.50,none,2018-08-25,湖北省洪湖农贸市场,3.00,1.60,芋头,湖北,none,2017-09-04,蔬菜,元/斤
华中,2.60,none,2018-08-25,湖北省洪湖农贸市场,3.10,1.80,芋头,湖北,none,2017-09-01,蔬菜,元/斤
华中,2.60,none,2018-08-25,湖北省洪湖农贸市场,3.10,1.80,芋头,湖北,none,2017-08-31,蔬菜,元/斤
华中,2.60,none,2018-08-25,湖北省洪湖农贸市场,3.10,1.80,芋头,湖北,none,2017-08-30,蔬菜,元/斤
华中,2.60,none,2018-08-25,湖北省洪湖农贸市场,3.10,1.80,芋头,湖北,none,2017-08-29,蔬菜,元/斤
华中,2.60,none,2018-08-25,湖北省洪湖农贸市场,3.10,1.80,芋头,湖北,none,2017-08-21,蔬菜,元/斤
华中,2.60,none,2018-08-25,湖北省洪湖农贸市场,3.10,1.80,芋头,湖北,none,2017-08-16,蔬菜,元/斤
华中,2.60,none,2018-08-25,湖北省洪湖农贸市场,3.10,1.80,芋头,湖北,none,2017-08-15,蔬菜,元/斤
华中,2.60,none,2018-08-25,湖北省洪湖农贸市场,3.10,1.80,芋头,湖北,none,2017-08-14,蔬菜,元/斤
华中,2.60,none,2018-08-25,湖北省洪湖农贸市场,3.10,1.80,芋头,湖北,none,2017-08-10,蔬菜,元/斤
华中,2.60,none,2018-08-25,湖北省洪湖农贸市场,3.10,1.80,芋头,湖北,none,2017-08-08,蔬菜,元/斤
华中,2.60,none,2018-08-25,湖北省洪湖农贸市场,3.10,1.80,芋头,湖北,none,2017-08-03,蔬菜,元/斤
华中,2.60,none,2018-08-25,湖北省洪湖农贸市场,3.10,1.80,芋头,湖北,none,2017-07-28,蔬菜,元/斤
华中,1.70,none,2018-08-25,湖北省洪湖农贸市场,2.40,1.50,芋头,湖北,none,2017-11-23,蔬菜,元/斤
华中,1.70,none,2018-08-25,湖北省洪湖农贸市场,2.40,1.50,芋头,湖北,none,2017-11-22,蔬菜,元/斤
华中,1.70,none,2018-08-25,湖北省洪湖农贸市场,2.40,1.50,芋头,湖北,none,2017-11-21,蔬菜,元/斤
华中,1.70,none,2018-08-25,湖北省洪湖农贸市场,2.40,1.50,芋头,湖北,none,2017-11-20,蔬菜,元/斤
华中,1.70,none,2018-08-25,湖北省洪湖农贸市场,2.40,1.50,芋头,湖北,none,2017-11-16,蔬菜,元/斤
华中,1.70,none,2018-08-25,湖北省洪湖农贸市场,2.40,1.50,芋头,湖北,none,2017-11-14,蔬菜,元/斤
华中,1.70,none,2018-08-25,湖北省洪湖农贸市场,2.40,1.50,芋头,湖北,none,2017-11-13,蔬菜,元/斤
华中,1.70,none,2018-08-25,湖北省洪湖农贸市场,2.40,1.50,芋头,湖北,none,2017-11-10,蔬菜,元/斤
华中,1.70,none,2018-08-25,湖北省洪湖农贸市场,2.40,1.50,芋头,湖北,none,2017-11-09,蔬菜,元/斤
华中,1.70,none,2018-08-25,湖北省洪湖农贸市场,2.40,1.50,芋头,湖北,none,2017-11-08,蔬菜,元/斤
华中,1.70,none,2018-08-25,湖北省洪湖农贸市场,2.40,1.50,芋头,湖北,none,2017-11-07,蔬菜,元/斤
华中,1.70,none,2018-08-25,湖北省洪湖农贸市场,2.40,1.50,芋头,湖北,none,2017-11-06,蔬菜,元/斤
华中,1.70,none,2018-08-25,湖北省洪湖农贸市场,2.40,1.50,芋头,湖北,none,2017-11-03,蔬菜,元/斤
华中,1.70,none,2018-08-25,湖北省洪湖农贸市场,2.20,1.50,芋头,湖北,none,2017-11-02,蔬菜,元/斤
华中,1.70,none,2018-08-25,湖北省洪湖农贸市场,2.00,1.50,芋头,湖北,none,2017-11-01,蔬菜,元/斤
华中,1.70,none,2018-08-25,湖北省洪湖农贸市场,2.00,1.50,芋头,湖北,none,2017-10-26,蔬菜,元/斤
华中,1.70,none,2018-08-25,湖北省洪湖农贸市场,2.00,1.50,芋头,湖北,none,2017-10-25,蔬菜,元/斤
华中,1.70,none,2018-08-25,湖北省洪湖农贸市场,2.00,1.50,芋头,湖北,none,2017-10-24,蔬菜,元/斤
华中,1.70,none,2018-08-25,湖北省洪湖农贸市场,2.00,1.50,芋头,湖北,none,2017-10-20,蔬菜,元/斤
华中,1.70,none,2018-08-25,湖北省洪湖农贸市场,2.00,1.50,芋头,湖北,none,2017-10-19,蔬菜,元/斤
华中,1.70,none,2018-08-25,湖北省洪湖农贸市场,2.00,1.50,芋头,湖北,none,2017-10-18,蔬菜,元/斤
华中,1.70,none,2018-08-25,湖北省洪湖农贸市场,2.00,1.50,芋头,湖北,none,2017-10-16,蔬菜,元/斤
华中,1.70,none,2018-08-25,湖北省洪湖农贸市场,2.00,1.50,芋头,湖北,none,2017-10-13,蔬菜,元/斤
华中,1.70,none,2018-08-25,湖北省洪湖农贸市场,2.00,1.50,芋头,湖北,none,2017-10-12,蔬菜,元/斤
华中,1.70,none,2018-08-25,湖北省洪湖农贸市场,2.00,1.50,芋头,湖北,none,2017-10-11,蔬菜,元/斤
华中,2.00,none,2018-08-25,湖北省洪湖农贸市场,2.60,1.80,芋头,湖北,none,2018-01-12,蔬菜,元/斤
华中,2.00,none,2018-08-25,湖北省洪湖农贸市场,2.60,1.80,芋头,湖北,none,2018-01-11,蔬菜,元/斤
华中,2.00,none,2018-08-25,湖北省洪湖农贸市场,2.60,1.80,芋头,湖北,none,2018-01-10,蔬菜,元/斤
华中,2.00,none,2018-08-25,湖北省洪湖农贸市场,2.60,1.80,芋头,湖北,none,2018-01-09,蔬菜,元/斤
华中,1.70,none,2018-08-25,湖北省洪湖农贸市场,2.40,1.50,芋头,湖北,none,2018-01-05,蔬菜,元/斤
华中,1.70,none,2018-08-25,湖北省洪湖农贸市场,2.40,1.50,芋头,湖北,none,2018-01-04,蔬菜,元/斤
华中,1.70,none,2018-08-25,湖北省洪湖农贸市场,2.40,1.50,芋头,湖北,none,2018-01-03,蔬菜,元/斤
华中,1.70,none,2018-08-25,湖北省洪湖农贸市场,2.40,1.50,芋头,湖北,none,2017-12-28,蔬菜,元/斤
华中,1.70,none,2018-08-25,湖北省洪湖农贸市场,2.40,1.50,芋头,湖北,none,2017-12-26,蔬菜,元/斤
华中,1.70,none,2018-08-25,湖北省洪湖农贸市场,2.40,1.50,芋头,湖北,none,2017-12-22,蔬菜,元/斤
华中,1.70,none,2018-08-25,湖北省洪湖农贸市场,2.40,1.50,芋头,湖北,none,2017-12-20,蔬菜,元/斤
华中,1.70,none,2018-08-25,湖北省洪湖农贸市场,2.40,1.50,芋头,湖北,none,2017-12-19,蔬菜,元/斤
华中,1.70,none,2018-08-25,湖北省洪湖农贸市场,2.40,1.50,芋头,湖北,none,2017-12-13,蔬菜,元/斤
华中,1.70,none,2018-08-25,湖北省洪湖农贸市场,2.40,1.50,芋头,湖北,none,2017-12-12,蔬菜,元/斤
华中,1.70,none,2018-08-25,湖北省洪湖农贸市场,2.40,1.50,芋头,湖北,none,2017-12-11,蔬菜,元/斤
华中,1.70,none,2018-08-25,湖北省洪湖农贸市场,2.40,1.50,芋头,湖北,none,2017-12-08,蔬菜,元/斤
华中,1.70,none,2018-08-25,湖北省洪湖农贸市场,2.40,1.50,芋头,湖北,none,2017-12-07,蔬菜,元/斤
华中,1.70,none,2018-08-25,湖北省洪湖农贸市场,2.40,1.50,芋头,湖北,none,2017-12-06,蔬菜,元/斤
华中,1.70,none,2018-08-25,湖北省洪湖农贸市场,2.40,1.50,芋头,湖北,none,2017-12-05,蔬菜,元/斤
华中,1.70,none,2018-08-25,湖北省洪湖农贸市场,2.40,1.50,芋头,湖北,none,2017-12-04,蔬菜,元/斤
华中,1.70,none,2018-08-25,湖北省洪湖农贸市场,2.40,1.50,芋头,湖北,none,2017-12-01,蔬菜,元/斤
华中,1.70,none,2018-08-25,湖北省洪湖农贸市场,2.40,1.50,芋头,湖北,none,2017-11-30,蔬菜,元/斤
华中,1.70,none,2018-08-25,湖北省洪湖农贸市场,2.40,1.50,芋头,湖北,none,2017-11-29,蔬菜,元/斤
华中,1.70,none,2018-08-25,湖北省洪湖农贸市场,2.40,1.50,芋头,湖北,none,2017-11-28,蔬菜,元/斤
华中,1.70,none,2018-08-25,湖北省洪湖农贸市场,2.40,1.50,芋头,湖北,none,2017-11-27,蔬菜,元/斤
华中,2.00,none,2018-08-25,湖北省洪湖农贸市场,2.60,1.80,芋头,湖北,none,2018-03-05,蔬菜,元/斤
华中,2.00,none,2018-08-25,湖北省洪湖农贸市场,2.60,1.80,芋头,湖北,none,2018-03-02,蔬菜,元/斤
华中,2.00,none,2018-08-25,湖北省洪湖农贸市场,2.60,1.80,芋头,湖北,none,2018-02-28,蔬菜,元/斤
华中,2.00,none,2018-08-25,湖北省洪湖农贸市场,2.60,1.80,芋头,湖北,none,2018-02-26,蔬菜,元/斤
华中,2.00,none,2018-08-25,湖北省洪湖农贸市场,2.60,1.80,芋头,湖北,none,2018-02-22,蔬菜,元/斤
华中,2.00,none,2018-08-25,湖北省洪湖农贸市场,2.60,1.80,芋头,湖北,none,2018-02-14,蔬菜,元/斤
华中,2.00,none,2018-08-25,湖北省洪湖农贸市场,2.60,1.80,芋头,湖北,none,2018-02-13,蔬菜,元/斤
华中,2.00,none,2018-08-25,湖北省洪湖农贸市场,2.60,1.80,芋头,湖北,none,2018-02-11,蔬菜,元/斤
华中,2.00,none,2018-08-25,湖北省洪湖农贸市场,2.60,1.80,芋头,湖北,none,2018-02-08,蔬菜,元/斤
华中,2.00,none,2018-08-25,湖北省洪湖农贸市场,2.60,1.80,芋头,湖北,none,2018-02-06,蔬菜,元/斤
华中,2.00,none,2018-08-25,湖北省洪湖农贸市场,2.60,1.80,芋头,湖北,none,2018-02-05,蔬菜,元/斤
华中,2.00,none,2018-08-25,湖北省洪湖农贸市场,2.60,1.80,芋头,湖北,none,2018-02-02,蔬菜,元/斤
华中,2.00,none,2018-08-25,湖北省洪湖农贸市场,2.60,1.80,芋头,湖北,none,2018-02-01,蔬菜,元/斤
华中,2.00,none,2018-08-25,湖北省洪湖农贸市场,2.60,1.80,芋头,湖北,none,2018-01-31,蔬菜,元/斤
华中,2.00,none,2018-08-25,湖北省洪湖农贸市场,2.60,1.80,芋头,湖北,none,2018-01-30,蔬菜,元/斤
华中,2.00,none,2018-08-25,湖北省洪湖农贸市场,2.60,1.80,芋头,湖北,none,2018-01-29,蔬菜,元/斤
华中,2.00,none,2018-08-25,湖北省洪湖农贸市场,2.60,1.80,芋头,湖北,none,2018-01-28,蔬菜,元/斤
华中,2.00,none,2018-08-25,湖北省洪湖农贸市场,2.60,1.80,芋头,湖北,none,2018-01-27,蔬菜,元/斤
华中,2.00,none,2018-08-25,湖北省洪湖农贸市场,2.60,1.80,芋头,湖北,none,2018-01-26,蔬菜,元/斤
华中,2.00,none,2018-08-25,湖北省洪湖农贸市场,2.60,1.80,芋头,湖北,none,2018-01-25,蔬菜,元/斤
华中,2.00,none,2018-08-25,湖北省洪湖农贸市场,2.60,1.80,芋头,湖北,none,2018-01-24,蔬菜,元/斤
华中,2.00,none,2018-08-25,湖北省洪湖农贸市场,2.60,1.80,芋头,湖北,none,2018-01-23,蔬菜,元/斤
华中,2.00,none,2018-08-25,湖北省洪湖农贸市场,2.60,1.80,芋头,湖北,none,2018-01-19,蔬菜,元/斤
华中,2.00,none,2018-08-25,湖北省洪湖农贸市场,2.60,1.80,芋头,湖北,none,2018-01-17,蔬菜,元/斤
华中,2.00,none,2018-08-25,湖北省洪湖农贸市场,2.60,1.80,芋头,湖北,none,2018-01-15,蔬菜,元/斤
华中,1.90,none,2018-08-25,湖北省洪湖农贸市场,2.40,1.50,芋头,湖北,none,2018-04-25,蔬菜,元/斤
华中,1.90,none,2018-08-25,湖北省洪湖农贸市场,2.40,1.50,芋头,湖北,none,2018-04-24,蔬菜,元/斤
华中,1.90,none,2018-08-25,湖北省洪湖农贸市场,2.40,1.50,芋头,湖北,none,2018-04-20,蔬菜,元/斤
华中,1.90,none,2018-08-25,湖北省洪湖农贸市场,2.40,1.50,芋头,湖北,none,2018-04-19,蔬菜,元/斤
华中,1.90,none,2018-08-25,湖北省洪湖农贸市场,2.40,1.50,芋头,湖北,none,2018-04-17,蔬菜,元/斤
华中,1.90,none,2018-08-25,湖北省洪湖农贸市场,2.40,1.50,芋头,湖北,none,2018-04-16,蔬菜,元/斤
华中,2.00,none,2018-08-25,湖北省洪湖农贸市场,2.60,1.80,芋头,湖北,none,2018-04-13,蔬菜,元/斤
华中,2.00,none,2018-08-25,湖北省洪湖农贸市场,2.60,1.80,芋头,湖北,none,2018-04-12,蔬菜,元/斤
华中,2.00,none,2018-08-25,湖北省洪湖农贸市场,2.60,1.80,芋头,湖北,none,2018-04-08,蔬菜,元/斤
华中,2.00,none,2018-08-25,湖北省洪湖农贸市场,2.60,1.80,芋头,湖北,none,2018-03-30,蔬菜,元/斤
华中,2.00,none,2018-08-25,湖北省洪湖农贸市场,2.60,1.80,芋头,湖北,none,2018-03-29,蔬菜,元/斤
华中,2.00,none,2018-08-25,湖北省洪湖农贸市场,2.60,1.80,芋头,湖北,none,2018-03-28,蔬菜,元/斤
华中,2.00,none,2018-08-25,湖北省洪湖农贸市场,2.60,1.80,芋头,湖北,none,2018-03-27,蔬菜,元/斤
华中,2.00,none,2018-08-25,湖北省洪湖农贸市场,2.60,1.80,芋头,湖北,none,2018-03-26,蔬菜,元/斤
华中,2.00,none,2018-08-25,湖北省洪湖农贸市场,2.60,1.80,芋头,湖北,none,2018-03-23,蔬菜,元/斤
华中,2.00,none,2018-08-25,湖北省洪湖农贸市场,2.60,1.80,芋头,湖北,none,2018-03-22,蔬菜,元/斤
华中,2.00,none,2018-08-25,湖北省洪湖农贸市场,2.60,1.80,芋头,湖北,none,2018-03-21,蔬菜,元/斤
华中,2.00,none,2018-08-25,湖北省洪湖农贸市场,2.60,1.80,芋头,湖北,none,2018-03-19,蔬菜,元/斤
华中,2.00,none,2018-08-25,湖北省洪湖农贸市场,2.60,1.80,芋头,湖北,none,2018-03-15,蔬菜,元/斤
华中,2.00,none,2018-08-25,湖北省洪湖农贸市场,2.60,1.80,芋头,湖北,none,2018-03-14,蔬菜,元/斤
华中,2.00,none,2018-08-25,湖北省洪湖农贸市场,2.60,1.80,芋头,湖北,none,2018-03-13,蔬菜,元/斤
华中,2.00,none,2018-08-25,湖北省洪湖农贸市场,2.60,1.80,芋头,湖北,none,2018-03-12,蔬菜,元/斤
华中,2.00,none,2018-08-25,湖北省洪湖农贸市场,2.60,1.80,芋头,湖北,none,2018-03-09,蔬菜,元/斤
华中,2.00,none,2018-08-25,湖北省洪湖农贸市场,2.60,1.80,芋头,湖北,none,2018-03-08,蔬菜,元/斤
华中,2.00,none,2018-08-25,湖北省洪湖农贸市场,2.60,1.80,芋头,湖北,none,2018-03-06,蔬菜,元/斤
华中,3.80,none,2018-08-25,湖北省洪湖农贸市场,4.00,3.60,小葱,湖北,none,2018-08-13,蔬菜,元/斤
华中,3.80,none,2018-08-25,湖北省洪湖农贸市场,4.00,3.60,小葱,湖北,none,2018-08-09,蔬菜,元/斤
华中,3.80,none,2018-08-25,湖北省洪湖农贸市场,4.00,3.60,小葱,湖北,none,2018-08-08,蔬菜,元/斤
华中,3.80,none,2018-08-25,湖北省洪湖农贸市场,4.00,3.60,小葱,湖北,none,2018-08-06,蔬菜,元/斤
华中,3.80,none,2018-08-25,湖北省洪湖农贸市场,4.00,3.60,小葱,湖北,none,2018-08-03,蔬菜,元/斤
华中,3.80,none,2018-08-25,湖北省洪湖农贸市场,4.00,3.60,小葱,湖北,none,2018-08-02,蔬菜,元/斤
华中,3.80,none,2018-08-25,湖北省洪湖农贸市场,4.00,3.60,小葱,湖北,none,2018-08-01,蔬菜,元/斤
华中,3.80,none,2018-08-25,湖北省洪湖农贸市场,4.00,3.60,小葱,湖北,none,2018-07-31,蔬菜,元/斤
华中,3.80,none,2018-08-25,湖北省洪湖农贸市场,4.00,3.60,小葱,湖北,none,2018-07-07,蔬菜,元/斤
华中,3.80,none,2018-08-25,湖北省洪湖农贸市场,4.00,3.60,小葱,湖北,none,2018-07-01,蔬菜,元/斤
华中,4.00,none,2018-08-25,湖北省洪湖农贸市场,4.40,3.60,小葱,湖北,none,2018-06-03,蔬菜,元/斤
华中,4.00,none,2018-08-25,湖北省洪湖农贸市场,4.40,3.60,小葱,湖北,none,2018-05-29,蔬菜,元/斤
华中,4.00,none,2018-08-25,湖北省洪湖农贸市场,4.40,3.60,小葱,湖北,none,2018-05-25,蔬菜,元/斤
华中,4.00,none,2018-08-25,湖北省洪湖农贸市场,4.40,3.60,小葱,湖北,none,2018-05-24,蔬菜,元/斤
华中,4.00,none,2018-08-25,湖北省洪湖农贸市场,4.40,3.60,小葱,湖北,none,2018-05-23,蔬菜,元/斤
华中,4.00,none,2018-08-25,湖北省洪湖农贸市场,4.40,3.60,小葱,湖北,none,2018-05-22,蔬菜,元/斤
华中,4.00,none,2018-08-25,湖北省洪湖农贸市场,4.40,3.60,小葱,湖北,none,2018-05-16,蔬菜,元/斤
华中,3.80,none,2018-08-25,湖北省洪湖农贸市场,4.30,3.30,小葱,湖北,none,2018-05-15,蔬菜,元/斤
华中,3.50,none,2018-08-25,湖北省洪湖农贸市场,4.00,3.00,小葱,湖北,none,2018-05-14,蔬菜,元/斤
华中,2.60,none,2018-08-25,湖北省洪湖农贸市场,3.00,2.10,小葱,湖北,none,2018-05-08,蔬菜,元/斤
华中,2.60,none,2018-08-25,湖北省洪湖农贸市场,3.00,2.10,小葱,湖北,none,2018-05-07,蔬菜,元/斤
华中,2.60,none,2018-08-25,湖北省洪湖农贸市场,3.00,2.10,小葱,湖北,none,2018-05-03,蔬菜,元/斤
华中,2.60,none,2018-08-25,湖北省洪湖农贸市场,3.00,2.10,小葱,湖北,none,2018-05-02,蔬菜,元/斤
华中,2.60,none,2018-08-25,湖北省洪湖农贸市场,3.00,2.10,小葱,湖北,none,2018-04-28,蔬菜,元/斤
华中,2.60,none,2018-08-25,湖北省洪湖农贸市场,3.00,2.10,小葱,湖北,none,2018-04-27,蔬菜,元/斤
华中,0.70,none,2018-08-25,湖北省洪湖农贸市场,0.80,0.50,葱头,湖北,none,2018-08-13,蔬菜,元/斤
华中,0.70,none,2018-08-25,湖北省洪湖农贸市场,0.80,0.50,葱头,湖北,none,2018-08-09,蔬菜,元/斤
华中,0.70,none,2018-08-25,湖北省洪湖农贸市场,0.80,0.50,葱头,湖北,none,2018-08-08,蔬菜,元/斤
华中,0.70,none,2018-08-25,湖北省洪湖农贸市场,0.80,0.50,葱头,湖北,none,2018-08-06,蔬菜,元/斤
华中,0.70,none,2018-08-25,湖北省洪湖农贸市场,0.80,0.50,葱头,湖北,none,2018-08-03,蔬菜,元/斤
华中,0.70,none,2018-08-25,湖北省洪湖农贸市场,0.80,0.50,葱头,湖北,none,2018-08-02,蔬菜,元/斤
华中,0.70,none,2018-08-25,湖北省洪湖农贸市场,0.80,0.50,葱头,湖北,none,2018-08-01,蔬菜,元/斤
华中,0.70,none,2018-08-25,湖北省洪湖农贸市场,0.80,0.50,葱头,湖北,none,2018-07-31,蔬菜,元/斤
华中,0.70,none,2018-08-25,湖北省洪湖农贸市场,0.80,0.50,葱头,湖北,none,2018-07-07,蔬菜,元/斤
华中,0.70,none,2018-08-25,湖北省洪湖农贸市场,0.80,0.50,葱头,湖北,none,2018-07-01,蔬菜,元/斤
华中,0.90,none,2018-08-25,湖北省洪湖农贸市场,1.10,0.80,葱头,湖北,none,2018-06-03,蔬菜,元/斤
华中,0.90,none,2018-08-25,湖北省洪湖农贸市场,1.10,0.80,葱头,湖北,none,2018-05-29,蔬菜,元/斤
华中,0.90,none,2018-08-25,湖北省洪湖农贸市场,1.10,0.80,葱头,湖北,none,2018-05-25,蔬菜,元/斤
华中,0.90,none,2018-08-25,湖北省洪湖农贸市场,1.10,0.80,葱头,湖北,none,2018-05-24,蔬菜,元/斤
华中,0.90,none,2018-08-25,湖北省洪湖农贸市场,1.10,0.80,葱头,湖北,none,2018-05-23,蔬菜,元/斤
华中,0.90,none,2018-08-25,湖北省洪湖农贸市场,1.10,0.80,葱头,湖北,none,2018-05-22,蔬菜,元/斤
华中,0.90,none,2018-08-25,湖北省洪湖农贸市场,1.10,0.80,葱头,湖北,none,2018-05-16,蔬菜,元/斤
华中,0.90,none,2018-08-25,湖北省洪湖农贸市场,1.10,0.80,葱头,湖北,none,2018-05-15,蔬菜,元/斤
华中,0.90,none,2018-08-25,湖北省洪湖农贸市场,1.10,0.80,葱头,湖北,none,2018-05-14,蔬菜,元/斤
华中,0.90,none,2018-08-25,湖北省洪湖农贸市场,1.10,0.80,葱头,湖北,none,2018-05-08,蔬菜,元/斤
华中,0.90,none,2018-08-25,湖北省洪湖农贸市场,1.10,0.80,葱头,湖北,none,2018-05-03,蔬菜,元/斤
华中,0.90,none,2018-08-25,湖北省洪湖农贸市场,1.10,0.80,葱头,湖北,none,2018-05-02,蔬菜,元/斤
华中,0.90,none,2018-08-25,湖北省洪湖农贸市场,1.10,0.80,葱头,湖北,none,2018-04-28,蔬菜,元/斤
华中,0.90,none,2018-08-25,湖北省洪湖农贸市场,1.10,0.80,葱头,湖北,none,2018-04-27,蔬菜,元/斤
华中,0.90,none,2018-08-25,湖北省洪湖农贸市场,1.10,0.80,葱头,湖北,none,2018-04-26,蔬菜,元/斤
华中,1.30,none,2018-08-25,湖北省洪湖农贸市场,1.60,0.90,胡萝卜,湖北,none,2018-08-13,蔬菜,元/斤
华中,1.10,none,2018-08-25,湖北省洪湖农贸市场,1.40,0.80,胡萝卜,湖北,none,2018-08-09,蔬菜,元/斤
华中,1.10,none,2018-08-25,湖北省洪湖农贸市场,1.40,0.80,胡萝卜,湖北,none,2018-08-08,蔬菜,元/斤
华中,1.10,none,2018-08-25,湖北省洪湖农贸市场,1.40,0.80,胡萝卜,湖北,none,2018-08-06,蔬菜,元/斤
华中,1.10,none,2018-08-25,湖北省洪湖农贸市场,1.40,0.80,胡萝卜,湖北,none,2018-08-03,蔬菜,元/斤
华中,1.10,none,2018-08-25,湖北省洪湖农贸市场,1.40,0.80,胡萝卜,湖北,none,2018-08-02,蔬菜,元/斤
华中,1.10,none,2018-08-25,湖北省洪湖农贸市场,1.40,0.80,胡萝卜,湖北,none,2018-07-31,蔬菜,元/斤
华中,1.20,none,2018-08-25,湖北省洪湖农贸市场,1.50,0.80,胡萝卜,湖北,none,2018-07-07,蔬菜,元/斤
华中,1.50,none,2018-08-25,湖北省洪湖农贸市场,1.80,0.90,胡萝卜,湖北,none,2018-07-01,蔬菜,元/斤
华中,1.50,none,2018-08-25,湖北省洪湖农贸市场,2.00,1.10,胡萝卜,湖北,none,2018-06-03,蔬菜,元/斤
华中,1.50,none,2018-08-25,湖北省洪湖农贸市场,2.00,1.10,胡萝卜,湖北,none,2018-05-29,蔬菜,元/斤
华中,1.50,none,2018-08-25,湖北省洪湖农贸市场,1.80,1.10,胡萝卜,湖北,none,2018-05-25,蔬菜,元/斤
华中,1.50,none,2018-08-25,湖北省洪湖农贸市场,1.80,1.10,胡萝卜,湖北,none,2018-05-24,蔬菜,元/斤
华中,1.50,none,2018-08-25,湖北省洪湖农贸市场,1.80,1.10,胡萝卜,湖北,none,2018-05-23,蔬菜,元/斤
华中,1.50,none,2018-08-25,湖北省洪湖农贸市场,1.80,1.10,胡萝卜,湖北,none,2018-05-22,蔬菜,元/斤
华中,1.50,none,2018-08-25,湖北省洪湖农贸市场,1.80,1.10,胡萝卜,湖北,none,2018-05-16,蔬菜,元/斤
华中,1.50,none,2018-08-25,湖北省洪湖农贸市场,1.80,1.10,胡萝卜,湖北,none,2018-05-15,蔬菜,元/斤
华中,1.50,none,2018-08-25,湖北省洪湖农贸市场,1.80,1.10,胡萝卜,湖北,none,2018-05-14,蔬菜,元/斤
华中,1.30,none,2018-08-25,湖北省洪湖农贸市场,1.50,1.00,胡萝卜,湖北,none,2018-05-08,蔬菜,元/斤
华中,1.30,none,2018-08-25,湖北省洪湖农贸市场,1.50,1.00,胡萝卜,湖北,none,2018-05-03,蔬菜,元/斤
华中,1.30,none,2018-08-25,湖北省洪湖农贸市场,1.50,1.00,胡萝卜,湖北,none,2018-05-02,蔬菜,元/斤
华中,1.30,none,2018-08-25,湖北省洪湖农贸市场,1.50,1.00,胡萝卜,湖北,none,2018-04-28,蔬菜,元/斤
华中,1.30,none,2018-08-25,湖北省洪湖农贸市场,1.50,1.00,胡萝卜,湖北,none,2018-04-27,蔬菜,元/斤
华中,1.30,none,2018-08-25,湖北省洪湖农贸市场,1.50,1.00,胡萝卜,湖北,none,2018-04-26,蔬菜,元/斤
华中,1.30,none,2018-08-25,湖北省洪湖农贸市场,1.50,1.00,胡萝卜,湖北,none,2018-04-25,蔬菜,元/斤
华中,0.70,none,2018-08-25,湖北省洪湖农贸市场,0.80,0.60,洋白菜,湖北,none,2018-08-17,蔬菜,元/斤
华中,0.70,none,2018-08-25,湖北省洪湖农贸市场,0.80,0.60,洋白菜,湖北,none,2018-08-16,蔬菜,元/斤
华中,0.70,none,2018-08-25,湖北省洪湖农贸市场,0.80,0.60,洋白菜,湖北,none,2018-08-13,蔬菜,元/斤
华中,0.70,none,2018-08-25,湖北省洪湖农贸市场,0.80,0.60,洋白菜,湖北,none,2018-08-09,蔬菜,元/斤
华中,0.70,none,2018-08-25,湖北省洪湖农贸市场,0.80,0.60,洋白菜,湖北,none,2018-08-08,蔬菜,元/斤
华中,0.70,none,2018-08-25,湖北省洪湖农贸市场,0.80,0.60,洋白菜,湖北,none,2018-08-06,蔬菜,元/斤
华中,0.70,none,2018-08-25,湖北省洪湖农贸市场,0.80,0.60,洋白菜,湖北,none,2018-08-03,蔬菜,元/斤
华中,0.70,none,2018-08-25,湖北省洪湖农贸市场,0.80,0.60,洋白菜,湖北,none,2018-08-02,蔬菜,元/斤
华中,0.70,none,2018-08-25,湖北省洪湖农贸市场,0.80,0.60,洋白菜,湖北,none,2018-08-01,蔬菜,元/斤
华中,0.70,none,2018-08-25,湖北省洪湖农贸市场,0.80,0.60,洋白菜,湖北,none,2018-07-31,蔬菜,元/斤
华中,0.70,none,2018-08-25,湖北省洪湖农贸市场,0.80,0.60,洋白菜,湖北,none,2018-07-07,蔬菜,元/斤
华中,0.70,none,2018-08-25,湖北省洪湖农贸市场,0.80,0.60,洋白菜,湖北,none,2018-07-01,蔬菜,元/斤
华中,0.50,none,2018-08-25,湖北省洪湖农贸市场,0.55,0.35,洋白菜,湖北,none,2018-06-03,蔬菜,元/斤
华中,0.50,none,2018-08-25,湖北省洪湖农贸市场,0.55,0.35,洋白菜,湖北,none,2018-05-31,蔬菜,元/斤
华中,0.50,none,2018-08-25,湖北省洪湖农贸市场,0.55,0.35,洋白菜,湖北,none,2018-05-29,蔬菜,元/斤
华中,0.50,none,2018-08-25,湖北省洪湖农贸市场,0.55,0.35,洋白菜,湖北,none,2018-05-25,蔬菜,元/斤
华中,0.50,none,2018-08-25,湖北省洪湖农贸市场,0.55,0.35,洋白菜,湖北,none,2018-05-24,蔬菜,元/斤
华中,0.50,none,2018-08-25,湖北省洪湖农贸市场,0.55,0.35,洋白菜,湖北,none,2018-05-23,蔬菜,元/斤
华中,0.50,none,2018-08-25,湖北省洪湖农贸市场,0.55,0.35,洋白菜,湖北,none,2018-05-22,蔬菜,元/斤
华中,0.50,none,2018-08-25,湖北省洪湖农贸市场,0.55,0.35,洋白菜,湖北,none,2018-05-16,蔬菜,元/斤
华中,0.50,none,2018-08-25,湖北省洪湖农贸市场,0.55,0.35,洋白菜,湖北,none,2018-05-15,蔬菜,元/斤
华中,0.50,none,2018-08-25,湖北省洪湖农贸市场,0.55,0.35,洋白菜,湖北,none,2018-05-14,蔬菜,元/斤
华中,0.50,none,2018-08-25,湖北省洪湖农贸市场,0.55,0.35,洋白菜,湖北,none,2018-05-08,蔬菜,元/斤
华中,0.50,none,2018-08-25,湖北省洪湖农贸市场,0.55,0.35,洋白菜,湖北,none,2018-05-07,蔬菜,元/斤
华中,0.50,none,2018-08-25,湖北省洪湖农贸市场,0.55,0.35,洋白菜,湖北,none,2018-05-04,蔬菜,元/斤
华中,1.40,none,2018-08-25,湖北省洪湖农贸市场,1.60,1.30,蒜薹,湖北,none,2018-08-13,蔬菜,元/斤
华中,1.40,none,2018-08-25,湖北省洪湖农贸市场,1.60,1.30,蒜薹,湖北,none,2018-08-08,蔬菜,元/斤
华中,1.40,none,2018-08-25,湖北省洪湖农贸市场,1.60,1.30,蒜薹,湖北,none,2018-08-06,蔬菜,元/斤
华中,1.40,none,2018-08-25,湖北省洪湖农贸市场,1.60,1.30,蒜薹,湖北,none,2018-08-03,蔬菜,元/斤
华中,1.40,none,2018-08-25,湖北省洪湖农贸市场,1.60,1.30,蒜薹,湖北,none,2018-08-02,蔬菜,元/斤
华中,1.40,none,2018-08-25,湖北省洪湖农贸市场,1.60,1.30,蒜薹,湖北,none,2018-08-01,蔬菜,元/斤
华中,1.40,none,2018-08-25,湖北省洪湖农贸市场,1.60,1.30,蒜薹,湖北,none,2018-07-31,蔬菜,元/斤
华中,2.50,none,2018-08-25,湖北省洪湖农贸市场,3.00,2.00,蒜薹,湖北,none,2018-07-07,蔬菜,元/斤
华中,2.50,none,2018-08-25,湖北省洪湖农贸市场,3.00,2.00,蒜薹,湖北,none,2018-07-01,蔬菜,元/斤
华中,1.70,none,2018-08-25,湖北省洪湖农贸市场,2.00,1.50,蒜薹,湖北,none,2018-06-03,蔬菜,元/斤
华中,1.70,none,2018-08-25,湖北省洪湖农贸市场,2.00,1.50,蒜薹,湖北,none,2018-05-29,蔬菜,元/斤
华中,1.70,none,2018-08-25,湖北省洪湖农贸市场,2.00,1.50,蒜薹,湖北,none,2018-05-25,蔬菜,元/斤
华中,1.70,none,2018-08-25,湖北省洪湖农贸市场,2.00,1.50,蒜薹,湖北,none,2018-05-24,蔬菜,元/斤
华中,1.70,none,2018-08-25,湖北省洪湖农贸市场,2.00,1.50,蒜薹,湖北,none,2018-05-23,蔬菜,元/斤
华中,1.70,none,2018-08-25,湖北省洪湖农贸市场,2.00,1.50,蒜薹,湖北,none,2018-05-22,蔬菜,元/斤
华中,1.70,none,2018-08-25,湖北省洪湖农贸市场,2.00,1.50,蒜薹,湖北,none,2018-05-16,蔬菜,元/斤
华中,2.10,none,2018-08-25,湖北省洪湖农贸市场,2.30,1.90,蒜薹,湖北,none,2018-05-08,蔬菜,元/斤
华中,2.40,none,2018-08-25,湖北省洪湖农贸市场,2.60,2.20,蒜薹,湖北,none,2018-05-03,蔬菜,元/斤
华中,2.40,none,2018-08-25,湖北省洪湖农贸市场,2.60,2.20,蒜薹,湖北,none,2018-05-02,蔬菜,元/斤
华中,2.40,none,2018-08-25,湖北省洪湖农贸市场,2.60,2.20,蒜薹,湖北,none,2018-04-28,蔬菜,元/斤
华中,2.40,none,2018-08-25,湖北省洪湖农贸市场,2.60,2.20,蒜薹,湖北,none,2018-04-27,蔬菜,元/斤
华中,2.40,none,2018-08-25,湖北省洪湖农贸市场,2.60,2.20,蒜薹,湖北,none,2018-04-26,蔬菜,元/斤
华中,2.40,none,2018-08-25,湖北省洪湖农贸市场,2.60,2.20,蒜薹,湖北,none,2018-04-25,蔬菜,元/斤
华中,2.40,none,2018-08-25,湖北省洪湖农贸市场,2.60,2.20,蒜薹,湖北,none,2018-04-24,蔬菜,元/斤
华中,2.40,none,2018-08-25,湖北省洪湖农贸市场,2.60,2.20,蒜薹,湖北,none,2018-04-20,蔬菜,元/斤
华中,0.52,none,2018-08-25,湖北省洪湖农贸市场,0.82,0.42,莴笋,湖北,none,2017-07-03,蔬菜,元/斤
华中,0.52,none,2018-08-25,湖北省洪湖农贸市场,0.82,0.42,莴笋,湖北,none,2017-06-30,蔬菜,元/斤
华中,0.52,none,2018-08-25,湖北省洪湖农贸市场,0.82,0.42,莴笋,湖北,none,2017-06-29,蔬菜,元/斤
华中,0.52,none,2018-08-25,湖北省洪湖农贸市场,0.82,0.42,莴笋,湖北,none,2017-06-27,蔬菜,元/斤
华中,0.52,none,2018-08-25,湖北省洪湖农贸市场,0.82,0.42,莴笋,湖北,none,2017-06-23,蔬菜,元/斤
华中,0.52,none,2018-08-25,湖北省洪湖农贸市场,0.82,0.42,莴笋,湖北,none,2017-06-21,蔬菜,元/斤
华中,0.52,none,2018-08-25,湖北省洪湖农贸市场,0.82,0.42,莴笋,湖北,none,2017-06-20,蔬菜,元/斤
华中,0.52,none,2018-08-25,湖北省洪湖农贸市场,0.82,0.42,莴笋,湖北,none,2017-06-15,蔬菜,元/斤
华中,0.52,none,2018-08-25,湖北省洪湖农贸市场,0.82,0.42,莴笋,湖北,none,2017-06-13,蔬菜,元/斤
华中,0.52,none,2018-08-25,湖北省洪湖农贸市场,0.82,0.42,莴笋,湖北,none,2017-06-12,蔬菜,元/斤
华中,0.52,none,2018-08-25,湖北省洪湖农贸市场,0.82,0.42,莴笋,湖北,none,2017-06-08,蔬菜,元/斤
华中,0.52,none,2018-08-25,湖北省洪湖农贸市场,0.82,0.42,莴笋,湖北,none,2017-06-05,蔬菜,元/斤
华中,0.52,none,2018-08-25,湖北省洪湖农贸市场,0.82,0.42,莴笋,湖北,none,2017-06-01,蔬菜,元/斤
华中,0.52,none,2018-08-25,湖北省洪湖农贸市场,0.82,0.42,莴笋,湖北,none,2017-05-31,蔬菜,元/斤
华中,0.52,none,2018-08-25,湖北省洪湖农贸市场,0.82,0.42,莴笋,湖北,none,2017-05-24,蔬菜,元/斤
华中,0.52,none,2018-08-25,湖北省洪湖农贸市场,0.82,0.42,莴笋,湖北,none,2017-05-23,蔬菜,元/斤
华中,0.52,none,2018-08-25,湖北省洪湖农贸市场,0.82,0.42,莴笋,湖北,none,2017-05-22,蔬菜,元/斤
华中,0.52,none,2018-08-25,湖北省洪湖农贸市场,0.82,0.42,莴笋,湖北,none,2017-05-17,蔬菜,元/斤
华中,0.52,none,2018-08-25,湖北省洪湖农贸市场,0.82,0.42,莴笋,湖北,none,2017-05-15,蔬菜,元/斤
华中,0.52,none,2018-08-25,湖北省洪湖农贸市场,0.82,0.42,莴笋,湖北,none,2017-05-12,蔬菜,元/斤
华中,0.52,none,2018-08-25,湖北省洪湖农贸市场,0.82,0.42,莴笋,湖北,none,2017-05-10,蔬菜,元/斤
华中,0.52,none,2018-08-25,湖北省洪湖农贸市场,0.82,0.42,莴笋,湖北,none,2017-05-09,蔬菜,元/斤
华中,0.52,none,2018-08-25,湖北省洪湖农贸市场,0.82,0.42,莴笋,湖北,none,2017-05-08,蔬菜,元/斤
华中,0.52,none,2018-08-25,湖北省洪湖农贸市场,0.72,0.42,莴笋,湖北,none,2017-05-05,蔬菜,元/斤
华中,0.52,none,2018-08-25,湖北省洪湖农贸市场,0.72,0.42,莴笋,湖北,none,2017-05-04,蔬菜,元/斤
华中,2.10,none,2018-08-25,湖北省洪湖农贸市场,2.40,1.90,豇豆,湖北,none,2018-08-08,蔬菜,元/斤
华中,2.10,none,2018-08-25,湖北省洪湖农贸市场,2.40,1.90,豇豆,湖北,none,2018-08-06,蔬菜,元/斤
华中,1.80,none,2018-08-25,湖北省洪湖农贸市场,2.00,1.50,豇豆,湖北,none,2018-08-03,蔬菜,元/斤
华中,1.80,none,2018-08-25,湖北省洪湖农贸市场,2.00,1.50,豇豆,湖北,none,2018-08-02,蔬菜,元/斤
华中,1.80,none,2018-08-25,湖北省洪湖农贸市场,2.00,1.50,豇豆,湖北,none,2018-08-01,蔬菜,元/斤
华中,1.80,none,2018-08-25,湖北省洪湖农贸市场,2.00,1.50,豇豆,湖北,none,2018-07-31,蔬菜,元/斤
华中,2.10,none,2018-08-25,湖北省洪湖农贸市场,2.30,1.90,豇豆,湖北,none,2018-06-03,蔬菜,元/斤
华中,2.30,none,2018-08-25,湖北省洪湖农贸市场,2.50,2.00,豇豆,湖北,none,2018-05-29,蔬菜,元/斤
华中,2.50,none,2018-08-25,湖北省洪湖农贸市场,2.80,2.00,豇豆,湖北,none,2018-05-25,蔬菜,元/斤
华中,2.50,none,2018-08-25,湖北省洪湖农贸市场,2.80,2.00,豇豆,湖北,none,2018-05-24,蔬菜,元/斤
华中,2.50,none,2018-08-25,湖北省洪湖农贸市场,2.80,2.00,豇豆,湖北,none,2018-05-16,蔬菜,元/斤
华中,2.50,none,2018-08-25,湖北省洪湖农贸市场,2.80,2.00,豇豆,湖北,none,2018-05-08,蔬菜,元/斤
华中,2.50,none,2018-08-25,湖北省洪湖农贸市场,2.80,2.00,豇豆,湖北,none,2018-05-03,蔬菜,元/斤
华中,2.50,none,2018-08-25,湖北省洪湖农贸市场,2.80,2.00,豇豆,湖北,none,2018-05-02,蔬菜,元/斤
华中,3.50,none,2018-08-25,湖北省洪湖农贸市场,3.80,3.30,豇豆,湖北,none,2018-04-28,蔬菜,元/斤
华中,3.50,none,2018-08-25,湖北省洪湖农贸市场,3.80,3.30,豇豆,湖北,none,2018-04-27,蔬菜,元/斤
华中,3.50,none,2018-08-25,湖北省洪湖农贸市场,3.80,3.30,豇豆,湖北,none,2018-04-26,蔬菜,元/斤
华中,3.50,none,2018-08-25,湖北省洪湖农贸市场,3.80,3.30,豇豆,湖北,none,2018-04-25,蔬菜,元/斤
华中,3.50,none,2018-08-25,湖北省洪湖农贸市场,3.80,3.30,豇豆,湖北,none,2018-04-24,蔬菜,元/斤
华中,3.50,none,2018-08-25,湖北省洪湖农贸市场,3.80,3.30,豇豆,湖北,none,2018-04-20,蔬菜,元/斤
华中,3.50,none,2018-08-25,湖北省洪湖农贸市场,3.80,3.30,豇豆,湖北,none,2018-04-19,蔬菜,元/斤
华中,3.25,none,2018-08-25,湖北省洪湖农贸市场,3.50,3.00,豇豆,湖北,none,2018-04-16,蔬菜,元/斤
华中,2.60,none,2018-08-25,湖北省洪湖农贸市场,2.80,2.40,豇豆,湖北,none,2018-04-13,蔬菜,元/斤
华中,2.80,none,2018-08-25,湖北省洪湖农贸市场,3.00,2.60,豇豆,湖北,none,2018-04-12,蔬菜,元/斤
华中,3.00,none,2018-08-25,湖北省洪湖农贸市场,3.20,2.80,豇豆,湖北,none,2018-04-08,蔬菜,元/斤
华中,1.10,none,2018-08-25,湖北省洪湖农贸市场,1.30,0.90,黄豆芽,湖北,none,2018-08-08,蔬菜,元/斤
华中,1.10,none,2018-08-25,湖北省洪湖农贸市场,1.30,0.90,黄豆芽,湖北,none,2018-08-06,蔬菜,元/斤
华中,1.10,none,2018-08-25,湖北省洪湖农贸市场,1.30,0.90,黄豆芽,湖北,none,2018-08-03,蔬菜,元/斤
华中,1.10,none,2018-08-25,湖北省洪湖农贸市场,1.30,0.90,黄豆芽,湖北,none,2018-08-02,蔬菜,元/斤
华中,1.10,none,2018-08-25,湖北省洪湖农贸市场,1.30,0.90,黄豆芽,湖北,none,2018-08-01,蔬菜,元/斤
华中,1.10,none,2018-08-25,湖北省洪湖农贸市场,1.30,0.90,黄豆芽,湖北,none,2018-07-31,蔬菜,元/斤
华中,1.10,none,2018-08-25,湖北省洪湖农贸市场,1.30,0.90,黄豆芽,湖北,none,2018-07-07,蔬菜,元/斤
华中,1.10,none,2018-08-25,湖北省洪湖农贸市场,1.30,0.90,黄豆芽,湖北,none,2018-07-01,蔬菜,元/斤
华中,1.10,none,2018-08-25,湖北省洪湖农贸市场,1.30,0.90,黄豆芽,湖北,none,2018-06-03,蔬菜,元/斤
华中,1.10,none,2018-08-25,湖北省洪湖农贸市场,1.30,0.90,黄豆芽,湖北,none,2018-05-29,蔬菜,元/斤
华中,1.10,none,2018-08-25,湖北省洪湖农贸市场,1.30,0.90,黄豆芽,湖北,none,2018-05-25,蔬菜,元/斤
华中,1.10,none,2018-08-25,湖北省洪湖农贸市场,1.30,0.90,黄豆芽,湖北,none,2018-05-24,蔬菜,元/斤
华中,1.10,none,2018-08-25,湖北省洪湖农贸市场,1.30,0.90,黄豆芽,湖北,none,2018-05-23,蔬菜,元/斤
华中,1.10,none,2018-08-25,湖北省洪湖农贸市场,1.30,0.90,黄豆芽,湖北,none,2018-05-22,蔬菜,元/斤
华中,1.10,none,2018-08-25,湖北省洪湖农贸市场,1.30,0.90,黄豆芽,湖北,none,2018-05-16,蔬菜,元/斤
华中,1.10,none,2018-08-25,湖北省洪湖农贸市场,1.30,0.90,黄豆芽,湖北,none,2018-05-08,蔬菜,元/斤
华中,1.10,none,2018-08-25,湖北省洪湖农贸市场,1.30,0.90,黄豆芽,湖北,none,2018-05-03,蔬菜,元/斤
华中,1.10,none,2018-08-25,湖北省洪湖农贸市场,1.30,0.90,黄豆芽,湖北,none,2018-05-02,蔬菜,元/斤
华中,1.10,none,2018-08-25,湖北省洪湖农贸市场,1.30,0.90,黄豆芽,湖北,none,2018-04-28,蔬菜,元/斤
华中,1.10,none,2018-08-25,湖北省洪湖农贸市场,1.30,0.90,黄豆芽,湖北,none,2018-04-27,蔬菜,元/斤
华中,1.10,none,2018-08-25,湖北省洪湖农贸市场,1.30,0.90,黄豆芽,湖北,none,2018-04-26,蔬菜,元/斤
华中,1.10,none,2018-08-25,湖北省洪湖农贸市场,1.30,0.90,黄豆芽,湖北,none,2018-04-25,蔬菜,元/斤
华中,1.10,none,2018-08-25,湖北省洪湖农贸市场,1.30,0.90,黄豆芽,湖北,none,2018-04-24,蔬菜,元/斤
华中,1.10,none,2018-08-25,湖北省洪湖农贸市场,1.30,0.90,黄豆芽,湖北,none,2018-04-20,蔬菜,元/斤
华中,1.10,none,2018-08-25,湖北省洪湖农贸市场,1.30,0.90,黄豆芽,湖北,none,2018-04-19,蔬菜,元/斤
华中,2.00,none,2018-08-25,湖北省洪湖农贸市场,2.30,1.60,红椒,湖北,none,2018-08-08,蔬菜,元/斤
华中,2.00,none,2018-08-25,湖北省洪湖农贸市场,2.30,1.60,红椒,湖北,none,2018-08-06,蔬菜,元/斤
华中,2.60,none,2018-08-25,湖北省洪湖农贸市场,3.10,2.10,红椒,湖北,none,2018-08-03,蔬菜,元/斤
华中,2.60,none,2018-08-25,湖北省洪湖农贸市场,3.10,2.10,红椒,湖北,none,2018-08-02,蔬菜,元/斤
华中,2.60,none,2018-08-25,湖北省洪湖农贸市场,3.10,2.10,红椒,湖北,none,2018-08-01,蔬菜,元/斤
华中,2.60,none,2018-08-25,湖北省洪湖农贸市场,3.10,2.10,红椒,湖北,none,2018-07-31,蔬菜,元/斤
华中,1.80,none,2018-08-25,湖北省洪湖农贸市场,2.30,1.30,红椒,湖北,none,2018-07-07,蔬菜,元/斤
华中,1.80,none,2018-08-25,湖北省洪湖农贸市场,2.30,1.30,红椒,湖北,none,2018-07-01,蔬菜,元/斤
华中,2.50,none,2018-08-25,湖北省洪湖农贸市场,2.70,2.00,红椒,湖北,none,2018-06-03,蔬菜,元/斤
华中,2.50,none,2018-08-25,湖北省洪湖农贸市场,3.00,2.00,红椒,湖北,none,2018-05-29,蔬菜,元/斤
华中,3.70,none,2018-08-25,湖北省洪湖农贸市场,4.20,3.20,红椒,湖北,none,2018-05-25,蔬菜,元/斤
华中,3.70,none,2018-08-25,湖北省洪湖农贸市场,4.20,3.20,红椒,湖北,none,2018-05-24,蔬菜,元/斤
华中,3.90,none,2018-08-25,湖北省洪湖农贸市场,4.30,3.40,红椒,湖北,none,2018-05-16,蔬菜,元/斤
华中,3.30,none,2018-08-25,湖北省洪湖农贸市场,3.80,2.80,红椒,湖北,none,2018-05-08,蔬菜,元/斤
华中,3.30,none,2018-08-25,湖北省洪湖农贸市场,3.80,2.80,红椒,湖北,none,2018-05-03,蔬菜,元/斤
华中,3.30,none,2018-08-25,湖北省洪湖农贸市场,3.80,2.80,红椒,湖北,none,2018-05-02,蔬菜,元/斤
华中,3.30,none,2018-08-25,湖北省洪湖农贸市场,3.80,2.80,红椒,湖北,none,2018-04-28,蔬菜,元/斤
华中,3.30,none,2018-08-25,湖北省洪湖农贸市场,3.80,2.80,红椒,湖北,none,2018-04-27,蔬菜,元/斤
华中,3.30,none,2018-08-25,湖北省洪湖农贸市场,3.80,2.80,红椒,湖北,none,2018-04-26,蔬菜,元/斤
华中,3.30,none,2018-08-25,湖北省洪湖农贸市场,3.80,2.80,红椒,湖北,none,2018-04-25,蔬菜,元/斤
华中,3.30,none,2018-08-25,湖北省洪湖农贸市场,3.80,2.80,红椒,湖北,none,2018-04-24,蔬菜,元/斤
华中,3.30,none,2018-08-25,湖北省洪湖农贸市场,3.80,2.80,红椒,湖北,none,2018-04-20,蔬菜,元/斤
华中,3.30,none,2018-08-25,湖北省洪湖农贸市场,3.80,2.80,红椒,湖北,none,2018-04-19,蔬菜,元/斤
华中,3.30,none,2018-08-25,湖北省洪湖农贸市场,3.50,2.80,红椒,湖北,none,2018-04-16,蔬菜,元/斤
华中,2.80,none,2018-08-25,湖北省洪湖农贸市场,3.00,2.50,红椒,湖北,none,2018-04-13,蔬菜,元/斤
华中,4.20,none,2018-08-25,湖北省洪湖农贸市场,4.70,3.70,莲蓬,湖北,none,2017-08-21,蔬菜,元/斤
华中,3.50,none,2018-08-25,湖北省洪湖农贸市场,4.00,3.00,莲蓬,湖北,none,2017-08-10,蔬菜,元/斤
华中,3.50,none,2018-08-25,湖北省洪湖农贸市场,4.00,3.00,莲蓬,湖北,none,2017-08-08,蔬菜,元/斤
华中,4.50,none,2018-08-25,湖北省洪湖农贸市场,5.00,4.40,莲蓬,湖北,none,2017-07-28,蔬菜,元/斤
华中,4.50,none,2018-08-25,湖北省洪湖农贸市场,5.00,4.40,莲蓬,湖北,none,2017-07-27,蔬菜,元/斤
华中,4.50,none,2018-08-25,湖北省洪湖农贸市场,5.00,4.40,莲蓬,湖北,none,2017-07-26,蔬菜,元/斤
华中,4.50,none,2018-08-25,湖北省洪湖农贸市场,5.00,4.40,莲蓬,湖北,none,2017-07-24,蔬菜,元/斤
华中,4.50,none,2018-08-25,湖北省洪湖农贸市场,5.00,4.40,莲蓬,湖北,none,2017-07-21,蔬菜,元/斤
华中,4.50,none,2018-08-25,湖北省洪湖农贸市场,5.00,4.40,莲蓬,湖北,none,2017-07-20,蔬菜,元/斤
华中,4.50,none,2018-08-25,湖北省洪湖农贸市场,5.00,4.40,莲蓬,湖北,none,2017-07-19,蔬菜,元/斤
华中,5.00,none,2018-08-25,湖北省洪湖农贸市场,5.50,4.40,莲蓬,湖北,none,2017-07-12,蔬菜,元/斤
华中,4.40,none,2018-08-25,湖北省洪湖农贸市场,4.90,3.90,莲蓬,湖北,none,2017-07-08,蔬菜,元/斤
华中,3.25,none,2018-08-25,湖北省洪湖农贸市场,3.50,3.00,莲蓬,湖北,none,2017-07-04,蔬菜,元/斤
华中,1.50,none,2018-08-25,湖北省洪湖农贸市场,1.90,1.20,菱角,湖北,none,2017-08-21,蔬菜,元/斤
华中,1.50,none,2018-08-25,湖北省洪湖农贸市场,1.90,1.20,菱角,湖北,none,2017-08-10,蔬菜,元/斤
华中,1.50,none,2018-08-25,湖北省洪湖农贸市场,1.90,1.20,菱角,湖北,none,2017-08-08,蔬菜,元/斤
华中,1.90,none,2018-08-25,湖北省洪湖农贸市场,2.40,1.40,菱角,湖北,none,2017-07-28,蔬菜,元/斤
华中,1.90,none,2018-08-25,湖北省洪湖农贸市场,2.40,1.40,菱角,湖北,none,2017-07-27,蔬菜,元/斤
华中,1.90,none,2018-08-25,湖北省洪湖农贸市场,2.40,1.40,菱角,湖北,none,2017-07-26,蔬菜,元/斤
华中,1.90,none,2018-08-25,湖北省洪湖农贸市场,2.40,1.40,菱角,湖北,none,2017-07-24,蔬菜,元/斤
华中,1.90,none,2018-08-25,湖北省洪湖农贸市场,2.40,1.40,菱角,湖北,none,2017-07-21,蔬菜,元/斤
华中,1.90,none,2018-08-25,湖北省洪湖农贸市场,2.40,1.40,菱角,湖北,none,2017-07-20,蔬菜,元/斤
华中,1.90,none,2018-08-25,湖北省洪湖农贸市场,2.40,1.40,菱角,湖北,none,2017-07-19,蔬菜,元/斤
华中,2.80,none,2018-08-25,湖北省洪湖农贸市场,3.00,2.50,菱角,湖北,none,2017-07-12,蔬菜,元/斤
华中,3.00,none,2018-08-25,湖北省洪湖农贸市场,3.30,2.80,菱角,湖北,none,2017-07-08,蔬菜,元/斤
华中,3.10,none,2018-08-25,湖北省洪湖农贸市场,3.40,2.90,菱角,湖北,none,2017-07-04,蔬菜,元/斤
华中,1.10,none,2018-08-25,湖北省洪湖农贸市场,1.40,0.80,菜苔,湖北,none,2017-03-28,蔬菜,元/斤
华中,1.10,none,2018-08-25,湖北省洪湖农贸市场,1.40,0.80,菜苔,湖北,none,2017-03-23,蔬菜,元/斤
华中,1.10,none,2018-08-25,湖北省洪湖农贸市场,1.40,0.80,菜苔,湖北,none,2017-03-22,蔬菜,元/斤
华中,1.10,none,2018-08-25,湖北省洪湖农贸市场,1.40,0.80,菜苔,湖北,none,2017-03-21,蔬菜,元/斤
华中,1.10,none,2018-08-25,湖北省洪湖农贸市场,1.40,0.80,菜苔,湖北,none,2017-03-20,蔬菜,元/斤
华中,1.10,none,2018-08-25,湖北省洪湖农贸市场,1.40,0.80,菜苔,湖北,none,2017-03-17,蔬菜,元/斤
华中,1.10,none,2018-08-25,湖北省洪湖农贸市场,1.40,0.80,菜苔,湖北,none,2017-03-07,蔬菜,元/斤
华中,1.10,none,2018-08-25,湖北省洪湖农贸市场,1.40,0.80,菜苔,湖北,none,2017-03-04,蔬菜,元/斤
华中,1.10,none,2018-08-25,湖北省洪湖农贸市场,1.40,0.80,菜苔,湖北,none,2017-03-03,蔬菜,元/斤
华中,1.10,none,2018-08-25,湖北省洪湖农贸市场,1.40,0.80,菜苔,湖北,none,2017-03-02,蔬菜,元/斤
华中,1.10,none,2018-08-25,湖北省洪湖农贸市场,1.40,0.80,菜苔,湖北,none,2017-03-01,蔬菜,元/斤
华中,1.10,none,2018-08-25,湖北省洪湖农贸市场,1.40,0.80,菜苔,湖北,none,2017-02-28,蔬菜,元/斤
华中,1.10,none,2018-08-25,湖北省洪湖农贸市场,1.40,0.80,菜苔,湖北,none,2017-02-27,蔬菜,元/斤
华中,1.10,none,2018-08-25,湖北省洪湖农贸市场,1.40,0.80,菜苔,湖北,none,2017-02-24,蔬菜,元/斤
华中,1.10,none,2018-08-25,湖北省洪湖农贸市场,1.40,0.80,菜苔,湖北,none,2017-02-23,蔬菜,元/斤
华中,1.10,none,2018-08-25,湖北省洪湖农贸市场,1.40,0.80,菜苔,湖北,none,2017-02-22,蔬菜,元/斤
华中,1.10,none,2018-08-25,湖北省洪湖农贸市场,1.40,0.80,菜苔,湖北,none,2017-02-21,蔬菜,元/斤
华中,1.10,none,2018-08-25,湖北省洪湖农贸市场,1.40,0.80,菜苔,湖北,none,2017-02-20,蔬菜,元/斤
华中,1.10,none,2018-08-25,湖北省洪湖农贸市场,1.40,0.80,菜苔,湖北,none,2017-02-17,蔬菜,元/斤
华中,1.10,none,2018-08-25,湖北省洪湖农贸市场,1.40,0.80,菜苔,湖北,none,2017-02-16,蔬菜,元/斤
华中,1.10,none,2018-08-25,湖北省洪湖农贸市场,1.40,0.80,菜苔,湖北,none,2017-02-15,蔬菜,元/斤
华中,1.10,none,2018-08-25,湖北省洪湖农贸市场,1.40,0.80,菜苔,湖北,none,2017-02-14,蔬菜,元/斤
华中,1.10,none,2018-08-25,湖北省洪湖农贸市场,1.40,0.80,菜苔,湖北,none,2017-02-13,蔬菜,元/斤
华中,1.10,none,2018-08-25,湖北省洪湖农贸市场,1.40,0.80,菜苔,湖北,none,2017-02-10,蔬菜,元/斤
华中,1.10,none,2018-08-25,湖北省洪湖农贸市场,1.40,0.80,菜苔,湖北,none,2017-02-08,蔬菜,元/斤
华中,5.00,none,2018-08-25,湖北省洪湖农贸市场,5.50,4.50,芹菜,湖北,none,2018-08-13,蔬菜,元/斤
华中,3.80,none,2018-08-25,湖北省洪湖农贸市场,4.00,3.50,芹菜,湖北,none,2018-08-08,蔬菜,元/斤
华中,3.80,none,2018-08-25,湖北省洪湖农贸市场,4.00,3.50,芹菜,湖北,none,2018-08-06,蔬菜,元/斤
华中,3.80,none,2018-08-25,湖北省洪湖农贸市场,4.00,3.50,芹菜,湖北,none,2018-08-03,蔬菜,元/斤
华中,3.80,none,2018-08-25,湖北省洪湖农贸市场,4.00,3.50,芹菜,湖北,none,2018-08-02,蔬菜,元/斤
华中,3.80,none,2018-08-25,湖北省洪湖农贸市场,4.00,3.50,芹菜,湖北,none,2018-08-01,蔬菜,元/斤
华中,3.80,none,2018-08-25,湖北省洪湖农贸市场,4.00,3.50,芹菜,湖北,none,2018-07-31,蔬菜,元/斤
华中,3.10,none,2018-08-25,湖北省洪湖农贸市场,3.30,2.80,芹菜,湖北,none,2018-07-07,蔬菜,元/斤
华中,3.50,none,2018-08-25,湖北省洪湖农贸市场,3.80,3.10,芹菜,湖北,none,2018-07-01,蔬菜,元/斤
华中,3.30,none,2018-08-25,湖北省洪湖农贸市场,3.50,2.80,芹菜,湖北,none,2018-06-03,蔬菜,元/斤
华中,3.30,none,2018-08-25,湖北省洪湖农贸市场,3.50,2.80,芹菜,湖北,none,2018-05-29,蔬菜,元/斤
华中,2.80,none,2018-08-25,湖北省洪湖农贸市场,3.10,2.40,芹菜,湖北,none,2018-05-25,蔬菜,元/斤
华中,2.80,none,2018-08-25,湖北省洪湖农贸市场,3.10,2.40,芹菜,湖北,none,2018-05-24,蔬菜,元/斤
华中,2.80,none,2018-08-25,湖北省洪湖农贸市场,3.10,2.40,芹菜,湖北,none,2018-05-23,蔬菜,元/斤
华中,2.80,none,2018-08-25,湖北省洪湖农贸市场,3.10,2.40,芹菜,湖北,none,2018-05-22,蔬菜,元/斤
华中,2.80,none,2018-08-25,湖北省洪湖农贸市场,3.10,2.40,芹菜,湖北,none,2018-05-16,蔬菜,元/斤
华中,2.80,none,2018-08-25,湖北省洪湖农贸市场,3.10,2.40,芹菜,湖北,none,2018-05-15,蔬菜,元/斤
华中,2.50,none,2018-08-25,湖北省洪湖农贸市场,2.80,2.10,芹菜,湖北,none,2018-05-08,蔬菜,元/斤
华中,2.50,none,2018-08-25,湖北省洪湖农贸市场,2.80,2.10,芹菜,湖北,none,2018-05-03,蔬菜,元/斤
华中,2.50,none,2018-08-25,湖北省洪湖农贸市场,2.80,2.10,芹菜,湖北,none,2018-05-02,蔬菜,元/斤
华中,2.10,none,2018-08-25,湖北省洪湖农贸市场,2.50,1.90,芹菜,湖北,none,2018-04-28,蔬菜,元/斤
华中,2.10,none,2018-08-25,湖北省洪湖农贸市场,2.50,1.90,芹菜,湖北,none,2018-04-27,蔬菜,元/斤
华中,2.10,none,2018-08-25,湖北省洪湖农贸市场,2.50,1.90,芹菜,湖北,none,2018-04-26,蔬菜,元/斤
华中,2.10,none,2018-08-25,湖北省洪湖农贸市场,2.50,1.90,芹菜,湖北,none,2018-04-25,蔬菜,元/斤
华中,2.10,none,2018-08-25,湖北省洪湖农贸市场,2.50,1.90,芹菜,湖北,none,2018-04-24,蔬菜,元/斤
华中,1.20,none,2018-08-25,湖北省洪湖农贸市场,1.60,0.90,西红柿,湖北,none,2018-08-08,蔬菜,元/斤
华中,1.20,none,2018-08-25,湖北省洪湖农贸市场,1.60,0.90,西红柿,湖北,none,2018-08-06,蔬菜,元/斤
华中,1.20,none,2018-08-25,湖北省洪湖农贸市场,1.60,0.90,西红柿,湖北,none,2018-08-03,蔬菜,元/斤
华中,1.20,none,2018-08-25,湖北省洪湖农贸市场,1.60,0.90,西红柿,湖北,none,2018-08-02,蔬菜,元/斤
华中,1.20,none,2018-08-25,湖北省洪湖农贸市场,1.60,0.90,西红柿,湖北,none,2018-08-01,蔬菜,元/斤
华中,1.20,none,2018-08-25,湖北省洪湖农贸市场,1.60,0.90,西红柿,湖北,none,2018-07-31,蔬菜,元/斤
华中,1.20,none,2018-08-25,湖北省洪湖农贸市场,1.60,0.80,西红柿,湖北,none,2018-07-07,蔬菜,元/斤
华中,1.05,none,2018-08-25,湖北省洪湖农贸市场,1.45,0.65,西红柿,湖北,none,2018-07-01,蔬菜,元/斤
华中,1.30,none,2018-08-25,湖北省洪湖农贸市场,1.80,0.90,西红柿,湖北,none,2018-06-03,蔬菜,元/斤
华中,1.30,none,2018-08-25,湖北省洪湖农贸市场,1.80,0.90,西红柿,湖北,none,2018-05-29,蔬菜,元/斤
华中,1.60,none,2018-08-25,湖北省洪湖农贸市场,2.10,1.10,西红柿,湖北,none,2018-05-25,蔬菜,元/斤
华中,1.60,none,2018-08-25,湖北省洪湖农贸市场,2.10,1.10,西红柿,湖北,none,2018-05-24,蔬菜,元/斤
华中,1.60,none,2018-08-25,湖北省洪湖农贸市场,2.10,1.10,西红柿,湖北,none,2018-05-23,蔬菜,元/斤
华中,1.60,none,2018-08-25,湖北省洪湖农贸市场,2.10,1.10,西红柿,湖北,none,2018-05-16,蔬菜,元/斤
华中,2.10,none,2018-08-25,湖北省洪湖农贸市场,2.50,1.30,西红柿,湖北,none,2018-05-08,蔬菜,元/斤
华中,2.10,none,2018-08-25,湖北省洪湖农贸市场,2.50,1.30,西红柿,湖北,none,2018-05-03,蔬菜,元/斤
华中,2.10,none,2018-08-25,湖北省洪湖农贸市场,2.50,1.30,西红柿,湖北,none,2018-05-02,蔬菜,元/斤
华中,1.50,none,2018-08-25,湖北省洪湖农贸市场,2.20,1.00,西红柿,湖北,none,2018-04-28,蔬菜,元/斤
华中,1.50,none,2018-08-25,湖北省洪湖农贸市场,2.20,1.00,西红柿,湖北,none,2018-04-27,蔬菜,元/斤
华中,1.50,none,2018-08-25,湖北省洪湖农贸市场,2.20,1.00,西红柿,湖北,none,2018-04-26,蔬菜,元/斤
华中,1.50,none,2018-08-25,湖北省洪湖农贸市场,2.20,1.00,西红柿,湖北,none,2018-04-25,蔬菜,元/斤
华中,1.50,none,2018-08-25,湖北省洪湖农贸市场,2.20,1.00,西红柿,湖北,none,2018-04-24,蔬菜,元/斤
华中,1.50,none,2018-08-25,湖北省洪湖农贸市场,2.20,1.00,西红柿,湖北,none,2018-04-20,蔬菜,元/斤
华中,1.50,none,2018-08-25,湖北省洪湖农贸市场,2.20,1.00,西红柿,湖北,none,2018-04-19,蔬菜,元/斤
华中,1.50,none,2018-08-25,湖北省洪湖农贸市场,2.20,1.00,西红柿,湖北,none,2018-04-17,蔬菜,元/斤
华中,1.20,none,2018-08-25,湖北省洪湖农贸市场,1.50,0.90,土豆,湖北,none,2018-08-13,蔬菜,元/斤
华中,1.20,none,2018-08-25,湖北省洪湖农贸市场,1.50,0.90,土豆,湖北,none,2018-08-09,蔬菜,元/斤
华中,1.20,none,2018-08-25,湖北省洪湖农贸市场,1.50,0.90,土豆,湖北,none,2018-08-08,蔬菜,元/斤
华中,1.20,none,2018-08-25,湖北省洪湖农贸市场,1.50,0.90,土豆,湖北,none,2018-08-06,蔬菜,元/斤
华中,1.20,none,2018-08-25,湖北省洪湖农贸市场,1.50,0.90,土豆,湖北,none,2018-08-03,蔬菜,元/斤
华中,1.20,none,2018-08-25,湖北省洪湖农贸市场,1.50,0.90,土豆,湖北,none,2018-08-02,蔬菜,元/斤
华中,1.20,none,2018-08-25,湖北省洪湖农贸市场,1.50,0.90,土豆,湖北,none,2018-08-01,蔬菜,元/斤
华中,1.20,none,2018-08-25,湖北省洪湖农贸市场,1.50,0.90,土豆,湖北,none,2018-07-31,蔬菜,元/斤
华中,1.20,none,2018-08-25,湖北省洪湖农贸市场,1.50,0.90,土豆,湖北,none,2018-07-07,蔬菜,元/斤
华中,1.20,none,2018-08-25,湖北省洪湖农贸市场,1.50,0.90,土豆,湖北,none,2018-07-01,蔬菜,元/斤
华中,1.30,none,2018-08-25,湖北省洪湖农贸市场,1.70,1.00,土豆,湖北,none,2018-06-03,蔬菜,元/斤
华中,1.30,none,2018-08-25,湖北省洪湖农贸市场,1.70,1.00,土豆,湖北,none,2018-05-29,蔬菜,元/斤
华中,1.30,none,2018-08-25,湖北省洪湖农贸市场,1.70,1.00,土豆,湖北,none,2018-05-25,蔬菜,元/斤
华中,1.30,none,2018-08-25,湖北省洪湖农贸市场,1.70,1.00,土豆,湖北,none,2018-05-24,蔬菜,元/斤
华中,1.30,none,2018-08-25,湖北省洪湖农贸市场,1.70,1.00,土豆,湖北,none,2018-05-23,蔬菜,元/斤
华中,1.30,none,2018-08-25,湖北省洪湖农贸市场,1.70,1.00,土豆,湖北,none,2018-05-22,蔬菜,元/斤
华中,1.30,none,2018-08-25,湖北省洪湖农贸市场,1.70,1.00,土豆,湖北,none,2018-05-16,蔬菜,元/斤
华中,1.30,none,2018-08-25,湖北省洪湖农贸市场,1.70,1.00,土豆,湖北,none,2018-05-15,蔬菜,元/斤
华中,1.30,none,2018-08-25,湖北省洪湖农贸市场,1.70,1.00,土豆,湖北,none,2018-05-14,蔬菜,元/斤
华中,1.30,none,2018-08-25,湖北省洪湖农贸市场,1.50,1.00,土豆,湖北,none,2018-05-08,蔬菜,元/斤
华中,1.30,none,2018-08-25,湖北省洪湖农贸市场,1.50,1.00,土豆,湖北,none,2018-05-03,蔬菜,元/斤
华中,1.30,none,2018-08-25,湖北省洪湖农贸市场,1.50,1.00,土豆,湖北,none,2018-05-02,蔬菜,元/斤
华中,1.30,none,2018-08-25,湖北省洪湖农贸市场,1.50,1.00,土豆,湖北,none,2018-04-28,蔬菜,元/斤
华中,1.30,none,2018-08-25,湖北省洪湖农贸市场,1.50,1.00,土豆,湖北,none,2018-04-27,蔬菜,元/斤
华中,1.30,none,2018-08-25,湖北省洪湖农贸市场,1.50,1.00,土豆,湖北,none,2018-04-26,蔬菜,元/斤
华中,0.40,none,2018-08-25,湖北省洪湖农贸市场,0.60,0.30,大白菜,湖北,none,2018-08-17,蔬菜,元/斤
华中,0.40,none,2018-08-25,湖北省洪湖农贸市场,0.60,0.30,大白菜,湖北,none,2018-08-16,蔬菜,元/斤
华中,0.40,none,2018-08-25,湖北省洪湖农贸市场,0.60,0.30,大白菜,湖北,none,2018-08-13,蔬菜,元/斤
华中,0.40,none,2018-08-25,湖北省洪湖农贸市场,0.60,0.30,大白菜,湖北,none,2018-08-10,蔬菜,元/斤
华中,0.40,none,2018-08-25,湖北省洪湖农贸市场,0.60,0.30,大白菜,湖北,none,2018-08-09,蔬菜,元/斤
华中,0.40,none,2018-08-25,湖北省洪湖农贸市场,0.60,0.30,大白菜,湖北,none,2018-08-08,蔬菜,元/斤
华中,0.40,none,2018-08-25,湖北省洪湖农贸市场,0.60,0.30,大白菜,湖北,none,2018-08-06,蔬菜,元/斤
华中,0.40,none,2018-08-25,湖北省洪湖农贸市场,0.60,0.30,大白菜,湖北,none,2018-08-03,蔬菜,元/斤
华中,0.40,none,2018-08-25,湖北省洪湖农贸市场,0.60,0.30,大白菜,湖北,none,2018-08-02,蔬菜,元/斤
华中,0.40,none,2018-08-25,湖北省洪湖农贸市场,0.60,0.30,大白菜,湖北,none,2018-08-01,蔬菜,元/斤
华中,0.40,none,2018-08-25,湖北省洪湖农贸市场,0.60,0.30,大白菜,湖北,none,2018-07-31,蔬菜,元/斤
华中,0.65,none,2018-08-25,湖北省洪湖农贸市场,0.75,0.45,大白菜,湖北,none,2018-07-07,蔬菜,元/斤
华中,0.62,none,2018-08-25,湖北省洪湖农贸市场,0.72,0.42,大白菜,湖北,none,2018-07-01,蔬菜,元/斤
华中,0.70,none,2018-08-25,湖北省洪湖农贸市场,0.90,0.60,大白菜,湖北,none,2018-06-03,蔬菜,元/斤
华中,0.70,none,2018-08-25,湖北省洪湖农贸市场,0.90,0.60,大白菜,湖北,none,2018-05-31,蔬菜,元/斤
华中,0.50,none,2018-08-25,湖北省洪湖农贸市场,0.60,0.40,大白菜,湖北,none,2018-05-29,蔬菜,元/斤
华中,0.50,none,2018-08-25,湖北省洪湖农贸市场,0.60,0.40,大白菜,湖北,none,2018-05-25,蔬菜,元/斤
华中,0.50,none,2018-08-25,湖北省洪湖农贸市场,0.60,0.40,大白菜,湖北,none,2018-05-24,蔬菜,元/斤
华中,0.50,none,2018-08-25,湖北省洪湖农贸市场,0.60,0.40,大白菜,湖北,none,2018-05-23,蔬菜,元/斤
华中,0.50,none,2018-08-25,湖北省洪湖农贸市场,0.60,0.40,大白菜,湖北,none,2018-05-22,蔬菜,元/斤
华中,0.50,none,2018-08-25,湖北省洪湖农贸市场,0.60,0.40,大白菜,湖北,none,2018-05-16,蔬菜,元/斤
华中,0.50,none,2018-08-25,湖北省洪湖农贸市场,0.60,0.40,大白菜,湖北,none,2018-05-15,蔬菜,元/斤
华中,0.50,none,2018-08-25,湖北省洪湖农贸市场,0.60,0.40,大白菜,湖北,none,2018-05-14,蔬菜,元/斤
华中,0.50,none,2018-08-25,湖北省洪湖农贸市场,0.60,0.40,大白菜,湖北,none,2018-05-08,蔬菜,元/斤
华中,0.50,none,2018-08-25,湖北省洪湖农贸市场,0.60,0.40,大白菜,湖北,none,2018-05-07,蔬菜,元/斤
华中,2.50,none,2018-08-25,湖北省洪湖农贸市场,3.00,2.00,小葱,湖北,none,2017-01-20,蔬菜,元/斤
华中,3.00,none,2018-08-25,湖北省洪湖农贸市场,3.50,2.50,小葱,湖北,none,2017-01-19,蔬菜,元/斤
华中,3.00,none,2018-08-25,湖北省洪湖农贸市场,3.50,2.50,小葱,湖北,none,2017-01-18,蔬菜,元/斤
华中,3.00,none,2018-08-25,湖北省洪湖农贸市场,3.50,2.50,小葱,湖北,none,2017-01-17,蔬菜,元/斤
华中,3.00,none,2018-08-25,湖北省洪湖农贸市场,3.50,2.50,小葱,湖北,none,2017-01-16,蔬菜,元/斤
华中,3.50,none,2018-08-25,湖北省洪湖农贸市场,4.00,3.00,小葱,湖北,none,2017-01-13,蔬菜,元/斤
华中,3.50,none,2018-08-25,湖北省洪湖农贸市场,4.00,3.00,小葱,湖北,none,2017-01-12,蔬菜,元/斤
华中,3.50,none,2018-08-25,湖北省洪湖农贸市场,4.00,3.00,小葱,湖北,none,2017-01-10,蔬菜,元/斤
华中,3.50,none,2018-08-25,湖北省洪湖农贸市场,4.00,3.00,小葱,湖北,none,2017-01-09,蔬菜,元/斤
华中,3.50,none,2018-08-25,湖北省洪湖农贸市场,4.00,3.00,小葱,湖北,none,2017-01-06,蔬菜,元/斤
华中,3.50,none,2018-08-25,湖北省洪湖农贸市场,4.00,3.00,小葱,湖北,none,2017-01-04,蔬菜,元/斤
华中,3.50,none,2018-08-25,湖北省洪湖农贸市场,4.00,3.00,小葱,湖北,none,2017-01-03,蔬菜,元/斤
华中,2.40,none,2018-08-25,湖北省洪湖农贸市场,2.80,2.10,小葱,湖北,none,2017-05-03,蔬菜,元/斤
华中,2.20,none,2018-08-25,湖北省洪湖农贸市场,2.60,1.90,小葱,湖北,none,2017-05-02,蔬菜,元/斤
华中,2.20,none,2018-08-25,湖北省洪湖农贸市场,2.60,1.90,小葱,湖北,none,2017-04-28,蔬菜,元/斤
华中,2.20,none,2018-08-25,湖北省洪湖农贸市场,2.60,1.90,小葱,湖北,none,2017-04-27,蔬菜,元/斤
华中,2.20,none,2018-08-25,湖北省洪湖农贸市场,2.60,1.90,小葱,湖北,none,2017-04-26,蔬菜,元/斤
华中,2.20,none,2018-08-25,湖北省洪湖农贸市场,2.60,1.90,小葱,湖北,none,2017-04-25,蔬菜,元/斤
华中,2.20,none,2018-08-25,湖北省洪湖农贸市场,2.60,1.90,小葱,湖北,none,2017-04-20,蔬菜,元/斤
华中,2.20,none,2018-08-25,湖北省洪湖农贸市场,2.60,1.90,小葱,湖北,none,2017-04-18,蔬菜,元/斤
华中,2.20,none,2018-08-25,湖北省洪湖农贸市场,2.60,1.90,小葱,湖北,none,2017-04-17,蔬菜,元/斤
华中,2.20,none,2018-08-25,湖北省洪湖农贸市场,2.60,1.90,小葱,湖北,none,2017-04-14,蔬菜,元/斤
华中,2.20,none,2018-08-25,湖北省洪湖农贸市场,2.60,1.90,小葱,湖北,none,2017-04-13,蔬菜,元/斤
华中,2.20,none,2018-08-25,湖北省洪湖农贸市场,2.60,1.90,小葱,湖北,none,2017-04-12,蔬菜,元/斤
华中,2.20,none,2018-08-25,湖北省洪湖农贸市场,2.60,1.90,小葱,湖北,none,2017-04-11,蔬菜,元/斤
华中,2.20,none,2018-08-25,湖北省洪湖农贸市场,2.60,1.90,小葱,湖北,none,2017-04-10,蔬菜,元/斤
华中,2.20,none,2018-08-25,湖北省洪湖农贸市场,2.60,1.90,小葱,湖北,none,2017-04-06,蔬菜,元/斤
华中,2.20,none,2018-08-25,湖北省洪湖农贸市场,2.60,1.90,小葱,湖北,none,2017-04-05,蔬菜,元/斤
华中,2.20,none,2018-08-25,湖北省洪湖农贸市场,2.60,1.90,小葱,湖北,none,2017-04-01,蔬菜,元/斤
华中,2.20,none,2018-08-25,湖北省洪湖农贸市场,2.60,1.90,小葱,湖北,none,2017-03-31,蔬菜,元/斤
华中,2.20,none,2018-08-25,湖北省洪湖农贸市场,2.60,1.90,小葱,湖北,none,2017-03-30,蔬菜,元/斤
华中,2.20,none,2018-08-25,湖北省洪湖农贸市场,2.60,1.90,小葱,湖北,none,2017-03-29,蔬菜,元/斤
华中,2.20,none,2018-08-25,湖北省洪湖农贸市场,2.60,1.90,小葱,湖北,none,2017-03-28,蔬菜,元/斤
华中,2.00,none,2018-08-25,湖北省洪湖农贸市场,2.40,1.70,小葱,湖北,none,2017-03-23,蔬菜,元/斤
华中,2.00,none,2018-08-25,湖北省洪湖农贸市场,2.40,1.70,小葱,湖北,none,2017-03-22,蔬菜,元/斤
华中,2.10,none,2018-08-25,湖北省洪湖农贸市场,2.50,1.80,小葱,湖北,none,2017-03-21,蔬菜,元/斤
华中,2.10,none,2018-08-25,湖北省洪湖农贸市场,2.50,1.80,小葱,湖北,none,2017-03-20,蔬菜,元/斤
华中,1.10,none,2018-08-25,湖北省洪湖农贸市场,1.30,0.90,葱头,湖北,none,2017-01-04,蔬菜,元/斤
华中,1.10,none,2018-08-25,湖北省洪湖农贸市场,1.30,0.90,葱头,湖北,none,2017-01-03,蔬菜,元/斤
华中,1.20,none,2018-08-25,湖北省洪湖农贸市场,1.40,1.10,胡萝卜,湖北,none,2017-01-10,蔬菜,元/斤
华中,1.20,none,2018-08-25,湖北省洪湖农贸市场,1.40,1.10,胡萝卜,湖北,none,2017-01-09,蔬菜,元/斤
华中,1.10,none,2018-08-25,湖北省洪湖农贸市场,1.30,1.00,胡萝卜,湖北,none,2017-01-06,蔬菜,元/斤
华中,1.10,none,2018-08-25,湖北省洪湖农贸市场,1.30,1.00,胡萝卜,湖北,none,2017-01-04,蔬菜,元/斤
华中,1.10,none,2018-08-25,湖北省洪湖农贸市场,1.30,1.00,胡萝卜,湖北,none,2017-01-03,蔬菜,元/斤
华中,0.40,none,2018-08-25,湖北省洪湖农贸市场,0.60,0.30,洋白菜,湖北,none,2017-01-23,蔬菜,元/斤
华中,0.40,none,2018-08-25,湖北省洪湖农贸市场,0.60,0.30,洋白菜,湖北,none,2017-01-22,蔬菜,元/斤
华中,0.40,none,2018-08-25,湖北省洪湖农贸市场,0.60,0.30,洋白菜,湖北,none,2017-01-20,蔬菜,元/斤
华中,0.50,none,2018-08-25,湖北省洪湖农贸市场,0.70,0.40,洋白菜,湖北,none,2017-01-19,蔬菜,元/斤
华中,0.50,none,2018-08-25,湖北省洪湖农贸市场,0.70,0.40,洋白菜,湖北,none,2017-01-18,蔬菜,元/斤
华中,0.50,none,2018-08-25,湖北省洪湖农贸市场,0.70,0.40,洋白菜,湖北,none,2017-01-17,蔬菜,元/斤
华中,0.50,none,2018-08-25,湖北省洪湖农贸市场,0.70,0.40,洋白菜,湖北,none,2017-01-16,蔬菜,元/斤
华中,0.90,none,2018-08-25,湖北省洪湖农贸市场,1.00,0.70,洋白菜,湖北,none,2017-01-13,蔬菜,元/斤
华中,0.90,none,2018-08-25,湖北省洪湖农贸市场,1.00,0.70,洋白菜,湖北,none,2017-01-12,蔬菜,元/斤
华中,0.90,none,2018-08-25,湖北省洪湖农贸市场,1.00,0.70,洋白菜,湖北,none,2017-01-11,蔬菜,元/斤
华中,0.90,none,2018-08-25,湖北省洪湖农贸市场,1.00,0.70,洋白菜,湖北,none,2017-01-10,蔬菜,元/斤
华中,0.90,none,2018-08-25,湖北省洪湖农贸市场,1.00,0.70,洋白菜,湖北,none,2017-01-09,蔬菜,元/斤
华中,1.00,none,2018-08-25,湖北省洪湖农贸市场,1.20,0.90,洋白菜,湖北,none,2017-01-06,蔬菜,元/斤
华中,1.00,none,2018-08-25,湖北省洪湖农贸市场,1.20,0.90,洋白菜,湖北,none,2017-01-04,蔬菜,元/斤
华中,1.00,none,2018-08-25,湖北省洪湖农贸市场,1.20,0.90,洋白菜,湖北,none,2017-01-03,蔬菜,元/斤
华中,3.80,none,2018-08-25,湖北省洪湖农贸市场,4.10,3.60,蒜薹,湖北,none,2017-01-10,蔬菜,元/斤
华中,3.80,none,2018-08-25,湖北省洪湖农贸市场,4.10,3.60,蒜薹,湖北,none,2017-01-09,蔬菜,元/斤
华中,3.80,none,2018-08-25,湖北省洪湖农贸市场,4.10,3.60,蒜薹,湖北,none,2017-01-06,蔬菜,元/斤
华中,3.80,none,2018-08-25,湖北省洪湖农贸市场,4.10,3.60,蒜薹,湖北,none,2017-01-04,蔬菜,元/斤
华中,3.80,none,2018-08-25,湖北省洪湖农贸市场,4.10,3.60,蒜薹,湖北,none,2017-01-03,蔬菜,元/斤
华中,1.00,none,2018-08-25,湖北省洪湖农贸市场,1.10,0.80,莴笋,湖北,none,2017-01-19,蔬菜,元/斤
华中,1.00,none,2018-08-25,湖北省洪湖农贸市场,1.10,0.80,莴笋,湖北,none,2017-01-18,蔬菜,元/斤
华中,1.00,none,2018-08-25,湖北省洪湖农贸市场,1.10,0.80,莴笋,湖北,none,2017-01-17,蔬菜,元/斤
华中,1.00,none,2018-08-25,湖北省洪湖农贸市场,1.10,0.80,莴笋,湖北,none,2017-01-16,蔬菜,元/斤
华中,1.00,none,2018-08-25,湖北省洪湖农贸市场,1.10,0.80,莴笋,湖北,none,2017-01-13,蔬菜,元/斤
华中,1.00,none,2018-08-25,湖北省洪湖农贸市场,1.10,0.80,莴笋,湖北,none,2017-01-12,蔬菜,元/斤
华中,1.00,none,2018-08-25,湖北省洪湖农贸市场,1.10,0.80,莴笋,湖北,none,2017-01-10,蔬菜,元/斤
华中,1.00,none,2018-08-25,湖北省洪湖农贸市场,1.20,0.90,莴笋,湖北,none,2017-01-09,蔬菜,元/斤
华中,1.00,none,2018-08-25,湖北省洪湖农贸市场,1.20,0.90,莴笋,湖北,none,2017-01-06,蔬菜,元/斤
华中,1.00,none,2018-08-25,湖北省洪湖农贸市场,1.20,0.90,莴笋,湖北,none,2017-01-04,蔬菜,元/斤
华中,1.00,none,2018-08-25,湖北省洪湖农贸市场,1.20,0.90,莴笋,湖北,none,2017-01-03,蔬菜,元/斤
华中,3.70,none,2018-08-25,湖北省洪湖农贸市场,4.20,3.20,豇豆,湖北,none,2017-02-10,蔬菜,元/斤
华中,3.70,none,2018-08-25,湖北省洪湖农贸市场,4.20,3.20,豇豆,湖北,none,2017-02-08,蔬菜,元/斤
华中,3.70,none,2018-08-25,湖北省洪湖农贸市场,4.20,3.20,豇豆,湖北,none,2017-02-07,蔬菜,元/斤
华中,3.70,none,2018-08-25,湖北省洪湖农贸市场,4.20,3.20,豇豆,湖北,none,2017-01-30,蔬菜,元/斤
华中,3.70,none,2018-08-25,湖北省洪湖农贸市场,4.20,3.20,豇豆,湖北,none,2017-01-26,蔬菜,元/斤
华中,3.70,none,2018-08-25,湖北省洪湖农贸市场,4.20,3.20,豇豆,湖北,none,2017-01-22,蔬菜,元/斤
华中,3.70,none,2018-08-25,湖北省洪湖农贸市场,4.20,3.20,豇豆,湖北,none,2017-01-20,蔬菜,元/斤
华中,3.00,none,2018-08-25,湖北省洪湖农贸市场,3.50,2.50,豇豆,湖北,none,2017-01-19,蔬菜,元/斤
华中,3.00,none,2018-08-25,湖北省洪湖农贸市场,3.50,2.50,豇豆,湖北,none,2017-01-18,蔬菜,元/斤
华中,3.00,none,2018-08-25,湖北省洪湖农贸市场,3.50,2.50,豇豆,湖北,none,2017-01-16,蔬菜,元/斤
华中,3.00,none,2018-08-25,湖北省洪湖农贸市场,3.50,2.50,豇豆,湖北,none,2017-01-13,蔬菜,元/斤
华中,3.00,none,2018-08-25,湖北省洪湖农贸市场,3.50,2.50,豇豆,湖北,none,2017-01-12,蔬菜,元/斤
华中,3.20,none,2018-08-25,湖北省洪湖农贸市场,3.70,2.90,豇豆,湖北,none,2017-01-10,蔬菜,元/斤
华中,3.70,none,2018-08-25,湖北省洪湖农贸市场,4.20,3.20,豇豆,湖北,none,2017-01-09,蔬菜,元/斤
华中,4.20,none,2018-08-25,湖北省洪湖农贸市场,4.70,3.70,豇豆,湖北,none,2017-01-06,蔬菜,元/斤
华中,4.20,none,2018-08-25,湖北省洪湖农贸市场,4.70,3.70,豇豆,湖北,none,2017-01-04,蔬菜,元/斤
华中,4.20,none,2018-08-25,湖北省洪湖农贸市场,4.70,3.70,豇豆,湖北,none,2017-01-03,蔬菜,元/斤
华中,1.20,none,2018-08-25,湖北省洪湖农贸市场,1.40,0.80,黄豆芽,湖北,none,2017-02-20,蔬菜,元/斤
华中,1.20,none,2018-08-25,湖北省洪湖农贸市场,1.50,0.90,黄豆芽,湖北,none,2017-02-17,蔬菜,元/斤
华中,1.20,none,2018-08-25,湖北省洪湖农贸市场,1.50,0.90,黄豆芽,湖北,none,2017-02-16,蔬菜,元/斤
华中,1.20,none,2018-08-25,湖北省洪湖农贸市场,1.50,0.90,黄豆芽,湖北,none,2017-02-15,蔬菜,元/斤
华中,1.20,none,2018-08-25,湖北省洪湖农贸市场,1.50,0.90,黄豆芽,湖北,none,2017-02-14,蔬菜,元/斤
华中,1.20,none,2018-08-25,湖北省洪湖农贸市场,1.50,0.90,黄豆芽,湖北,none,2017-02-13,蔬菜,元/斤
华中,1.20,none,2018-08-25,湖北省洪湖农贸市场,1.50,0.90,黄豆芽,湖北,none,2017-02-10,蔬菜,元/斤
华中,1.20,none,2018-08-25,湖北省洪湖农贸市场,1.50,0.90,黄豆芽,湖北,none,2017-02-08,蔬菜,元/斤
华中,1.20,none,2018-08-25,湖北省洪湖农贸市场,1.50,0.90,黄豆芽,湖北,none,2017-02-07,蔬菜,元/斤
华中,1.20,none,2018-08-25,湖北省洪湖农贸市场,1.50,0.90,黄豆芽,湖北,none,2017-02-06,蔬菜,元/斤
华中,1.20,none,2018-08-25,湖北省洪湖农贸市场,1.50,0.90,黄豆芽,湖北,none,2017-01-30,蔬菜,元/斤
华中,1.20,none,2018-08-25,湖北省洪湖农贸市场,1.50,0.90,黄豆芽,湖北,none,2017-01-26,蔬菜,元/斤
华中,1.20,none,2018-08-25,湖北省洪湖农贸市场,1.50,0.90,黄豆芽,湖北,none,2017-01-22,蔬菜,元/斤
华中,1.20,none,2018-08-25,湖北省洪湖农贸市场,1.50,0.90,黄豆芽,湖北,none,2017-01-20,蔬菜,元/斤
华中,1.20,none,2018-08-25,湖北省洪湖农贸市场,1.50,0.90,黄豆芽,湖北,none,2017-01-19,蔬菜,元/斤
华中,1.20,none,2018-08-25,湖北省洪湖农贸市场,1.50,0.90,黄豆芽,湖北,none,2017-01-18,蔬菜,元/斤
华中,1.20,none,2018-08-25,湖北省洪湖农贸市场,1.50,0.90,黄豆芽,湖北,none,2017-01-17,蔬菜,元/斤
华中,1.20,none,2018-08-25,湖北省洪湖农贸市场,1.50,0.90,黄豆芽,湖北,none,2017-01-16,蔬菜,元/斤
华中,1.20,none,2018-08-25,湖北省洪湖农贸市场,1.50,0.90,黄豆芽,湖北,none,2017-01-13,蔬菜,元/斤
华中,1.20,none,2018-08-25,湖北省洪湖农贸市场,1.50,0.90,黄豆芽,湖北,none,2017-01-12,蔬菜,元/斤
华中,1.20,none,2018-08-25,湖北省洪湖农贸市场,1.50,0.90,黄豆芽,湖北,none,2017-01-10,蔬菜,元/斤
华中,1.20,none,2018-08-25,湖北省洪湖农贸市场,1.50,0.90,黄豆芽,湖北,none,2017-01-09,蔬菜,元/斤
华中,1.20,none,2018-08-25,湖北省洪湖农贸市场,1.50,0.90,黄豆芽,湖北,none,2017-01-06,蔬菜,元/斤
华中,1.20,none,2018-08-25,湖北省洪湖农贸市场,1.50,0.90,黄豆芽,湖北,none,2017-01-04,蔬菜,元/斤
华中,1.20,none,2018-08-25,湖北省洪湖农贸市场,1.50,0.90,黄豆芽,湖北,none,2017-01-03,蔬菜,元/斤
华中,4.00,none,2018-08-25,湖北省洪湖农贸市场,4.50,3.50,红椒,湖北,none,2017-01-20,蔬菜,元/斤
华中,3.00,none,2018-08-25,湖北省洪湖农贸市场,3.50,2.50,红椒,湖北,none,2017-01-19,蔬菜,元/斤
华中,3.00,none,2018-08-25,湖北省洪湖农贸市场,3.50,2.50,红椒,湖北,none,2017-01-18,蔬菜,元/斤
华中,3.00,none,2018-08-25,湖北省洪湖农贸市场,3.50,2.50,红椒,湖北,none,2017-01-16,蔬菜,元/斤
华中,3.00,none,2018-08-25,湖北省洪湖农贸市场,3.50,2.50,红椒,湖北,none,2017-01-13,蔬菜,元/斤
华中,3.00,none,2018-08-25,湖北省洪湖农贸市场,3.50,2.50,红椒,湖北,none,2017-01-12,蔬菜,元/斤
华中,3.00,none,2018-08-25,湖北省洪湖农贸市场,3.50,2.50,红椒,湖北,none,2017-01-10,蔬菜,元/斤
华中,3.00,none,2018-08-25,湖北省洪湖农贸市场,3.50,2.50,红椒,湖北,none,2017-01-09,蔬菜,元/斤
华中,2.80,none,2018-08-25,湖北省洪湖农贸市场,3.30,2.30,红椒,湖北,none,2017-01-06,蔬菜,元/斤
华中,2.80,none,2018-08-25,湖北省洪湖农贸市场,3.30,2.30,红椒,湖北,none,2017-01-04,蔬菜,元/斤
华中,2.80,none,2018-08-25,湖北省洪湖农贸市场,3.30,2.30,红椒,湖北,none,2017-01-03,蔬菜,元/斤
华中,3.20,none,2018-08-25,湖北省洪湖农贸市场,3.70,2.70,红椒,湖北,none,2017-03-20,蔬菜,元/斤
华中,3.50,none,2018-08-25,湖北省洪湖农贸市场,4.00,3.00,红椒,湖北,none,2017-03-17,蔬菜,元/斤
华中,4.00,none,2018-08-25,湖北省洪湖农贸市场,4.50,3.50,红椒,湖北,none,2017-03-07,蔬菜,元/斤
华中,4.00,none,2018-08-25,湖北省洪湖农贸市场,4.50,3.50,红椒,湖北,none,2017-03-04,蔬菜,元/斤
华中,4.00,none,2018-08-25,湖北省洪湖农贸市场,4.50,3.50,红椒,湖北,none,2017-03-03,蔬菜,元/斤
华中,4.00,none,2018-08-25,湖北省洪湖农贸市场,4.50,3.50,红椒,湖北,none,2017-03-02,蔬菜,元/斤
华中,4.00,none,2018-08-25,湖北省洪湖农贸市场,4.50,3.50,红椒,湖北,none,2017-03-01,蔬菜,元/斤
华中,4.00,none,2018-08-25,湖北省洪湖农贸市场,4.50,3.50,红椒,湖北,none,2017-02-28,蔬菜,元/斤
华中,4.00,none,2018-08-25,湖北省洪湖农贸市场,4.50,3.50,红椒,湖北,none,2017-02-27,蔬菜,元/斤
华中,4.00,none,2018-08-25,湖北省洪湖农贸市场,4.50,3.50,红椒,湖北,none,2017-02-24,蔬菜,元/斤
华中,4.00,none,2018-08-25,湖北省洪湖农贸市场,4.50,3.50,红椒,湖北,none,2017-02-23,蔬菜,元/斤
华中,4.00,none,2018-08-25,湖北省洪湖农贸市场,4.50,3.50,红椒,湖北,none,2017-02-22,蔬菜,元/斤
华中,4.00,none,2018-08-25,湖北省洪湖农贸市场,4.50,3.50,红椒,湖北,none,2017-02-21,蔬菜,元/斤
华中,4.00,none,2018-08-25,湖北省洪湖农贸市场,4.50,3.50,红椒,湖北,none,2017-02-20,蔬菜,元/斤
华中,4.00,none,2018-08-25,湖北省洪湖农贸市场,4.50,3.50,红椒,湖北,none,2017-02-17,蔬菜,元/斤
华中,4.00,none,2018-08-25,湖北省洪湖农贸市场,4.50,3.50,红椒,湖北,none,2017-02-16,蔬菜,元/斤
华中,4.00,none,2018-08-25,湖北省洪湖农贸市场,4.50,3.50,红椒,湖北,none,2017-02-15,蔬菜,元/斤
华中,4.00,none,2018-08-25,湖北省洪湖农贸市场,4.50,3.50,红椒,湖北,none,2017-02-14,蔬菜,元/斤
华中,4.00,none,2018-08-25,湖北省洪湖农贸市场,4.50,3.50,红椒,湖北,none,2017-02-13,蔬菜,元/斤
华中,4.00,none,2018-08-25,湖北省洪湖农贸市场,4.50,3.50,红椒,湖北,none,2017-02-10,蔬菜,元/斤
华中,4.00,none,2018-08-25,湖北省洪湖农贸市场,4.50,3.50,红椒,湖北,none,2017-02-08,蔬菜,元/斤
华中,4.00,none,2018-08-25,湖北省洪湖农贸市场,4.50,3.50,红椒,湖北,none,2017-02-07,蔬菜,元/斤
华中,4.00,none,2018-08-25,湖北省洪湖农贸市场,4.50,3.50,红椒,湖北,none,2017-01-30,蔬菜,元/斤
华中,4.00,none,2018-08-25,湖北省洪湖农贸市场,4.50,3.50,红椒,湖北,none,2017-01-26,蔬菜,元/斤
华中,4.00,none,2018-08-25,湖北省洪湖农贸市场,4.50,3.50,红椒,湖北,none,2017-01-22,蔬菜,元/斤
华中,1.70,none,2018-08-25,湖北省洪湖农贸市场,2.20,1.30,红椒,湖北,none,2017-05-04,蔬菜,元/斤
华中,1.70,none,2018-08-25,湖北省洪湖农贸市场,2.20,1.30,红椒,湖北,none,2017-05-03,蔬菜,元/斤
华中,1.50,none,2018-08-25,湖北省洪湖农贸市场,2.00,1.00,红椒,湖北,none,2017-05-02,蔬菜,元/斤
华中,1.50,none,2018-08-25,湖北省洪湖农贸市场,2.00,1.00,红椒,湖北,none,2017-04-28,蔬菜,元/斤
华中,1.50,none,2018-08-25,湖北省洪湖农贸市场,2.00,1.00,红椒,湖北,none,2017-04-27,蔬菜,元/斤
华中,1.50,none,2018-08-25,湖北省洪湖农贸市场,2.00,1.00,红椒,湖北,none,2017-04-26,蔬菜,元/斤
华中,1.50,none,2018-08-25,湖北省洪湖农贸市场,2.00,1.00,红椒,湖北,none,2017-04-25,蔬菜,元/斤
华中,2.00,none,2018-08-25,湖北省洪湖农贸市场,2.50,1.50,红椒,湖北,none,2017-04-20,蔬菜,元/斤
华中,2.00,none,2018-08-25,湖北省洪湖农贸市场,2.50,1.50,红椒,湖北,none,2017-04-18,蔬菜,元/斤
华中,2.00,none,2018-08-25,湖北省洪湖农贸市场,2.50,1.50,红椒,湖北,none,2017-04-17,蔬菜,元/斤
华中,1.80,none,2018-08-25,湖北省洪湖农贸市场,2.30,1.40,红椒,湖北,none,2017-04-14,蔬菜,元/斤
华中,1.80,none,2018-08-25,湖北省洪湖农贸市场,2.30,1.40,红椒,湖北,none,2017-04-13,蔬菜,元/斤
华中,1.80,none,2018-08-25,湖北省洪湖农贸市场,2.30,1.40,红椒,湖北,none,2017-04-12,蔬菜,元/斤
华中,1.80,none,2018-08-25,湖北省洪湖农贸市场,2.30,1.40,红椒,湖北,none,2017-04-11,蔬菜,元/斤
华中,1.80,none,2018-08-25,湖北省洪湖农贸市场,2.30,1.40,红椒,湖北,none,2017-04-10,蔬菜,元/斤
华中,1.80,none,2018-08-25,湖北省洪湖农贸市场,2.30,1.40,红椒,湖北,none,2017-04-06,蔬菜,元/斤
华中,2.00,none,2018-08-25,湖北省洪湖农贸市场,2.50,1.50,红椒,湖北,none,2017-04-05,蔬菜,元/斤
华中,2.50,none,2018-08-25,湖北省洪湖农贸市场,3.00,2.00,红椒,湖北,none,2017-04-01,蔬菜,元/斤
华中,2.50,none,2018-08-25,湖北省洪湖农贸市场,3.00,2.00,红椒,湖北,none,2017-03-31,蔬菜,元/斤
华中,2.50,none,2018-08-25,湖北省洪湖农贸市场,3.00,2.00,红椒,湖北,none,2017-03-30,蔬菜,元/斤
华中,2.50,none,2018-08-25,湖北省洪湖农贸市场,3.00,2.00,红椒,湖北,none,2017-03-29,蔬菜,元/斤
华中,2.50,none,2018-08-25,湖北省洪湖农贸市场,3.00,2.00,红椒,湖北,none,2017-03-28,蔬菜,元/斤
华中,2.60,none,2018-08-25,湖北省洪湖农贸市场,3.10,2.10,红椒,湖北,none,2017-03-23,蔬菜,元/斤
华中,2.80,none,2018-08-25,湖北省洪湖农贸市场,3.30,2.30,红椒,湖北,none,2017-03-22,蔬菜,元/斤
华中,3.00,none,2018-08-25,湖北省洪湖农贸市场,3.50,2.50,红椒,湖北,none,2017-03-21,蔬菜,元/斤
华中,1.10,none,2018-08-25,湖北省洪湖农贸市场,1.40,0.80,菜苔,湖北,none,2017-02-07,蔬菜,元/斤
华中,1.10,none,2018-08-25,湖北省洪湖农贸市场,1.40,0.80,菜苔,湖北,none,2017-02-06,蔬菜,元/斤
华中,0.80,none,2018-08-25,湖北省洪湖农贸市场,1.00,0.50,菜苔,湖北,none,2017-01-30,蔬菜,元/斤
华中,0.80,none,2018-08-25,湖北省洪湖农贸市场,1.00,0.50,菜苔,湖北,none,2017-01-26,蔬菜,元/斤
华中,0.80,none,2018-08-25,湖北省洪湖农贸市场,1.00,0.50,菜苔,湖北,none,2017-01-22,蔬菜,元/斤
华中,0.80,none,2018-08-25,湖北省洪湖农贸市场,1.00,0.50,菜苔,湖北,none,2017-01-20,蔬菜,元/斤
华中,0.80,none,2018-08-25,湖北省洪湖农贸市场,1.00,0.50,菜苔,湖北,none,2017-01-19,蔬菜,元/斤
华中,0.80,none,2018-08-25,湖北省洪湖农贸市场,1.00,0.50,菜苔,湖北,none,2017-01-18,蔬菜,元/斤
华中,0.80,none,2018-08-25,湖北省洪湖农贸市场,1.00,0.50,菜苔,湖北,none,2017-01-17,蔬菜,元/斤
华中,0.80,none,2018-08-25,湖北省洪湖农贸市场,1.00,0.50,菜苔,湖北,none,2017-01-16,蔬菜,元/斤
华中,1.00,none,2018-08-25,湖北省洪湖农贸市场,1.30,0.70,菜苔,湖北,none,2017-01-13,蔬菜,元/斤
华中,1.00,none,2018-08-25,湖北省洪湖农贸市场,1.30,0.70,菜苔,湖北,none,2017-01-12,蔬菜,元/斤
华中,1.00,none,2018-08-25,湖北省洪湖农贸市场,1.30,0.70,菜苔,湖北,none,2017-01-10,蔬菜,元/斤
华中,1.20,none,2018-08-25,湖北省洪湖农贸市场,1.50,0.80,菜苔,湖北,none,2017-01-09,蔬菜,元/斤
华中,1.20,none,2018-08-25,湖北省洪湖农贸市场,1.50,0.80,菜苔,湖北,none,2017-01-06,蔬菜,元/斤
华中,1.20,none,2018-08-25,湖北省洪湖农贸市场,1.50,0.80,菜苔,湖北,none,2017-01-04,蔬菜,元/斤
华中,1.20,none,2018-08-25,湖北省洪湖农贸市场,1.50,0.80,菜苔,湖北,none,2017-01-03,蔬菜,元/斤
华中,2.50,none,2018-08-25,湖北省洪湖农贸市场,3.00,2.00,芹菜,湖北,none,2017-02-06,蔬菜,元/斤
华中,1.80,none,2018-08-25,湖北省洪湖农贸市场,2.00,1.50,芹菜,湖北,none,2017-01-30,蔬菜,元/斤
华中,1.80,none,2018-08-25,湖北省洪湖农贸市场,2.00,1.50,芹菜,湖北,none,2017-01-26,蔬菜,元/斤
华中,2.00,none,2018-08-25,湖北省洪湖农贸市场,2.50,1.50,芹菜,湖北,none,2017-01-22,蔬菜,元/斤
华中,2.00,none,2018-08-25,湖北省洪湖农贸市场,2.50,1.50,芹菜,湖北,none,2017-01-20,蔬菜,元/斤
华中,2.30,none,2018-08-25,湖北省洪湖农贸市场,2.80,1.80,芹菜,湖北,none,2017-01-19,蔬菜,元/斤
华中,2.30,none,2018-08-25,湖北省洪湖农贸市场,2.80,1.80,芹菜,湖北,none,2017-01-18,蔬菜,元/斤
华中,2.30,none,2018-08-25,湖北省洪湖农贸市场,2.80,1.80,芹菜,湖北,none,2017-01-17,蔬菜,元/斤
华中,2.30,none,2018-08-25,湖北省洪湖农贸市场,2.80,1.80,芹菜,湖北,none,2017-01-16,蔬菜,元/斤
华中,2.30,none,2018-08-25,湖北省洪湖农贸市场,2.80,1.80,芹菜,湖北,none,2017-01-13,蔬菜,元/斤
华中,2.30,none,2018-08-25,湖北省洪湖农贸市场,2.80,1.80,芹菜,湖北,none,2017-01-12,蔬菜,元/斤
华中,2.30,none,2018-08-25,湖北省洪湖农贸市场,2.80,1.80,芹菜,湖北,none,2017-01-10,蔬菜,元/斤
华中,2.30,none,2018-08-25,湖北省洪湖农贸市场,2.80,1.80,芹菜,湖北,none,2017-01-09,蔬菜,元/斤
华中,2.30,none,2018-08-25,湖北省洪湖农贸市场,2.80,1.80,芹菜,湖北,none,2017-01-06,蔬菜,元/斤
华中,2.30,none,2018-08-25,湖北省洪湖农贸市场,2.80,1.80,芹菜,湖北,none,2017-01-04,蔬菜,元/斤
华中,2.30,none,2018-08-25,湖北省洪湖农贸市场,2.80,1.80,芹菜,湖北,none,2017-01-03,蔬菜,元/斤
华中,2.50,none,2018-08-25,湖北省洪湖农贸市场,3.00,2.20,西红柿,湖北,none,2017-02-08,蔬菜,元/斤
华中,2.50,none,2018-08-25,湖北省洪湖农贸市场,3.00,2.20,西红柿,湖北,none,2017-02-07,蔬菜,元/斤
华中,2.50,none,2018-08-25,湖北省洪湖农贸市场,3.00,2.20,西红柿,湖北,none,2017-01-30,蔬菜,元/斤
华中,2.50,none,2018-08-25,湖北省洪湖农贸市场,3.00,2.20,西红柿,湖北,none,2017-01-26,蔬菜,元/斤
华中,2.50,none,2018-08-25,湖北省洪湖农贸市场,3.00,2.20,西红柿,湖北,none,2017-01-22,蔬菜,元/斤
华中,2.50,none,2018-08-25,湖北省洪湖农贸市场,3.00,2.20,西红柿,湖北,none,2017-01-20,蔬菜,元/斤
华中,2.50,none,2018-08-25,湖北省洪湖农贸市场,3.00,2.20,西红柿,湖北,none,2017-01-19,蔬菜,元/斤
华中,2.50,none,2018-08-25,湖北省洪湖农贸市场,3.00,2.20,西红柿,湖北,none,2017-01-18,蔬菜,元/斤
华中,2.50,none,2018-08-25,湖北省洪湖农贸市场,3.00,2.20,西红柿,湖北,none,2017-01-17,蔬菜,元/斤
华中,2.50,none,2018-08-25,湖北省洪湖农贸市场,3.00,2.20,西红柿,湖北,none,2017-01-16,蔬菜,元/斤
华中,2.50,none,2018-08-25,湖北省洪湖农贸市场,2.70,2.20,西红柿,湖北,none,2017-01-13,蔬菜,元/斤
华中,2.50,none,2018-08-25,湖北省洪湖农贸市场,2.70,2.20,西红柿,湖北,none,2017-01-12,蔬菜,元/斤
华中,2.50,none,2018-08-25,湖北省洪湖农贸市场,2.70,2.20,西红柿,湖北,none,2017-01-10,蔬菜,元/斤
华中,2.50,none,2018-08-25,湖北省洪湖农贸市场,2.70,2.20,西红柿,湖北,none,2017-01-09,蔬菜,元/斤
华中,2.00,none,2018-08-25,湖北省洪湖农贸市场,2.30,1.80,西红柿,湖北,none,2017-01-06,蔬菜,元/斤
华中,2.00,none,2018-08-25,湖北省洪湖农贸市场,2.30,1.80,西红柿,湖北,none,2017-01-04,蔬菜,元/斤
华中,2.00,none,2018-08-25,湖北省洪湖农贸市场,2.30,1.80,西红柿,湖北,none,2017-01-03,蔬菜,元/斤
华中,1.30,none,2018-08-25,湖北省洪湖农贸市场,1.50,0.90,土豆,湖北,none,2017-01-13,蔬菜,元/斤
华中,1.30,none,2018-08-25,湖北省洪湖农贸市场,1.50,0.90,土豆,湖北,none,2017-01-12,蔬菜,元/斤
华中,1.30,none,2018-08-25,湖北省洪湖农贸市场,1.50,0.90,土豆,湖北,none,2017-01-10,蔬菜,元/斤
华中,1.30,none,2018-08-25,湖北省洪湖农贸市场,1.50,0.90,土豆,湖北,none,2017-01-09,蔬菜,元/斤
华中,1.30,none,2018-08-25,湖北省洪湖农贸市场,1.50,0.90,土豆,湖北,none,2017-01-06,蔬菜,元/斤
华中,1.30,none,2018-08-25,湖北省洪湖农贸市场,1.50,0.90,土豆,湖北,none,2017-01-04,蔬菜,元/斤
华中,1.30,none,2018-08-25,湖北省洪湖农贸市场,1.50,0.90,土豆,湖北,none,2017-01-03,蔬菜,元/斤
华中,0.50,none,2018-08-25,湖北省洪湖农贸市场,0.60,0.40,大白菜,湖北,none,2017-02-04,蔬菜,元/斤
华中,0.50,none,2018-08-25,湖北省洪湖农贸市场,0.60,0.40,大白菜,湖北,none,2017-01-30,蔬菜,元/斤
华中,0.50,none,2018-08-25,湖北省洪湖农贸市场,0.60,0.40,大白菜,湖北,none,2017-01-26,蔬菜,元/斤
华中,0.50,none,2018-08-25,湖北省洪湖农贸市场,0.60,0.40,大白菜,湖北,none,2017-01-23,蔬菜,元/斤
华中,0.50,none,2018-08-25,湖北省洪湖农贸市场,0.60,0.40,大白菜,湖北,none,2017-01-22,蔬菜,元/斤
华中,0.50,none,2018-08-25,湖北省洪湖农贸市场,0.60,0.40,大白菜,湖北,none,2017-01-20,蔬菜,元/斤
华中,0.60,none,2018-08-25,湖北省洪湖农贸市场,0.70,0.50,大白菜,湖北,none,2017-01-19,蔬菜,元/斤
华中,0.60,none,2018-08-25,湖北省洪湖农贸市场,0.70,0.50,大白菜,湖北,none,2017-01-18,蔬菜,元/斤
华中,0.60,none,2018-08-25,湖北省洪湖农贸市场,0.70,0.50,大白菜,湖北,none,2017-01-17,蔬菜,元/斤
华中,0.60,none,2018-08-25,湖北省洪湖农贸市场,0.70,0.50,大白菜,湖北,none,2017-01-16,蔬菜,元/斤
华中,0.60,none,2018-08-25,湖北省洪湖农贸市场,0.70,0.50,大白菜,湖北,none,2017-01-13,蔬菜,元/斤
华中,0.60,none,2018-08-25,湖北省洪湖农贸市场,0.70,0.50,大白菜,湖北,none,2017-01-12,蔬菜,元/斤
华中,0.60,none,2018-08-25,湖北省洪湖农贸市场,0.70,0.50,大白菜,湖北,none,2017-01-11,蔬菜,元/斤
华中,0.60,none,2018-08-25,湖北省洪湖农贸市场,0.70,0.50,大白菜,湖北,none,2017-01-10,蔬菜,元/斤
华中,0.60,none,2018-08-25,湖北省洪湖农贸市场,0.70,0.50,大白菜,湖北,none,2017-01-09,蔬菜,元/斤
华中,0.60,none,2018-08-25,湖北省洪湖农贸市场,0.70,0.50,大白菜,湖北,none,2017-01-06,蔬菜,元/斤
华中,0.60,none,2018-08-25,湖北省洪湖农贸市场,0.70,0.50,大白菜,湖北,none,2017-01-04,蔬菜,元/斤
华中,0.60,none,2018-08-25,湖北省洪湖农贸市场,0.70,0.50,大白菜,湖北,none,2017-01-03,蔬菜,元/斤
华中,2.10,none,2018-08-25,湖北省洪湖农贸市场,2.50,1.80,小葱,湖北,none,2017-03-17,蔬菜,元/斤
华中,1.90,none,2018-08-25,湖北省洪湖农贸市场,2.10,1.60,小葱,湖北,none,2017-03-07,蔬菜,元/斤
华中,1.90,none,2018-08-25,湖北省洪湖农贸市场,2.10,1.60,小葱,湖北,none,2017-03-04,蔬菜,元/斤
华中,1.90,none,2018-08-25,湖北省洪湖农贸市场,2.10,1.60,小葱,湖北,none,2017-03-03,蔬菜,元/斤
华中,1.90,none,2018-08-25,湖北省洪湖农贸市场,2.10,1.60,小葱,湖北,none,2017-03-02,蔬菜,元/斤
华中,1.90,none,2018-08-25,湖北省洪湖农贸市场,2.10,1.60,小葱,湖北,none,2017-03-01,蔬菜,元/斤
华中,1.90,none,2018-08-25,湖北省洪湖农贸市场,2.10,1.60,小葱,湖北,none,2017-02-28,蔬菜,元/斤
华中,1.90,none,2018-08-25,湖北省洪湖农贸市场,2.10,1.60,小葱,湖北,none,2017-02-27,蔬菜,元/斤
华中,1.90,none,2018-08-25,湖北省洪湖农贸市场,2.10,1.60,小葱,湖北,none,2017-02-24,蔬菜,元/斤
华中,1.90,none,2018-08-25,湖北省洪湖农贸市场,2.10,1.60,小葱,湖北,none,2017-02-23,蔬菜,元/斤
华中,1.90,none,2018-08-25,湖北省洪湖农贸市场,2.10,1.60,小葱,湖北,none,2017-02-22,蔬菜,元/斤
华中,2.00,none,2018-08-25,湖北省洪湖农贸市场,2.30,1.80,小葱,湖北,none,2017-02-21,蔬菜,元/斤
华中,2.30,none,2018-08-25,湖北省洪湖农贸市场,2.50,2.00,小葱,湖北,none,2017-02-20,蔬菜,元/斤
华中,3.00,none,2018-08-25,湖北省洪湖农贸市场,3.50,2.50,小葱,湖北,none,2017-02-17,蔬菜,元/斤
华中,3.00,none,2018-08-25,湖北省洪湖农贸市场,3.50,2.50,小葱,湖北,none,2017-02-16,蔬菜,元/斤
华中,3.00,none,2018-08-25,湖北省洪湖农贸市场,3.50,2.50,小葱,湖北,none,2017-02-15,蔬菜,元/斤
华中,3.00,none,2018-08-25,湖北省洪湖农贸市场,3.50,2.50,小葱,湖北,none,2017-02-14,蔬菜,元/斤
华中,3.00,none,2018-08-25,湖北省洪湖农贸市场,3.50,2.50,小葱,湖北,none,2017-02-13,蔬菜,元/斤
华中,3.00,none,2018-08-25,湖北省洪湖农贸市场,3.50,2.50,小葱,湖北,none,2017-02-10,蔬菜,元/斤
华中,3.00,none,2018-08-25,湖北省洪湖农贸市场,3.50,2.50,小葱,湖北,none,2017-02-08,蔬菜,元/斤
华中,3.00,none,2018-08-25,湖北省洪湖农贸市场,3.50,2.50,小葱,湖北,none,2017-02-07,蔬菜,元/斤
华中,3.00,none,2018-08-25,湖北省洪湖农贸市场,3.50,2.50,小葱,湖北,none,2017-02-06,蔬菜,元/斤
华中,2.50,none,2018-08-25,湖北省洪湖农贸市场,3.00,2.00,小葱,湖北,none,2017-01-30,蔬菜,元/斤
华中,2.50,none,2018-08-25,湖北省洪湖农贸市场,3.00,2.00,小葱,湖北,none,2017-01-26,蔬菜,元/斤
华中,2.50,none,2018-08-25,湖北省洪湖农贸市场,3.00,2.00,小葱,湖北,none,2017-01-22,蔬菜,元/斤
华中,3.80,none,2018-08-25,湖北省洪湖农贸市场,4.00,3.60,小葱,湖北,none,2018-08-13,蔬菜,元/斤
华中,3.80,none,2018-08-25,湖北省洪湖农贸市场,4.00,3.60,小葱,湖北,none,2018-08-09,蔬菜,元/斤
华中,3.80,none,2018-08-25,湖北省洪湖农贸市场,4.00,3.60,小葱,湖北,none,2018-08-08,蔬菜,元/斤
华中,3.80,none,2018-08-25,湖北省洪湖农贸市场,4.00,3.60,小葱,湖北,none,2018-08-06,蔬菜,元/斤
华中,3.80,none,2018-08-25,湖北省洪湖农贸市场,4.00,3.60,小葱,湖北,none,2018-08-03,蔬菜,元/斤
华中,3.80,none,2018-08-25,湖北省洪湖农贸市场,4.00,3.60,小葱,湖北,none,2018-08-02,蔬菜,元/斤
华中,3.80,none,2018-08-25,湖北省洪湖农贸市场,4.00,3.60,小葱,湖北,none,2018-08-01,蔬菜,元/斤
华中,3.80,none,2018-08-25,湖北省洪湖农贸市场,4.00,3.60,小葱,湖北,none,2018-07-31,蔬菜,元/斤
华中,3.80,none,2018-08-25,湖北省洪湖农贸市场,4.00,3.60,小葱,湖北,none,2018-07-07,蔬菜,元/斤
华中,3.80,none,2018-08-25,湖北省洪湖农贸市场,4.00,3.60,小葱,湖北,none,2018-07-01,蔬菜,元/斤
华中,4.00,none,2018-08-25,湖北省洪湖农贸市场,4.40,3.60,小葱,湖北,none,2018-06-03,蔬菜,元/斤
华中,4.00,none,2018-08-25,湖北省洪湖农贸市场,4.40,3.60,小葱,湖北,none,2018-05-29,蔬菜,元/斤
华中,4.00,none,2018-08-25,湖北省洪湖农贸市场,4.40,3.60,小葱,湖北,none,2018-05-25,蔬菜,元/斤
华中,4.00,none,2018-08-25,湖北省洪湖农贸市场,4.40,3.60,小葱,湖北,none,2018-05-24,蔬菜,元/斤
华中,4.00,none,2018-08-25,湖北省洪湖农贸市场,4.40,3.60,小葱,湖北,none,2018-05-23,蔬菜,元/斤
华中,4.00,none,2018-08-25,湖北省洪湖农贸市场,4.40,3.60,小葱,湖北,none,2018-05-22,蔬菜,元/斤
华中,4.00,none,2018-08-25,湖北省洪湖农贸市场,4.40,3.60,小葱,湖北,none,2018-05-16,蔬菜,元/斤
华中,3.80,none,2018-08-25,湖北省洪湖农贸市场,4.30,3.30,小葱,湖北,none,2018-05-15,蔬菜,元/斤
华中,3.50,none,2018-08-25,湖北省洪湖农贸市场,4.00,3.00,小葱,湖北,none,2018-05-14,蔬菜,元/斤
华中,2.60,none,2018-08-25,湖北省洪湖农贸市场,3.00,2.10,小葱,湖北,none,2018-05-08,蔬菜,元/斤
华中,2.60,none,2018-08-25,湖北省洪湖农贸市场,3.00,2.10,小葱,湖北,none,2018-05-07,蔬菜,元/斤
华中,2.60,none,2018-08-25,湖北省洪湖农贸市场,3.00,2.10,小葱,湖北,none,2018-05-03,蔬菜,元/斤
华中,2.60,none,2018-08-25,湖北省洪湖农贸市场,3.00,2.10,小葱,湖北,none,2018-05-02,蔬菜,元/斤
华中,2.60,none,2018-08-25,湖北省洪湖农贸市场,3.00,2.10,小葱,湖北,none,2018-04-28,蔬菜,元/斤
华中,2.60,none,2018-08-25,湖北省洪湖农贸市场,3.00,2.10,小葱,湖北,none,2018-04-27,蔬菜,元/斤
华中,1.10,none,2018-08-25,湖北省洪湖农贸市场,1.30,0.90,葱头,湖北,none,2017-02-22,蔬菜,元/斤
华中,1.10,none,2018-08-25,湖北省洪湖农贸市场,1.30,0.90,葱头,湖北,none,2017-02-21,蔬菜,元/斤
华中,1.10,none,2018-08-25,湖北省洪湖农贸市场,1.30,0.90,葱头,湖北,none,2017-02-20,蔬菜,元/斤
华中,1.10,none,2018-08-25,湖北省洪湖农贸市场,1.30,0.90,葱头,湖北,none,2017-02-17,蔬菜,元/斤
华中,1.10,none,2018-08-25,湖北省洪湖农贸市场,1.30,0.90,葱头,湖北,none,2017-02-16,蔬菜,元/斤
华中,1.10,none,2018-08-25,湖北省洪湖农贸市场,1.30,0.90,葱头,湖北,none,2017-02-15,蔬菜,元/斤
华中,1.10,none,2018-08-25,湖北省洪湖农贸市场,1.30,0.90,葱头,湖北,none,2017-02-14,蔬菜,元/斤
华中,1.10,none,2018-08-25,湖北省洪湖农贸市场,1.30,0.90,葱头,湖北,none,2017-02-13,蔬菜,元/斤
华中,1.10,none,2018-08-25,湖北省洪湖农贸市场,1.30,0.90,葱头,湖北,none,2017-02-10,蔬菜,元/斤
华中,1.10,none,2018-08-25,湖北省洪湖农贸市场,1.30,0.90,葱头,湖北,none,2017-02-08,蔬菜,元/斤
华中,1.10,none,2018-08-25,湖北省洪湖农贸市场,1.30,0.90,葱头,湖北,none,2017-02-07,蔬菜,元/斤
华中,1.10,none,2018-08-25,湖北省洪湖农贸市场,1.30,0.90,葱头,湖北,none,2017-02-06,蔬菜,元/斤
华中,1.10,none,2018-08-25,湖北省洪湖农贸市场,1.30,0.90,葱头,湖北,none,2017-01-30,蔬菜,元/斤
华中,1.10,none,2018-08-25,湖北省洪湖农贸市场,1.30,0.90,葱头,湖北,none,2017-01-26,蔬菜,元/斤
华中,1.10,none,2018-08-25,湖北省洪湖农贸市场,1.30,0.90,葱头,湖北,none,2017-01-22,蔬菜,元/斤
华中,1.10,none,2018-08-25,湖北省洪湖农贸市场,1.30,0.90,葱头,湖北,none,2017-01-20,蔬菜,元/斤
华中,1.10,none,2018-08-25,湖北省洪湖农贸市场,1.30,0.90,葱头,湖北,none,2017-01-19,蔬菜,元/斤
华中,1.10,none,2018-08-25,湖北省洪湖农贸市场,1.30,0.90,葱头,湖北,none,2017-01-18,蔬菜,元/斤
华中,1.10,none,2018-08-25,湖北省洪湖农贸市场,1.30,0.90,葱头,湖北,none,2017-01-17,蔬菜,元/斤
华中,1.10,none,2018-08-25,湖北省洪湖农贸市场,1.30,0.90,葱头,湖北,none,2017-01-16,蔬菜,元/斤
华中,1.10,none,2018-08-25,湖北省洪湖农贸市场,1.30,0.90,葱头,湖北,none,2017-01-13,蔬菜,元/斤
华中,1.10,none,2018-08-25,湖北省洪湖农贸市场,1.30,0.90,葱头,湖北,none,2017-01-12,蔬菜,元/斤
华中,1.10,none,2018-08-25,湖北省洪湖农贸市场,1.30,0.90,葱头,湖北,none,2017-01-10,蔬菜,元/斤
华中,1.10,none,2018-08-25,湖北省洪湖农贸市场,1.30,0.90,葱头,湖北,none,2017-01-09,蔬菜,元/斤
华中,1.10,none,2018-08-25,湖北省洪湖农贸市场,1.30,0.90,葱头,湖北,none,2017-01-06,蔬菜,元/斤
华中,1.20,none,2018-08-25,湖北省洪湖农贸市场,1.40,1.00,胡萝卜,湖北,none,2017-02-28,蔬菜,元/斤
华中,1.20,none,2018-08-25,湖北省洪湖农贸市场,1.40,1.00,胡萝卜,湖北,none,2017-02-27,蔬菜,元/斤
华中,1.30,none,2018-08-25,湖北省洪湖农贸市场,1.50,1.20,胡萝卜,湖北,none,2017-02-24,蔬菜,元/斤
华中,1.30,none,2018-08-25,湖北省洪湖农贸市场,1.50,1.20,胡萝卜,湖北,none,2017-02-23,蔬菜,元/斤
华中,1.30,none,2018-08-25,湖北省洪湖农贸市场,1.50,1.20,胡萝卜,湖北,none,2017-02-22,蔬菜,元/斤
华中,1.30,none,2018-08-25,湖北省洪湖农贸市场,1.50,1.20,胡萝卜,湖北,none,2017-02-21,蔬菜,元/斤
华中,1.30,none,2018-08-25,湖北省洪湖农贸市场,1.50,1.20,胡萝卜,湖北,none,2017-02-20,蔬菜,元/斤
华中,1.20,none,2018-08-25,湖北省洪湖农贸市场,1.40,1.10,胡萝卜,湖北,none,2017-02-17,蔬菜,元/斤
华中,1.20,none,2018-08-25,湖北省洪湖农贸市场,1.40,1.10,胡萝卜,湖北,none,2017-02-16,蔬菜,元/斤
华中,1.20,none,2018-08-25,湖北省洪湖农贸市场,1.40,1.10,胡萝卜,湖北,none,2017-02-14,蔬菜,元/斤
华中,1.20,none,2018-08-25,湖北省洪湖农贸市场,1.40,1.10,胡萝卜,湖北,none,2017-02-13,蔬菜,元/斤
华中,1.20,none,2018-08-25,湖北省洪湖农贸市场,1.40,1.10,胡萝卜,湖北,none,2017-02-10,蔬菜,元/斤
华中,1.20,none,2018-08-25,湖北省洪湖农贸市场,1.40,1.10,胡萝卜,湖北,none,2017-02-08,蔬菜,元/斤
华中,1.20,none,2018-08-25,湖北省洪湖农贸市场,1.40,1.10,胡萝卜,湖北,none,2017-02-07,蔬菜,元/斤
华中,1.20,none,2018-08-25,湖北省洪湖农贸市场,1.40,1.10,胡萝卜,湖北,none,2017-02-06,蔬菜,元/斤
华中,1.20,none,2018-08-25,湖北省洪湖农贸市场,1.40,1.10,胡萝卜,湖北,none,2017-01-30,蔬菜,元/斤
华中,1.20,none,2018-08-25,湖北省洪湖农贸市场,1.40,1.10,胡萝卜,湖北,none,2017-01-26,蔬菜,元/斤
华中,1.20,none,2018-08-25,湖北省洪湖农贸市场,1.40,1.10,胡萝卜,湖北,none,2017-01-22,蔬菜,元/斤
华中,1.20,none,2018-08-25,湖北省洪湖农贸市场,1.40,1.10,胡萝卜,湖北,none,2017-01-20,蔬菜,元/斤
华中,1.20,none,2018-08-25,湖北省洪湖农贸市场,1.40,1.10,胡萝卜,湖北,none,2017-01-19,蔬菜,元/斤
华中,1.20,none,2018-08-25,湖北省洪湖农贸市场,1.40,1.10,胡萝卜,湖北,none,2017-01-18,蔬菜,元/斤
华中,1.20,none,2018-08-25,湖北省洪湖农贸市场,1.40,1.10,胡萝卜,湖北,none,2017-01-17,蔬菜,元/斤
华中,1.20,none,2018-08-25,湖北省洪湖农贸市场,1.40,1.10,胡萝卜,湖北,none,2017-01-16,蔬菜,元/斤
华中,1.20,none,2018-08-25,湖北省洪湖农贸市场,1.40,1.10,胡萝卜,湖北,none,2017-01-13,蔬菜,元/斤
华中,1.20,none,2018-08-25,湖北省洪湖农贸市场,1.40,1.10,胡萝卜,湖北,none,2017-01-12,蔬菜,元/斤
华中,0.30,none,2018-08-25,湖北省洪湖农贸市场,0.50,0.20,洋白菜,湖北,none,2017-03-17,蔬菜,元/斤
华中,0.40,none,2018-08-25,湖北省洪湖农贸市场,0.60,0.30,洋白菜,湖北,none,2017-03-07,蔬菜,元/斤
华中,0.40,none,2018-08-25,湖北省洪湖农贸市场,0.60,0.30,洋白菜,湖北,none,2017-03-04,蔬菜,元/斤
华中,0.40,none,2018-08-25,湖北省洪湖农贸市场,0.60,0.30,洋白菜,湖北,none,2017-03-03,蔬菜,元/斤
华中,0.40,none,2018-08-25,湖北省洪湖农贸市场,0.60,0.30,洋白菜,湖北,none,2017-03-02,蔬菜,元/斤
华中,0.40,none,2018-08-25,湖北省洪湖农贸市场,0.60,0.30,洋白菜,湖北,none,2017-03-01,蔬菜,元/斤
华中,0.40,none,2018-08-25,湖北省洪湖农贸市场,0.60,0.30,洋白菜,湖北,none,2017-02-28,蔬菜,元/斤
华中,0.40,none,2018-08-25,湖北省洪湖农贸市场,0.60,0.30,洋白菜,湖北,none,2017-02-27,蔬菜,元/斤
华中,0.40,none,2018-08-25,湖北省洪湖农贸市场,0.60,0.30,洋白菜,湖北,none,2017-02-24,蔬菜,元/斤
华中,0.40,none,2018-08-25,湖北省洪湖农贸市场,0.60,0.30,洋白菜,湖北,none,2017-02-23,蔬菜,元/斤
华中,0.40,none,2018-08-25,湖北省洪湖农贸市场,0.60,0.30,洋白菜,湖北,none,2017-02-22,蔬菜,元/斤
华中,0.40,none,2018-08-25,湖北省洪湖农贸市场,0.60,0.30,洋白菜,湖北,none,2017-02-21,蔬菜,元/斤
华中,0.40,none,2018-08-25,湖北省洪湖农贸市场,0.60,0.30,洋白菜,湖北,none,2017-02-20,蔬菜,元/斤
华中,0.40,none,2018-08-25,湖北省洪湖农贸市场,0.60,0.30,洋白菜,湖北,none,2017-02-17,蔬菜,元/斤
华中,0.40,none,2018-08-25,湖北省洪湖农贸市场,0.60,0.30,洋白菜,湖北,none,2017-02-16,蔬菜,元/斤
华中,0.40,none,2018-08-25,湖北省洪湖农贸市场,0.60,0.30,洋白菜,湖北,none,2017-02-15,蔬菜,元/斤
华中,0.40,none,2018-08-25,湖北省洪湖农贸市场,0.60,0.30,洋白菜,湖北,none,2017-02-14,蔬菜,元/斤
华中,0.40,none,2018-08-25,湖北省洪湖农贸市场,0.60,0.30,洋白菜,湖北,none,2017-02-13,蔬菜,元/斤
华中,0.40,none,2018-08-25,湖北省洪湖农贸市场,0.60,0.30,洋白菜,湖北,none,2017-02-10,蔬菜,元/斤
华中,0.40,none,2018-08-25,湖北省洪湖农贸市场,0.60,0.30,洋白菜,湖北,none,2017-02-08,蔬菜,元/斤
华中,0.40,none,2018-08-25,湖北省洪湖农贸市场,0.60,0.30,洋白菜,湖北,none,2017-02-07,蔬菜,元/斤
华中,0.40,none,2018-08-25,湖北省洪湖农贸市场,0.60,0.30,洋白菜,湖北,none,2017-02-06,蔬菜,元/斤
华中,0.40,none,2018-08-25,湖北省洪湖农贸市场,0.60,0.30,洋白菜,湖北,none,2017-02-04,蔬菜,元/斤
华中,0.40,none,2018-08-25,湖北省洪湖农贸市场,0.60,0.30,洋白菜,湖北,none,2017-01-30,蔬菜,元/斤
华中,0.40,none,2018-08-25,湖北省洪湖农贸市场,0.60,0.30,洋白菜,湖北,none,2017-01-26,蔬菜,元/斤
华中,1.40,none,2018-08-25,湖北省洪湖农贸市场,1.60,1.30,蒜薹,湖北,none,2018-08-13,蔬菜,元/斤
华中,1.40,none,2018-08-25,湖北省洪湖农贸市场,1.60,1.30,蒜薹,湖北,none,2018-08-08,蔬菜,元/斤
华中,1.40,none,2018-08-25,湖北省洪湖农贸市场,1.60,1.30,蒜薹,湖北,none,2018-08-06,蔬菜,元/斤
华中,1.40,none,2018-08-25,湖北省洪湖农贸市场,1.60,1.30,蒜薹,湖北,none,2018-08-03,蔬菜,元/斤
华中,1.40,none,2018-08-25,湖北省洪湖农贸市场,1.60,1.30,蒜薹,湖北,none,2018-08-02,蔬菜,元/斤
华中,1.40,none,2018-08-25,湖北省洪湖农贸市场,1.60,1.30,蒜薹,湖北,none,2018-08-01,蔬菜,元/斤
华中,1.40,none,2018-08-25,湖北省洪湖农贸市场,1.60,1.30,蒜薹,湖北,none,2018-07-31,蔬菜,元/斤
华中,2.50,none,2018-08-25,湖北省洪湖农贸市场,3.00,2.00,蒜薹,湖北,none,2018-07-07,蔬菜,元/斤
华中,2.50,none,2018-08-25,湖北省洪湖农贸市场,3.00,2.00,蒜薹,湖北,none,2018-07-01,蔬菜,元/斤
华中,1.70,none,2018-08-25,湖北省洪湖农贸市场,2.00,1.50,蒜薹,湖北,none,2018-06-03,蔬菜,元/斤
华中,1.70,none,2018-08-25,湖北省洪湖农贸市场,2.00,1.50,蒜薹,湖北,none,2018-05-29,蔬菜,元/斤
华中,1.70,none,2018-08-25,湖北省洪湖农贸市场,2.00,1.50,蒜薹,湖北,none,2018-05-25,蔬菜,元/斤
华中,1.70,none,2018-08-25,湖北省洪湖农贸市场,2.00,1.50,蒜薹,湖北,none,2018-05-24,蔬菜,元/斤
华中,1.70,none,2018-08-25,湖北省洪湖农贸市场,2.00,1.50,蒜薹,湖北,none,2018-05-23,蔬菜,元/斤
华中,1.70,none,2018-08-25,湖北省洪湖农贸市场,2.00,1.50,蒜薹,湖北,none,2018-05-22,蔬菜,元/斤
华中,1.70,none,2018-08-25,湖北省洪湖农贸市场,2.00,1.50,蒜薹,湖北,none,2018-05-16,蔬菜,元/斤
华中,2.10,none,2018-08-25,湖北省洪湖农贸市场,2.30,1.90,蒜薹,湖北,none,2018-05-08,蔬菜,元/斤
华中,2.40,none,2018-08-25,湖北省洪湖农贸市场,2.60,2.20,蒜薹,湖北,none,2018-05-03,蔬菜,元/斤
华中,2.40,none,2018-08-25,湖北省洪湖农贸市场,2.60,2.20,蒜薹,湖北,none,2018-05-02,蔬菜,元/斤
华中,2.40,none,2018-08-25,湖北省洪湖农贸市场,2.60,2.20,蒜薹,湖北,none,2018-04-28,蔬菜,元/斤
华中,2.40,none,2018-08-25,湖北省洪湖农贸市场,2.60,2.20,蒜薹,湖北,none,2018-04-27,蔬菜,元/斤
华中,2.40,none,2018-08-25,湖北省洪湖农贸市场,2.60,2.20,蒜薹,湖北,none,2018-04-26,蔬菜,元/斤
华中,2.40,none,2018-08-25,湖北省洪湖农贸市场,2.60,2.20,蒜薹,湖北,none,2018-04-25,蔬菜,元/斤
华中,2.40,none,2018-08-25,湖北省洪湖农贸市场,2.60,2.20,蒜薹,湖北,none,2018-04-24,蔬菜,元/斤
华中,2.40,none,2018-08-25,湖北省洪湖农贸市场,2.60,2.20,蒜薹,湖北,none,2018-04-20,蔬菜,元/斤
华中,0.52,none,2018-08-25,湖北省洪湖农贸市场,0.82,0.42,莴笋,湖北,none,2017-07-03,蔬菜,元/斤
华中,0.52,none,2018-08-25,湖北省洪湖农贸市场,0.82,0.42,莴笋,湖北,none,2017-06-30,蔬菜,元/斤
华中,0.52,none,2018-08-25,湖北省洪湖农贸市场,0.82,0.42,莴笋,湖北,none,2017-06-29,蔬菜,元/斤
华中,0.52,none,2018-08-25,湖北省洪湖农贸市场,0.82,0.42,莴笋,湖北,none,2017-06-27,蔬菜,元/斤
华中,0.52,none,2018-08-25,湖北省洪湖农贸市场,0.82,0.42,莴笋,湖北,none,2017-06-23,蔬菜,元/斤
华中,0.52,none,2018-08-25,湖北省洪湖农贸市场,0.82,0.42,莴笋,湖北,none,2017-06-21,蔬菜,元/斤
华中,0.52,none,2018-08-25,湖北省洪湖农贸市场,0.82,0.42,莴笋,湖北,none,2017-06-20,蔬菜,元/斤
华中,0.52,none,2018-08-25,湖北省洪湖农贸市场,0.82,0.42,莴笋,湖北,none,2017-06-15,蔬菜,元/斤
华中,0.52,none,2018-08-25,湖北省洪湖农贸市场,0.82,0.42,莴笋,湖北,none,2017-06-13,蔬菜,元/斤
华中,0.52,none,2018-08-25,湖北省洪湖农贸市场,0.82,0.42,莴笋,湖北,none,2017-06-12,蔬菜,元/斤
华中,0.52,none,2018-08-25,湖北省洪湖农贸市场,0.82,0.42,莴笋,湖北,none,2017-06-08,蔬菜,元/斤
华中,0.52,none,2018-08-25,湖北省洪湖农贸市场,0.82,0.42,莴笋,湖北,none,2017-06-05,蔬菜,元/斤
华中,0.52,none,2018-08-25,湖北省洪湖农贸市场,0.82,0.42,莴笋,湖北,none,2017-06-01,蔬菜,元/斤
华中,0.52,none,2018-08-25,湖北省洪湖农贸市场,0.82,0.42,莴笋,湖北,none,2017-05-31,蔬菜,元/斤
华中,0.52,none,2018-08-25,湖北省洪湖农贸市场,0.82,0.42,莴笋,湖北,none,2017-05-24,蔬菜,元/斤
华中,0.52,none,2018-08-25,湖北省洪湖农贸市场,0.82,0.42,莴笋,湖北,none,2017-05-23,蔬菜,元/斤
华中,0.52,none,2018-08-25,湖北省洪湖农贸市场,0.82,0.42,莴笋,湖北,none,2017-05-22,蔬菜,元/斤
华中,0.52,none,2018-08-25,湖北省洪湖农贸市场,0.82,0.42,莴笋,湖北,none,2017-05-17,蔬菜,元/斤
华中,0.52,none,2018-08-25,湖北省洪湖农贸市场,0.82,0.42,莴笋,湖北,none,2017-05-15,蔬菜,元/斤
华中,0.52,none,2018-08-25,湖北省洪湖农贸市场,0.82,0.42,莴笋,湖北,none,2017-05-12,蔬菜,元/斤
华中,0.52,none,2018-08-25,湖北省洪湖农贸市场,0.82,0.42,莴笋,湖北,none,2017-05-10,蔬菜,元/斤
华中,0.52,none,2018-08-25,湖北省洪湖农贸市场,0.82,0.42,莴笋,湖北,none,2017-05-09,蔬菜,元/斤
华中,0.52,none,2018-08-25,湖北省洪湖农贸市场,0.82,0.42,莴笋,湖北,none,2017-05-08,蔬菜,元/斤
华中,0.52,none,2018-08-25,湖北省洪湖农贸市场,0.72,0.42,莴笋,湖北,none,2017-05-05,蔬菜,元/斤
华中,0.52,none,2018-08-25,湖北省洪湖农贸市场,0.72,0.42,莴笋,湖北,none,2017-05-04,蔬菜,元/斤
华中,2.10,none,2018-08-25,湖北省洪湖农贸市场,2.40,1.90,豇豆,湖北,none,2018-08-08,蔬菜,元/斤
华中,2.10,none,2018-08-25,湖北省洪湖农贸市场,2.40,1.90,豇豆,湖北,none,2018-08-06,蔬菜,元/斤
华中,1.80,none,2018-08-25,湖北省洪湖农贸市场,2.00,1.50,豇豆,湖北,none,2018-08-03,蔬菜,元/斤
华中,1.80,none,2018-08-25,湖北省洪湖农贸市场,2.00,1.50,豇豆,湖北,none,2018-08-02,蔬菜,元/斤
华中,1.80,none,2018-08-25,湖北省洪湖农贸市场,2.00,1.50,豇豆,湖北,none,2018-08-01,蔬菜,元/斤
华中,1.80,none,2018-08-25,湖北省洪湖农贸市场,2.00,1.50,豇豆,湖北,none,2018-07-31,蔬菜,元/斤
华中,2.10,none,2018-08-25,湖北省洪湖农贸市场,2.30,1.90,豇豆,湖北,none,2018-06-03,蔬菜,元/斤
华中,2.30,none,2018-08-25,湖北省洪湖农贸市场,2.50,2.00,豇豆,湖北,none,2018-05-29,蔬菜,元/斤
华中,2.50,none,2018-08-25,湖北省洪湖农贸市场,2.80,2.00,豇豆,湖北,none,2018-05-25,蔬菜,元/斤
华中,2.50,none,2018-08-25,湖北省洪湖农贸市场,2.80,2.00,豇豆,湖北,none,2018-05-24,蔬菜,元/斤
华中,2.50,none,2018-08-25,湖北省洪湖农贸市场,2.80,2.00,豇豆,湖北,none,2018-05-16,蔬菜,元/斤
华中,2.50,none,2018-08-25,湖北省洪湖农贸市场,2.80,2.00,豇豆,湖北,none,2018-05-08,蔬菜,元/斤
华中,2.50,none,2018-08-25,湖北省洪湖农贸市场,2.80,2.00,豇豆,湖北,none,2018-05-03,蔬菜,元/斤
华中,2.50,none,2018-08-25,湖北省洪湖农贸市场,2.80,2.00,豇豆,湖北,none,2018-05-02,蔬菜,元/斤
华中,3.50,none,2018-08-25,湖北省洪湖农贸市场,3.80,3.30,豇豆,湖北,none,2018-04-28,蔬菜,元/斤
华中,3.50,none,2018-08-25,湖北省洪湖农贸市场,3.80,3.30,豇豆,湖北,none,2018-04-27,蔬菜,元/斤
华中,3.50,none,2018-08-25,湖北省洪湖农贸市场,3.80,3.30,豇豆,湖北,none,2018-04-26,蔬菜,元/斤
华中,3.50,none,2018-08-25,湖北省洪湖农贸市场,3.80,3.30,豇豆,湖北,none,2018-04-25,蔬菜,元/斤
华中,3.50,none,2018-08-25,湖北省洪湖农贸市场,3.80,3.30,豇豆,湖北,none,2018-04-24,蔬菜,元/斤
华中,3.50,none,2018-08-25,湖北省洪湖农贸市场,3.80,3.30,豇豆,湖北,none,2018-04-20,蔬菜,元/斤
华中,3.50,none,2018-08-25,湖北省洪湖农贸市场,3.80,3.30,豇豆,湖北,none,2018-04-19,蔬菜,元/斤
华中,3.25,none,2018-08-25,湖北省洪湖农贸市场,3.50,3.00,豇豆,湖北,none,2018-04-16,蔬菜,元/斤
华中,2.60,none,2018-08-25,湖北省洪湖农贸市场,2.80,2.40,豇豆,湖北,none,2018-04-13,蔬菜,元/斤
华中,2.80,none,2018-08-25,湖北省洪湖农贸市场,3.00,2.60,豇豆,湖北,none,2018-04-12,蔬菜,元/斤
华中,3.00,none,2018-08-25,湖北省洪湖农贸市场,3.20,2.80,豇豆,湖北,none,2018-04-08,蔬菜,元/斤
华中,1.10,none,2018-08-25,湖北省洪湖农贸市场,1.30,0.90,黄豆芽,湖北,none,2018-08-08,蔬菜,元/斤
华中,1.10,none,2018-08-25,湖北省洪湖农贸市场,1.30,0.90,黄豆芽,湖北,none,2018-08-06,蔬菜,元/斤
华中,1.10,none,2018-08-25,湖北省洪湖农贸市场,1.30,0.90,黄豆芽,湖北,none,2018-08-03,蔬菜,元/斤
华中,1.10,none,2018-08-25,湖北省洪湖农贸市场,1.30,0.90,黄豆芽,湖北,none,2018-08-02,蔬菜,元/斤
华中,1.10,none,2018-08-25,湖北省洪湖农贸市场,1.30,0.90,黄豆芽,湖北,none,2018-08-01,蔬菜,元/斤
华中,1.10,none,2018-08-25,湖北省洪湖农贸市场,1.30,0.90,黄豆芽,湖北,none,2018-07-31,蔬菜,元/斤
华中,1.10,none,2018-08-25,湖北省洪湖农贸市场,1.30,0.90,黄豆芽,湖北,none,2018-07-07,蔬菜,元/斤
华中,1.10,none,2018-08-25,湖北省洪湖农贸市场,1.30,0.90,黄豆芽,湖北,none,2018-07-01,蔬菜,元/斤
华中,1.10,none,2018-08-25,湖北省洪湖农贸市场,1.30,0.90,黄豆芽,湖北,none,2018-06-03,蔬菜,元/斤
华中,1.10,none,2018-08-25,湖北省洪湖农贸市场,1.30,0.90,黄豆芽,湖北,none,2018-05-29,蔬菜,元/斤
华中,1.10,none,2018-08-25,湖北省洪湖农贸市场,1.30,0.90,黄豆芽,湖北,none,2018-05-25,蔬菜,元/斤
华中,1.10,none,2018-08-25,湖北省洪湖农贸市场,1.30,0.90,黄豆芽,湖北,none,2018-05-24,蔬菜,元/斤
华中,1.10,none,2018-08-25,湖北省洪湖农贸市场,1.30,0.90,黄豆芽,湖北,none,2018-05-23,蔬菜,元/斤
华中,1.10,none,2018-08-25,湖北省洪湖农贸市场,1.30,0.90,黄豆芽,湖北,none,2018-05-22,蔬菜,元/斤
华中,1.10,none,2018-08-25,湖北省洪湖农贸市场,1.30,0.90,黄豆芽,湖北,none,2018-05-16,蔬菜,元/斤
华中,1.10,none,2018-08-25,湖北省洪湖农贸市场,1.30,0.90,黄豆芽,湖北,none,2018-05-08,蔬菜,元/斤
华中,1.10,none,2018-08-25,湖北省洪湖农贸市场,1.30,0.90,黄豆芽,湖北,none,2018-05-03,蔬菜,元/斤
华中,1.10,none,2018-08-25,湖北省洪湖农贸市场,1.30,0.90,黄豆芽,湖北,none,2018-05-02,蔬菜,元/斤
华中,1.10,none,2018-08-25,湖北省洪湖农贸市场,1.30,0.90,黄豆芽,湖北,none,2018-04-28,蔬菜,元/斤
华中,1.10,none,2018-08-25,湖北省洪湖农贸市场,1.30,0.90,黄豆芽,湖北,none,2018-04-27,蔬菜,元/斤
华中,1.10,none,2018-08-25,湖北省洪湖农贸市场,1.30,0.90,黄豆芽,湖北,none,2018-04-26,蔬菜,元/斤
华中,1.10,none,2018-08-25,湖北省洪湖农贸市场,1.30,0.90,黄豆芽,湖北,none,2018-04-25,蔬菜,元/斤
华中,1.10,none,2018-08-25,湖北省洪湖农贸市场,1.30,0.90,黄豆芽,湖北,none,2018-04-24,蔬菜,元/斤
华中,1.10,none,2018-08-25,湖北省洪湖农贸市场,1.30,0.90,黄豆芽,湖北,none,2018-04-20,蔬菜,元/斤
华中,1.10,none,2018-08-25,湖北省洪湖农贸市场,1.30,0.90,黄豆芽,湖北,none,2018-04-19,蔬菜,元/斤
华中,2.00,none,2018-08-25,湖北省洪湖农贸市场,2.30,1.60,红椒,湖北,none,2018-08-08,蔬菜,元/斤
华中,2.00,none,2018-08-25,湖北省洪湖农贸市场,2.30,1.60,红椒,湖北,none,2018-08-06,蔬菜,元/斤
华中,2.60,none,2018-08-25,湖北省洪湖农贸市场,3.10,2.10,红椒,湖北,none,2018-08-03,蔬菜,元/斤
华中,2.60,none,2018-08-25,湖北省洪湖农贸市场,3.10,2.10,红椒,湖北,none,2018-08-02,蔬菜,元/斤
华中,2.60,none,2018-08-25,湖北省洪湖农贸市场,3.10,2.10,红椒,湖北,none,2018-08-01,蔬菜,元/斤
华中,2.60,none,2018-08-25,湖北省洪湖农贸市场,3.10,2.10,红椒,湖北,none,2018-07-31,蔬菜,元/斤
华中,1.80,none,2018-08-25,湖北省洪湖农贸市场,2.30,1.30,红椒,湖北,none,2018-07-07,蔬菜,元/斤
华中,1.80,none,2018-08-25,湖北省洪湖农贸市场,2.30,1.30,红椒,湖北,none,2018-07-01,蔬菜,元/斤
华中,2.50,none,2018-08-25,湖北省洪湖农贸市场,2.70,2.00,红椒,湖北,none,2018-06-03,蔬菜,元/斤
华中,2.50,none,2018-08-25,湖北省洪湖农贸市场,3.00,2.00,红椒,湖北,none,2018-05-29,蔬菜,元/斤
华中,3.70,none,2018-08-25,湖北省洪湖农贸市场,4.20,3.20,红椒,湖北,none,2018-05-25,蔬菜,元/斤
华中,3.70,none,2018-08-25,湖北省洪湖农贸市场,4.20,3.20,红椒,湖北,none,2018-05-24,蔬菜,元/斤
华中,3.90,none,2018-08-25,湖北省洪湖农贸市场,4.30,3.40,红椒,湖北,none,2018-05-16,蔬菜,元/斤
华中,3.30,none,2018-08-25,湖北省洪湖农贸市场,3.80,2.80,红椒,湖北,none,2018-05-08,蔬菜,元/斤
华中,3.30,none,2018-08-25,湖北省洪湖农贸市场,3.80,2.80,红椒,湖北,none,2018-05-03,蔬菜,元/斤
华中,3.30,none,2018-08-25,湖北省洪湖农贸市场,3.80,2.80,红椒,湖北,none,2018-05-02,蔬菜,元/斤
华中,3.30,none,2018-08-25,湖北省洪湖农贸市场,3.80,2.80,红椒,湖北,none,2018-04-28,蔬菜,元/斤
华中,3.30,none,2018-08-25,湖北省洪湖农贸市场,3.80,2.80,红椒,湖北,none,2018-04-27,蔬菜,元/斤
华中,3.30,none,2018-08-25,湖北省洪湖农贸市场,3.80,2.80,红椒,湖北,none,2018-04-26,蔬菜,元/斤
华中,3.30,none,2018-08-25,湖北省洪湖农贸市场,3.80,2.80,红椒,湖北,none,2018-04-25,蔬菜,元/斤
华中,3.30,none,2018-08-25,湖北省洪湖农贸市场,3.80,2.80,红椒,湖北,none,2018-04-24,蔬菜,元/斤
华中,3.30,none,2018-08-25,湖北省洪湖农贸市场,3.80,2.80,红椒,湖北,none,2018-04-20,蔬菜,元/斤
华中,3.30,none,2018-08-25,湖北省洪湖农贸市场,3.80,2.80,红椒,湖北,none,2018-04-19,蔬菜,元/斤
华中,3.30,none,2018-08-25,湖北省洪湖农贸市场,3.50,2.80,红椒,湖北,none,2018-04-16,蔬菜,元/斤
华中,2.80,none,2018-08-25,湖北省洪湖农贸市场,3.00,2.50,红椒,湖北,none,2018-04-13,蔬菜,元/斤
华中,0.30,none,2018-08-25,湖北省洪湖农贸市场,0.40,0.20,洋白菜,湖北,none,2017-05-03,蔬菜,元/斤
华中,0.30,none,2018-08-25,湖北省洪湖农贸市场,0.40,0.20,洋白菜,湖北,none,2017-05-02,蔬菜,元/斤
华中,0.30,none,2018-08-25,湖北省洪湖农贸市场,0.40,0.20,洋白菜,湖北,none,2017-04-28,蔬菜,元/斤
华中,0.30,none,2018-08-25,湖北省洪湖农贸市场,0.40,0.20,洋白菜,湖北,none,2017-04-27,蔬菜,元/斤
华中,0.30,none,2018-08-25,湖北省洪湖农贸市场,0.40,0.20,洋白菜,湖北,none,2017-04-26,蔬菜,元/斤
华中,0.30,none,2018-08-25,湖北省洪湖农贸市场,0.40,0.20,洋白菜,湖北,none,2017-04-25,蔬菜,元/斤
华中,0.30,none,2018-08-25,湖北省洪湖农贸市场,0.40,0.20,洋白菜,湖北,none,2017-04-20,蔬菜,元/斤
华中,0.30,none,2018-08-25,湖北省洪湖农贸市场,0.40,0.20,洋白菜,湖北,none,2017-04-18,蔬菜,元/斤
华中,0.30,none,2018-08-25,湖北省洪湖农贸市场,0.40,0.20,洋白菜,湖北,none,2017-04-17,蔬菜,元/斤
华中,0.30,none,2018-08-25,湖北省洪湖农贸市场,0.40,0.20,洋白菜,湖北,none,2017-04-14,蔬菜,元/斤
华中,0.30,none,2018-08-25,湖北省洪湖农贸市场,0.40,0.20,洋白菜,湖北,none,2017-04-13,蔬菜,元/斤
华中,0.30,none,2018-08-25,湖北省洪湖农贸市场,0.40,0.20,洋白菜,湖北,none,2017-04-12,蔬菜,元/斤
华中,0.30,none,2018-08-25,湖北省洪湖农贸市场,0.40,0.20,洋白菜,湖北,none,2017-04-11,蔬菜,元/斤
华中,0.30,none,2018-08-25,湖北省洪湖农贸市场,0.40,0.20,洋白菜,湖北,none,2017-04-10,蔬菜,元/斤
华中,0.30,none,2018-08-25,湖北省洪湖农贸市场,0.40,0.20,洋白菜,湖北,none,2017-04-06,蔬菜,元/斤
华中,0.30,none,2018-08-25,湖北省洪湖农贸市场,0.40,0.20,洋白菜,湖北,none,2017-04-05,蔬菜,元/斤
华中,0.30,none,2018-08-25,湖北省洪湖农贸市场,0.40,0.20,洋白菜,湖北,none,2017-04-01,蔬菜,元/斤
华中,0.30,none,2018-08-25,湖北省洪湖农贸市场,0.40,0.20,洋白菜,湖北,none,2017-03-31,蔬菜,元/斤
华中,0.30,none,2018-08-25,湖北省洪湖农贸市场,0.40,0.20,洋白菜,湖北,none,2017-03-30,蔬菜,元/斤
华中,0.30,none,2018-08-25,湖北省洪湖农贸市场,0.40,0.20,洋白菜,湖北,none,2017-03-29,蔬菜,元/斤
华中,0.30,none,2018-08-25,湖北省洪湖农贸市场,0.40,0.20,洋白菜,湖北,none,2017-03-28,蔬菜,元/斤
华中,0.30,none,2018-08-25,湖北省洪湖农贸市场,0.40,0.20,洋白菜,湖北,none,2017-03-23,蔬菜,元/斤
华中,0.30,none,2018-08-25,湖北省洪湖农贸市场,0.40,0.20,洋白菜,湖北,none,2017-03-22,蔬菜,元/斤
华中,0.30,none,2018-08-25,湖北省洪湖农贸市场,0.40,0.20,洋白菜,湖北,none,2017-03-21,蔬菜,元/斤
华中,0.30,none,2018-08-25,湖北省洪湖农贸市场,0.40,0.20,洋白菜,湖北,none,2017-03-20,蔬菜,元/斤
华中,0.70,none,2018-08-25,湖北省洪湖农贸市场,0.80,0.60,洋白菜,湖北,none,2018-08-17,蔬菜,元/斤
华中,0.70,none,2018-08-25,湖北省洪湖农贸市场,0.80,0.60,洋白菜,湖北,none,2018-08-16,蔬菜,元/斤
华中,0.70,none,2018-08-25,湖北省洪湖农贸市场,0.80,0.60,洋白菜,湖北,none,2018-08-13,蔬菜,元/斤
华中,0.70,none,2018-08-25,湖北省洪湖农贸市场,0.80,0.60,洋白菜,湖北,none,2018-08-09,蔬菜,元/斤
华中,0.70,none,2018-08-25,湖北省洪湖农贸市场,0.80,0.60,洋白菜,湖北,none,2018-08-08,蔬菜,元/斤
华中,0.70,none,2018-08-25,湖北省洪湖农贸市场,0.80,0.60,洋白菜,湖北,none,2018-08-06,蔬菜,元/斤
华中,0.70,none,2018-08-25,湖北省洪湖农贸市场,0.80,0.60,洋白菜,湖北,none,2018-08-03,蔬菜,元/斤
华中,0.70,none,2018-08-25,湖北省洪湖农贸市场,0.80,0.60,洋白菜,湖北,none,2018-08-02,蔬菜,元/斤
华中,0.70,none,2018-08-25,湖北省洪湖农贸市场,0.80,0.60,洋白菜,湖北,none,2018-08-01,蔬菜,元/斤
华中,0.70,none,2018-08-25,湖北省洪湖农贸市场,0.80,0.60,洋白菜,湖北,none,2018-07-31,蔬菜,元/斤
华中,0.70,none,2018-08-25,湖北省洪湖农贸市场,0.80,0.60,洋白菜,湖北,none,2018-07-07,蔬菜,元/斤
华中,0.70,none,2018-08-25,湖北省洪湖农贸市场,0.80,0.60,洋白菜,湖北,none,2018-07-01,蔬菜,元/斤
华中,0.50,none,2018-08-25,湖北省洪湖农贸市场,0.55,0.35,洋白菜,湖北,none,2018-06-03,蔬菜,元/斤
华中,0.50,none,2018-08-25,湖北省洪湖农贸市场,0.55,0.35,洋白菜,湖北,none,2018-05-31,蔬菜,元/斤
华中,0.50,none,2018-08-25,湖北省洪湖农贸市场,0.55,0.35,洋白菜,湖北,none,2018-05-29,蔬菜,元/斤
华中,0.50,none,2018-08-25,湖北省洪湖农贸市场,0.55,0.35,洋白菜,湖北,none,2018-05-25,蔬菜,元/斤
华中,0.50,none,2018-08-25,湖北省洪湖农贸市场,0.55,0.35,洋白菜,湖北,none,2018-05-24,蔬菜,元/斤
华中,0.50,none,2018-08-25,湖北省洪湖农贸市场,0.55,0.35,洋白菜,湖北,none,2018-05-23,蔬菜,元/斤
华中,0.50,none,2018-08-25,湖北省洪湖农贸市场,0.55,0.35,洋白菜,湖北,none,2018-05-22,蔬菜,元/斤
华中,0.50,none,2018-08-25,湖北省洪湖农贸市场,0.55,0.35,洋白菜,湖北,none,2018-05-16,蔬菜,元/斤
华中,0.50,none,2018-08-25,湖北省洪湖农贸市场,0.55,0.35,洋白菜,湖北,none,2018-05-15,蔬菜,元/斤
华中,0.50,none,2018-08-25,湖北省洪湖农贸市场,0.55,0.35,洋白菜,湖北,none,2018-05-14,蔬菜,元/斤
华中,0.50,none,2018-08-25,湖北省洪湖农贸市场,0.55,0.35,洋白菜,湖北,none,2018-05-08,蔬菜,元/斤
华中,0.50,none,2018-08-25,湖北省洪湖农贸市场,0.55,0.35,洋白菜,湖北,none,2018-05-07,蔬菜,元/斤
华中,0.50,none,2018-08-25,湖北省洪湖农贸市场,0.55,0.35,洋白菜,湖北,none,2018-05-04,蔬菜,元/斤
华中,1.10,none,2018-08-25,湖北省洪湖农贸市场,1.40,0.80,菜苔,湖北,none,2017-03-28,蔬菜,元/斤
华中,1.10,none,2018-08-25,湖北省洪湖农贸市场,1.40,0.80,菜苔,湖北,none,2017-03-23,蔬菜,元/斤
华中,1.10,none,2018-08-25,湖北省洪湖农贸市场,1.40,0.80,菜苔,湖北,none,2017-03-22,蔬菜,元/斤
华中,1.10,none,2018-08-25,湖北省洪湖农贸市场,1.40,0.80,菜苔,湖北,none,2017-03-21,蔬菜,元/斤
华中,1.10,none,2018-08-25,湖北省洪湖农贸市场,1.40,0.80,菜苔,湖北,none,2017-03-20,蔬菜,元/斤
华中,1.10,none,2018-08-25,湖北省洪湖农贸市场,1.40,0.80,菜苔,湖北,none,2017-03-17,蔬菜,元/斤
华中,1.10,none,2018-08-25,湖北省洪湖农贸市场,1.40,0.80,菜苔,湖北,none,2017-03-07,蔬菜,元/斤
华中,1.10,none,2018-08-25,湖北省洪湖农贸市场,1.40,0.80,菜苔,湖北,none,2017-03-04,蔬菜,元/斤
华中,1.10,none,2018-08-25,湖北省洪湖农贸市场,1.40,0.80,菜苔,湖北,none,2017-03-03,蔬菜,元/斤
华中,1.10,none,2018-08-25,湖北省洪湖农贸市场,1.40,0.80,菜苔,湖北,none,2017-03-02,蔬菜,元/斤
华中,1.10,none,2018-08-25,湖北省洪湖农贸市场,1.40,0.80,菜苔,湖北,none,2017-03-01,蔬菜,元/斤
华中,1.10,none,2018-08-25,湖北省洪湖农贸市场,1.40,0.80,菜苔,湖北,none,2017-02-28,蔬菜,元/斤
华中,1.10,none,2018-08-25,湖北省洪湖农贸市场,1.40,0.80,菜苔,湖北,none,2017-02-27,蔬菜,元/斤
华中,1.10,none,2018-08-25,湖北省洪湖农贸市场,1.40,0.80,菜苔,湖北,none,2017-02-24,蔬菜,元/斤
华中,1.10,none,2018-08-25,湖北省洪湖农贸市场,1.40,0.80,菜苔,湖北,none,2017-02-23,蔬菜,元/斤
华中,1.10,none,2018-08-25,湖北省洪湖农贸市场,1.40,0.80,菜苔,湖北,none,2017-02-22,蔬菜,元/斤
华中,1.10,none,2018-08-25,湖北省洪湖农贸市场,1.40,0.80,菜苔,湖北,none,2017-02-21,蔬菜,元/斤
华中,1.10,none,2018-08-25,湖北省洪湖农贸市场,1.40,0.80,菜苔,湖北,none,2017-02-20,蔬菜,元/斤
华中,1.10,none,2018-08-25,湖北省洪湖农贸市场,1.40,0.80,菜苔,湖北,none,2017-02-17,蔬菜,元/斤
华中,1.10,none,2018-08-25,湖北省洪湖农贸市场,1.40,0.80,菜苔,湖北,none,2017-02-16,蔬菜,元/斤
华中,1.10,none,2018-08-25,湖北省洪湖农贸市场,1.40,0.80,菜苔,湖北,none,2017-02-15,蔬菜,元/斤
华中,1.10,none,2018-08-25,湖北省洪湖农贸市场,1.40,0.80,菜苔,湖北,none,2017-02-14,蔬菜,元/斤
华中,1.10,none,2018-08-25,湖北省洪湖农贸市场,1.40,0.80,菜苔,湖北,none,2017-02-13,蔬菜,元/斤
华中,1.10,none,2018-08-25,湖北省洪湖农贸市场,1.40,0.80,菜苔,湖北,none,2017-02-10,蔬菜,元/斤
华中,1.10,none,2018-08-25,湖北省洪湖农贸市场,1.40,0.80,菜苔,湖北,none,2017-02-08,蔬菜,元/斤
华中,5.00,none,2018-08-25,湖北省洪湖农贸市场,5.50,4.50,芹菜,湖北,none,2018-08-13,蔬菜,元/斤
华中,3.80,none,2018-08-25,湖北省洪湖农贸市场,4.00,3.50,芹菜,湖北,none,2018-08-08,蔬菜,元/斤
华中,3.80,none,2018-08-25,湖北省洪湖农贸市场,4.00,3.50,芹菜,湖北,none,2018-08-06,蔬菜,元/斤
华中,3.80,none,2018-08-25,湖北省洪湖农贸市场,4.00,3.50,芹菜,湖北,none,2018-08-03,蔬菜,元/斤
华中,3.80,none,2018-08-25,湖北省洪湖农贸市场,4.00,3.50,芹菜,湖北,none,2018-08-02,蔬菜,元/斤
华中,3.80,none,2018-08-25,湖北省洪湖农贸市场,4.00,3.50,芹菜,湖北,none,2018-08-01,蔬菜,元/斤
华中,3.80,none,2018-08-25,湖北省洪湖农贸市场,4.00,3.50,芹菜,湖北,none,2018-07-31,蔬菜,元/斤
华中,3.10,none,2018-08-25,湖北省洪湖农贸市场,3.30,2.80,芹菜,湖北,none,2018-07-07,蔬菜,元/斤
华中,3.50,none,2018-08-25,湖北省洪湖农贸市场,3.80,3.10,芹菜,湖北,none,2018-07-01,蔬菜,元/斤
华中,3.30,none,2018-08-25,湖北省洪湖农贸市场,3.50,2.80,芹菜,湖北,none,2018-06-03,蔬菜,元/斤
华中,3.30,none,2018-08-25,湖北省洪湖农贸市场,3.50,2.80,芹菜,湖北,none,2018-05-29,蔬菜,元/斤
华中,2.80,none,2018-08-25,湖北省洪湖农贸市场,3.10,2.40,芹菜,湖北,none,2018-05-25,蔬菜,元/斤
华中,2.80,none,2018-08-25,湖北省洪湖农贸市场,3.10,2.40,芹菜,湖北,none,2018-05-24,蔬菜,元/斤
华中,2.80,none,2018-08-25,湖北省洪湖农贸市场,3.10,2.40,芹菜,湖北,none,2018-05-23,蔬菜,元/斤
华中,2.80,none,2018-08-25,湖北省洪湖农贸市场,3.10,2.40,芹菜,湖北,none,2018-05-22,蔬菜,元/斤
华中,2.80,none,2018-08-25,湖北省洪湖农贸市场,3.10,2.40,芹菜,湖北,none,2018-05-16,蔬菜,元/斤
华中,2.80,none,2018-08-25,湖北省洪湖农贸市场,3.10,2.40,芹菜,湖北,none,2018-05-15,蔬菜,元/斤
华中,2.50,none,2018-08-25,湖北省洪湖农贸市场,2.80,2.10,芹菜,湖北,none,2018-05-08,蔬菜,元/斤
华中,2.50,none,2018-08-25,湖北省洪湖农贸市场,2.80,2.10,芹菜,湖北,none,2018-05-03,蔬菜,元/斤
华中,2.50,none,2018-08-25,湖北省洪湖农贸市场,2.80,2.10,芹菜,湖北,none,2018-05-02,蔬菜,元/斤
华中,2.10,none,2018-08-25,湖北省洪湖农贸市场,2.50,1.90,芹菜,湖北,none,2018-04-28,蔬菜,元/斤
华中,2.10,none,2018-08-25,湖北省洪湖农贸市场,2.50,1.90,芹菜,湖北,none,2018-04-27,蔬菜,元/斤
华中,2.10,none,2018-08-25,湖北省洪湖农贸市场,2.50,1.90,芹菜,湖北,none,2018-04-26,蔬菜,元/斤
华中,2.10,none,2018-08-25,湖北省洪湖农贸市场,2.50,1.90,芹菜,湖北,none,2018-04-25,蔬菜,元/斤
华中,2.10,none,2018-08-25,湖北省洪湖农贸市场,2.50,1.90,芹菜,湖北,none,2018-04-24,蔬菜,元/斤
华中,1.20,none,2018-08-25,湖北省洪湖农贸市场,1.60,0.90,西红柿,湖北,none,2018-08-08,蔬菜,元/斤
华中,1.20,none,2018-08-25,湖北省洪湖农贸市场,1.60,0.90,西红柿,湖北,none,2018-08-06,蔬菜,元/斤
华中,1.20,none,2018-08-25,湖北省洪湖农贸市场,1.60,0.90,西红柿,湖北,none,2018-08-03,蔬菜,元/斤
华中,1.20,none,2018-08-25,湖北省洪湖农贸市场,1.60,0.90,西红柿,湖北,none,2018-08-02,蔬菜,元/斤
华中,1.20,none,2018-08-25,湖北省洪湖农贸市场,1.60,0.90,西红柿,湖北,none,2018-08-01,蔬菜,元/斤
华中,1.20,none,2018-08-25,湖北省洪湖农贸市场,1.60,0.90,西红柿,湖北,none,2018-07-31,蔬菜,元/斤
华中,1.20,none,2018-08-25,湖北省洪湖农贸市场,1.60,0.80,西红柿,湖北,none,2018-07-07,蔬菜,元/斤
华中,1.05,none,2018-08-25,湖北省洪湖农贸市场,1.45,0.65,西红柿,湖北,none,2018-07-01,蔬菜,元/斤
华中,1.30,none,2018-08-25,湖北省洪湖农贸市场,1.80,0.90,西红柿,湖北,none,2018-06-03,蔬菜,元/斤
华中,1.30,none,2018-08-25,湖北省洪湖农贸市场,1.80,0.90,西红柿,湖北,none,2018-05-29,蔬菜,元/斤
华中,1.60,none,2018-08-25,湖北省洪湖农贸市场,2.10,1.10,西红柿,湖北,none,2018-05-25,蔬菜,元/斤
华中,1.60,none,2018-08-25,湖北省洪湖农贸市场,2.10,1.10,西红柿,湖北,none,2018-05-24,蔬菜,元/斤
华中,1.60,none,2018-08-25,湖北省洪湖农贸市场,2.10,1.10,西红柿,湖北,none,2018-05-23,蔬菜,元/斤
华中,1.60,none,2018-08-25,湖北省洪湖农贸市场,2.10,1.10,西红柿,湖北,none,2018-05-16,蔬菜,元/斤
华中,2.10,none,2018-08-25,湖北省洪湖农贸市场,2.50,1.30,西红柿,湖北,none,2018-05-08,蔬菜,元/斤
华中,2.10,none,2018-08-25,湖北省洪湖农贸市场,2.50,1.30,西红柿,湖北,none,2018-05-03,蔬菜,元/斤
华中,2.10,none,2018-08-25,湖北省洪湖农贸市场,2.50,1.30,西红柿,湖北,none,2018-05-02,蔬菜,元/斤
华中,1.50,none,2018-08-25,湖北省洪湖农贸市场,2.20,1.00,西红柿,湖北,none,2018-04-28,蔬菜,元/斤
华中,1.50,none,2018-08-25,湖北省洪湖农贸市场,2.20,1.00,西红柿,湖北,none,2018-04-27,蔬菜,元/斤
华中,1.50,none,2018-08-25,湖北省洪湖农贸市场,2.20,1.00,西红柿,湖北,none,2018-04-26,蔬菜,元/斤
华中,1.50,none,2018-08-25,湖北省洪湖农贸市场,2.20,1.00,西红柿,湖北,none,2018-04-25,蔬菜,元/斤
华中,1.50,none,2018-08-25,湖北省洪湖农贸市场,2.20,1.00,西红柿,湖北,none,2018-04-24,蔬菜,元/斤
华中,1.50,none,2018-08-25,湖北省洪湖农贸市场,2.20,1.00,西红柿,湖北,none,2018-04-20,蔬菜,元/斤
华中,1.50,none,2018-08-25,湖北省洪湖农贸市场,2.20,1.00,西红柿,湖北,none,2018-04-19,蔬菜,元/斤
华中,1.50,none,2018-08-25,湖北省洪湖农贸市场,2.20,1.00,西红柿,湖北,none,2018-04-17,蔬菜,元/斤
华中,1.30,none,2018-08-25,湖北省洪湖农贸市场,1.40,0.90,土豆,湖北,none,2017-03-01,蔬菜,元/斤
华中,1.30,none,2018-08-25,湖北省洪湖农贸市场,1.40,0.90,土豆,湖北,none,2017-02-28,蔬菜,元/斤
华中,1.30,none,2018-08-25,湖北省洪湖农贸市场,1.40,0.90,土豆,湖北,none,2017-02-27,蔬菜,元/斤
华中,1.30,none,2018-08-25,湖北省洪湖农贸市场,1.40,0.90,土豆,湖北,none,2017-02-24,蔬菜,元/斤
华中,1.30,none,2018-08-25,湖北省洪湖农贸市场,1.40,0.90,土豆,湖北,none,2017-02-23,蔬菜,元/斤
华中,1.30,none,2018-08-25,湖北省洪湖农贸市场,1.40,0.90,土豆,湖北,none,2017-02-22,蔬菜,元/斤
华中,1.30,none,2018-08-25,湖北省洪湖农贸市场,1.40,0.90,土豆,湖北,none,2017-02-21,蔬菜,元/斤
华中,1.30,none,2018-08-25,湖北省洪湖农贸市场,1.40,0.90,土豆,湖北,none,2017-02-20,蔬菜,元/斤
华中,1.30,none,2018-08-25,湖北省洪湖农贸市场,1.50,0.90,土豆,湖北,none,2017-02-17,蔬菜,元/斤
华中,1.30,none,2018-08-25,湖北省洪湖农贸市场,1.50,0.90,土豆,湖北,none,2017-02-16,蔬菜,元/斤
华中,1.30,none,2018-08-25,湖北省洪湖农贸市场,1.50,0.90,土豆,湖北,none,2017-02-15,蔬菜,元/斤
华中,1.30,none,2018-08-25,湖北省洪湖农贸市场,1.50,0.90,土豆,湖北,none,2017-02-14,蔬菜,元/斤
华中,1.30,none,2018-08-25,湖北省洪湖农贸市场,1.50,0.90,土豆,湖北,none,2017-02-13,蔬菜,元/斤
华中,1.30,none,2018-08-25,湖北省洪湖农贸市场,1.50,0.90,土豆,湖北,none,2017-02-10,蔬菜,元/斤
华中,1.30,none,2018-08-25,湖北省洪湖农贸市场,1.50,0.90,土豆,湖北,none,2017-02-08,蔬菜,元/斤
华中,1.30,none,2018-08-25,湖北省洪湖农贸市场,1.50,0.90,土豆,湖北,none,2017-02-07,蔬菜,元/斤
华中,1.30,none,2018-08-25,湖北省洪湖农贸市场,1.50,0.90,土豆,湖北,none,2017-02-06,蔬菜,元/斤
华中,1.30,none,2018-08-25,湖北省洪湖农贸市场,1.50,0.90,土豆,湖北,none,2017-01-30,蔬菜,元/斤
华中,1.30,none,2018-08-25,湖北省洪湖农贸市场,1.50,0.90,土豆,湖北,none,2017-01-26,蔬菜,元/斤
华中,1.30,none,2018-08-25,湖北省洪湖农贸市场,1.50,0.90,土豆,湖北,none,2017-01-22,蔬菜,元/斤
华中,1.30,none,2018-08-25,湖北省洪湖农贸市场,1.50,0.90,土豆,湖北,none,2017-01-20,蔬菜,元/斤
华中,1.30,none,2018-08-25,湖北省洪湖农贸市场,1.50,0.90,土豆,湖北,none,2017-01-19,蔬菜,元/斤
华中,1.30,none,2018-08-25,湖北省洪湖农贸市场,1.50,0.90,土豆,湖北,none,2017-01-18,蔬菜,元/斤
华中,1.30,none,2018-08-25,湖北省洪湖农贸市场,1.50,0.90,土豆,湖北,none,2017-01-17,蔬菜,元/斤
华中,1.30,none,2018-08-25,湖北省洪湖农贸市场,1.50,0.90,土豆,湖北,none,2017-01-16,蔬菜,元/斤
华中,0.30,none,2018-08-25,湖北省洪湖农贸市场,0.40,0.25,大白菜,湖北,none,2017-03-23,蔬菜,元/斤
华中,0.30,none,2018-08-25,湖北省洪湖农贸市场,0.40,0.25,大白菜,湖北,none,2017-03-22,蔬菜,元/斤
华中,0.30,none,2018-08-25,湖北省洪湖农贸市场,0.40,0.25,大白菜,湖北,none,2017-03-21,蔬菜,元/斤
华中,0.30,none,2018-08-25,湖北省洪湖农贸市场,0.40,0.25,大白菜,湖北,none,2017-03-20,蔬菜,元/斤
华中,0.30,none,2018-08-25,湖北省洪湖农贸市场,0.40,0.25,大白菜,湖北,none,2017-03-17,蔬菜,元/斤
华中,0.40,none,2018-08-25,湖北省洪湖农贸市场,0.50,0.30,大白菜,湖北,none,2017-03-07,蔬菜,元/斤
华中,0.40,none,2018-08-25,湖北省洪湖农贸市场,0.50,0.30,大白菜,湖北,none,2017-03-04,蔬菜,元/斤
华中,0.40,none,2018-08-25,湖北省洪湖农贸市场,0.50,0.30,大白菜,湖北,none,2017-03-03,蔬菜,元/斤
华中,0.40,none,2018-08-25,湖北省洪湖农贸市场,0.50,0.30,大白菜,湖北,none,2017-03-02,蔬菜,元/斤
华中,0.40,none,2018-08-25,湖北省洪湖农贸市场,0.50,0.30,大白菜,湖北,none,2017-03-01,蔬菜,元/斤
华中,0.40,none,2018-08-25,湖北省洪湖农贸市场,0.50,0.30,大白菜,湖北,none,2017-02-28,蔬菜,元/斤
华中,0.40,none,2018-08-25,湖北省洪湖农贸市场,0.50,0.30,大白菜,湖北,none,2017-02-27,蔬菜,元/斤
华中,0.40,none,2018-08-25,湖北省洪湖农贸市场,0.50,0.30,大白菜,湖北,none,2017-02-23,蔬菜,元/斤
华中,0.40,none,2018-08-25,湖北省洪湖农贸市场,0.50,0.30,大白菜,湖北,none,2017-02-22,蔬菜,元/斤
华中,0.40,none,2018-08-25,湖北省洪湖农贸市场,0.50,0.30,大白菜,湖北,none,2017-02-21,蔬菜,元/斤
华中,0.40,none,2018-08-25,湖北省洪湖农贸市场,0.50,0.30,大白菜,湖北,none,2017-02-20,蔬菜,元/斤
华中,0.50,none,2018-08-25,湖北省洪湖农贸市场,0.60,0.40,大白菜,湖北,none,2017-02-17,蔬菜,元/斤
华中,0.50,none,2018-08-25,湖北省洪湖农贸市场,0.60,0.40,大白菜,湖北,none,2017-02-16,蔬菜,元/斤
华中,0.50,none,2018-08-25,湖北省洪湖农贸市场,0.60,0.40,大白菜,湖北,none,2017-02-15,蔬菜,元/斤
华中,0.50,none,2018-08-25,湖北省洪湖农贸市场,0.60,0.40,大白菜,湖北,none,2017-02-14,蔬菜,元/斤
华中,0.50,none,2018-08-25,湖北省洪湖农贸市场,0.60,0.40,大白菜,湖北,none,2017-02-13,蔬菜,元/斤
华中,0.50,none,2018-08-25,湖北省洪湖农贸市场,0.60,0.40,大白菜,湖北,none,2017-02-10,蔬菜,元/斤
华中,0.50,none,2018-08-25,湖北省洪湖农贸市场,0.60,0.40,大白菜,湖北,none,2017-02-08,蔬菜,元/斤
华中,0.50,none,2018-08-25,湖北省洪湖农贸市场,0.60,0.40,大白菜,湖北,none,2017-02-07,蔬菜,元/斤
华中,0.50,none,2018-08-25,湖北省洪湖农贸市场,0.60,0.40,大白菜,湖北,none,2017-02-06,蔬菜,元/斤
华中,0.37,none,2018-08-25,湖北省洪湖农贸市场,0.47,0.32,大白菜,湖北,none,2017-05-09,蔬菜,元/斤
华中,0.37,none,2018-08-25,湖北省洪湖农贸市场,0.47,0.32,大白菜,湖北,none,2017-05-08,蔬菜,元/斤
华中,0.37,none,2018-08-25,湖北省洪湖农贸市场,0.47,0.32,大白菜,湖北,none,2017-05-05,蔬菜,元/斤
华中,0.32,none,2018-08-25,湖北省洪湖农贸市场,0.42,0.27,大白菜,湖北,none,2017-05-04,蔬菜,元/斤
华中,0.32,none,2018-08-25,湖北省洪湖农贸市场,0.42,0.27,大白菜,湖北,none,2017-05-03,蔬菜,元/斤
华中,0.32,none,2018-08-25,湖北省洪湖农贸市场,0.42,0.27,大白菜,湖北,none,2017-05-02,蔬菜,元/斤
华中,0.32,none,2018-08-25,湖北省洪湖农贸市场,0.42,0.27,大白菜,湖北,none,2017-04-28,蔬菜,元/斤
华中,0.32,none,2018-08-25,湖北省洪湖农贸市场,0.42,0.27,大白菜,湖北,none,2017-04-27,蔬菜,元/斤
华中,0.32,none,2018-08-25,湖北省洪湖农贸市场,0.42,0.27,大白菜,湖北,none,2017-04-26,蔬菜,元/斤
华中,0.32,none,2018-08-25,湖北省洪湖农贸市场,0.42,0.27,大白菜,湖北,none,2017-04-25,蔬菜,元/斤
华中,0.32,none,2018-08-25,湖北省洪湖农贸市场,0.42,0.27,大白菜,湖北,none,2017-04-20,蔬菜,元/斤
华中,0.32,none,2018-08-25,湖北省洪湖农贸市场,0.42,0.27,大白菜,湖北,none,2017-04-18,蔬菜,元/斤
华中,0.32,none,2018-08-25,湖北省洪湖农贸市场,0.42,0.27,大白菜,湖北,none,2017-04-17,蔬菜,元/斤
华中,0.30,none,2018-08-25,湖北省洪湖农贸市场,0.40,0.25,大白菜,湖北,none,2017-04-14,蔬菜,元/斤
华中,0.30,none,2018-08-25,湖北省洪湖农贸市场,0.40,0.25,大白菜,湖北,none,2017-04-13,蔬菜,元/斤
华中,0.30,none,2018-08-25,湖北省洪湖农贸市场,0.40,0.25,大白菜,湖北,none,2017-04-12,蔬菜,元/斤
华中,0.30,none,2018-08-25,湖北省洪湖农贸市场,0.40,0.25,大白菜,湖北,none,2017-04-11,蔬菜,元/斤
华中,0.30,none,2018-08-25,湖北省洪湖农贸市场,0.40,0.25,大白菜,湖北,none,2017-04-10,蔬菜,元/斤
华中,0.30,none,2018-08-25,湖北省洪湖农贸市场,0.40,0.25,大白菜,湖北,none,2017-04-06,蔬菜,元/斤
华中,0.30,none,2018-08-25,湖北省洪湖农贸市场,0.40,0.25,大白菜,湖北,none,2017-04-05,蔬菜,元/斤
华中,0.30,none,2018-08-25,湖北省洪湖农贸市场,0.40,0.25,大白菜,湖北,none,2017-04-01,蔬菜,元/斤
华中,0.30,none,2018-08-25,湖北省洪湖农贸市场,0.40,0.25,大白菜,湖北,none,2017-03-31,蔬菜,元/斤
华中,0.30,none,2018-08-25,湖北省洪湖农贸市场,0.40,0.25,大白菜,湖北,none,2017-03-30,蔬菜,元/斤
华中,0.30,none,2018-08-25,湖北省洪湖农贸市场,0.40,0.25,大白菜,湖北,none,2017-03-29,蔬菜,元/斤
华中,0.30,none,2018-08-25,湖北省洪湖农贸市场,0.40,0.25,大白菜,湖北,none,2017-03-28,蔬菜,元/斤
华中,0.40,none,2018-08-25,湖北省洪湖农贸市场,0.60,0.30,大白菜,湖北,none,2018-08-17,蔬菜,元/斤
华中,0.40,none,2018-08-25,湖北省洪湖农贸市场,0.60,0.30,大白菜,湖北,none,2018-08-16,蔬菜,元/斤
华中,0.40,none,2018-08-25,湖北省洪湖农贸市场,0.60,0.30,大白菜,湖北,none,2018-08-13,蔬菜,元/斤
华中,0.40,none,2018-08-25,湖北省洪湖农贸市场,0.60,0.30,大白菜,湖北,none,2018-08-10,蔬菜,元/斤
华中,0.40,none,2018-08-25,湖北省洪湖农贸市场,0.60,0.30,大白菜,湖北,none,2018-08-09,蔬菜,元/斤
华中,0.40,none,2018-08-25,湖北省洪湖农贸市场,0.60,0.30,大白菜,湖北,none,2018-08-08,蔬菜,元/斤
华中,0.40,none,2018-08-25,湖北省洪湖农贸市场,0.60,0.30,大白菜,湖北,none,2018-08-06,蔬菜,元/斤
华中,0.40,none,2018-08-25,湖北省洪湖农贸市场,0.60,0.30,大白菜,湖北,none,2018-08-03,蔬菜,元/斤
华中,0.40,none,2018-08-25,湖北省洪湖农贸市场,0.60,0.30,大白菜,湖北,none,2018-08-02,蔬菜,元/斤
华中,0.40,none,2018-08-25,湖北省洪湖农贸市场,0.60,0.30,大白菜,湖北,none,2018-08-01,蔬菜,元/斤
华中,0.40,none,2018-08-25,湖北省洪湖农贸市场,0.60,0.30,大白菜,湖北,none,2018-07-31,蔬菜,元/斤
华中,0.65,none,2018-08-25,湖北省洪湖农贸市场,0.75,0.45,大白菜,湖北,none,2018-07-07,蔬菜,元/斤
华中,0.62,none,2018-08-25,湖北省洪湖农贸市场,0.72,0.42,大白菜,湖北,none,2018-07-01,蔬菜,元/斤
华中,0.70,none,2018-08-25,湖北省洪湖农贸市场,0.90,0.60,大白菜,湖北,none,2018-06-03,蔬菜,元/斤
华中,0.70,none,2018-08-25,湖北省洪湖农贸市场,0.90,0.60,大白菜,湖北,none,2018-05-31,蔬菜,元/斤
华中,0.50,none,2018-08-25,湖北省洪湖农贸市场,0.60,0.40,大白菜,湖北,none,2018-05-29,蔬菜,元/斤
华中,0.50,none,2018-08-25,湖北省洪湖农贸市场,0.60,0.40,大白菜,湖北,none,2018-05-25,蔬菜,元/斤
华中,0.50,none,2018-08-25,湖北省洪湖农贸市场,0.60,0.40,大白菜,湖北,none,2018-05-24,蔬菜,元/斤
华中,0.50,none,2018-08-25,湖北省洪湖农贸市场,0.60,0.40,大白菜,湖北,none,2018-05-23,蔬菜,元/斤
华中,0.50,none,2018-08-25,湖北省洪湖农贸市场,0.60,0.40,大白菜,湖北,none,2018-05-22,蔬菜,元/斤
华中,0.50,none,2018-08-25,湖北省洪湖农贸市场,0.60,0.40,大白菜,湖北,none,2018-05-16,蔬菜,元/斤
华中,0.50,none,2018-08-25,湖北省洪湖农贸市场,0.60,0.40,大白菜,湖北,none,2018-05-15,蔬菜,元/斤
华中,0.50,none,2018-08-25,湖北省洪湖农贸市场,0.60,0.40,大白菜,湖北,none,2018-05-14,蔬菜,元/斤
华中,0.50,none,2018-08-25,湖北省洪湖农贸市场,0.60,0.40,大白菜,湖北,none,2018-05-08,蔬菜,元/斤
华中,0.50,none,2018-08-25,湖北省洪湖农贸市场,0.60,0.40,大白菜,湖北,none,2018-05-07,蔬菜,元/斤
华中,1.20,none,2018-08-25,湖北省洪湖农贸市场,1.50,0.90,土豆,湖北,none,2018-08-13,蔬菜,元/斤
华中,1.20,none,2018-08-25,湖北省洪湖农贸市场,1.50,0.90,土豆,湖北,none,2018-08-09,蔬菜,元/斤
华中,1.20,none,2018-08-25,湖北省洪湖农贸市场,1.50,0.90,土豆,湖北,none,2018-08-08,蔬菜,元/斤
华中,1.20,none,2018-08-25,湖北省洪湖农贸市场,1.50,0.90,土豆,湖北,none,2018-08-06,蔬菜,元/斤
华中,1.20,none,2018-08-25,湖北省洪湖农贸市场,1.50,0.90,土豆,湖北,none,2018-08-03,蔬菜,元/斤
华中,1.20,none,2018-08-25,湖北省洪湖农贸市场,1.50,0.90,土豆,湖北,none,2018-08-02,蔬菜,元/斤
华中,1.20,none,2018-08-25,湖北省洪湖农贸市场,1.50,0.90,土豆,湖北,none,2018-08-01,蔬菜,元/斤
华中,1.20,none,2018-08-25,湖北省洪湖农贸市场,1.50,0.90,土豆,湖北,none,2018-07-31,蔬菜,元/斤
华中,1.20,none,2018-08-25,湖北省洪湖农贸市场,1.50,0.90,土豆,湖北,none,2018-07-07,蔬菜,元/斤
华中,1.20,none,2018-08-25,湖北省洪湖农贸市场,1.50,0.90,土豆,湖北,none,2018-07-01,蔬菜,元/斤
华中,1.30,none,2018-08-25,湖北省洪湖农贸市场,1.70,1.00,土豆,湖北,none,2018-06-03,蔬菜,元/斤
华中,1.30,none,2018-08-25,湖北省洪湖农贸市场,1.70,1.00,土豆,湖北,none,2018-05-29,蔬菜,元/斤
华中,1.30,none,2018-08-25,湖北省洪湖农贸市场,1.70,1.00,土豆,湖北,none,2018-05-25,蔬菜,元/斤
华中,1.30,none,2018-08-25,湖北省洪湖农贸市场,1.70,1.00,土豆,湖北,none,2018-05-24,蔬菜,元/斤
华中,1.30,none,2018-08-25,湖北省洪湖农贸市场,1.70,1.00,土豆,湖北,none,2018-05-23,蔬菜,元/斤
华中,1.30,none,2018-08-25,湖北省洪湖农贸市场,1.70,1.00,土豆,湖北,none,2018-05-22,蔬菜,元/斤
华中,1.30,none,2018-08-25,湖北省洪湖农贸市场,1.70,1.00,土豆,湖北,none,2018-05-16,蔬菜,元/斤
华中,1.30,none,2018-08-25,湖北省洪湖农贸市场,1.70,1.00,土豆,湖北,none,2018-05-15,蔬菜,元/斤
华中,1.30,none,2018-08-25,湖北省洪湖农贸市场,1.70,1.00,土豆,湖北,none,2018-05-14,蔬菜,元/斤
华中,1.30,none,2018-08-25,湖北省洪湖农贸市场,1.50,1.00,土豆,湖北,none,2018-05-08,蔬菜,元/斤
华中,1.30,none,2018-08-25,湖北省洪湖农贸市场,1.50,1.00,土豆,湖北,none,2018-05-03,蔬菜,元/斤
华中,1.30,none,2018-08-25,湖北省洪湖农贸市场,1.50,1.00,土豆,湖北,none,2018-05-02,蔬菜,元/斤
华中,1.30,none,2018-08-25,湖北省洪湖农贸市场,1.50,1.00,土豆,湖北,none,2018-04-28,蔬菜,元/斤
华中,1.30,none,2018-08-25,湖北省洪湖农贸市场,1.50,1.00,土豆,湖北,none,2018-04-27,蔬菜,元/斤
华中,1.30,none,2018-08-25,湖北省洪湖农贸市场,1.50,1.00,土豆,湖北,none,2018-04-26,蔬菜,元/斤
华中,1.30,none,2018-08-25,湖北省洪湖农贸市场,1.60,0.90,胡萝卜,湖北,none,2018-08-13,蔬菜,元/斤
华中,1.10,none,2018-08-25,湖北省洪湖农贸市场,1.40,0.80,胡萝卜,湖北,none,2018-08-09,蔬菜,元/斤
华中,1.10,none,2018-08-25,湖北省洪湖农贸市场,1.40,0.80,胡萝卜,湖北,none,2018-08-08,蔬菜,元/斤
华中,1.10,none,2018-08-25,湖北省洪湖农贸市场,1.40,0.80,胡萝卜,湖北,none,2018-08-06,蔬菜,元/斤
华中,1.10,none,2018-08-25,湖北省洪湖农贸市场,1.40,0.80,胡萝卜,湖北,none,2018-08-03,蔬菜,元/斤
华中,1.10,none,2018-08-25,湖北省洪湖农贸市场,1.40,0.80,胡萝卜,湖北,none,2018-08-02,蔬菜,元/斤
华中,1.10,none,2018-08-25,湖北省洪湖农贸市场,1.40,0.80,胡萝卜,湖北,none,2018-07-31,蔬菜,元/斤
华中,1.20,none,2018-08-25,湖北省洪湖农贸市场,1.50,0.80,胡萝卜,湖北,none,2018-07-07,蔬菜,元/斤
华中,1.50,none,2018-08-25,湖北省洪湖农贸市场,1.80,0.90,胡萝卜,湖北,none,2018-07-01,蔬菜,元/斤
华中,1.50,none,2018-08-25,湖北省洪湖农贸市场,2.00,1.10,胡萝卜,湖北,none,2018-06-03,蔬菜,元/斤
华中,1.50,none,2018-08-25,湖北省洪湖农贸市场,2.00,1.10,胡萝卜,湖北,none,2018-05-29,蔬菜,元/斤
华中,1.50,none,2018-08-25,湖北省洪湖农贸市场,1.80,1.10,胡萝卜,湖北,none,2018-05-25,蔬菜,元/斤
华中,1.50,none,2018-08-25,湖北省洪湖农贸市场,1.80,1.10,胡萝卜,湖北,none,2018-05-24,蔬菜,元/斤
华中,1.50,none,2018-08-25,湖北省洪湖农贸市场,1.80,1.10,胡萝卜,湖北,none,2018-05-23,蔬菜,元/斤
华中,1.50,none,2018-08-25,湖北省洪湖农贸市场,1.80,1.10,胡萝卜,湖北,none,2018-05-22,蔬菜,元/斤
华中,1.50,none,2018-08-25,湖北省洪湖农贸市场,1.80,1.10,胡萝卜,湖北,none,2018-05-16,蔬菜,元/斤
华中,1.50,none,2018-08-25,湖北省洪湖农贸市场,1.80,1.10,胡萝卜,湖北,none,2018-05-15,蔬菜,元/斤
华中,1.50,none,2018-08-25,湖北省洪湖农贸市场,1.80,1.10,胡萝卜,湖北,none,2018-05-14,蔬菜,元/斤
华中,1.30,none,2018-08-25,湖北省洪湖农贸市场,1.50,1.00,胡萝卜,湖北,none,2018-05-08,蔬菜,元/斤
华中,1.30,none,2018-08-25,湖北省洪湖农贸市场,1.50,1.00,胡萝卜,湖北,none,2018-05-03,蔬菜,元/斤
华中,1.30,none,2018-08-25,湖北省洪湖农贸市场,1.50,1.00,胡萝卜,湖北,none,2018-05-02,蔬菜,元/斤
华中,1.30,none,2018-08-25,湖北省洪湖农贸市场,1.50,1.00,胡萝卜,湖北,none,2018-04-28,蔬菜,元/斤
华中,1.30,none,2018-08-25,湖北省洪湖农贸市场,1.50,1.00,胡萝卜,湖北,none,2018-04-27,蔬菜,元/斤
华中,1.30,none,2018-08-25,湖北省洪湖农贸市场,1.50,1.00,胡萝卜,湖北,none,2018-04-26,蔬菜,元/斤
华中,1.30,none,2018-08-25,湖北省洪湖农贸市场,1.50,1.00,胡萝卜,湖北,none,2018-04-25,蔬菜,元/斤
华中,0.70,none,2018-08-25,湖北省洪湖农贸市场,0.80,0.50,葱头,湖北,none,2018-08-13,蔬菜,元/斤
华中,0.70,none,2018-08-25,湖北省洪湖农贸市场,0.80,0.50,葱头,湖北,none,2018-08-09,蔬菜,元/斤
华中,0.70,none,2018-08-25,湖北省洪湖农贸市场,0.80,0.50,葱头,湖北,none,2018-08-08,蔬菜,元/斤
华中,0.70,none,2018-08-25,湖北省洪湖农贸市场,0.80,0.50,葱头,湖北,none,2018-08-06,蔬菜,元/斤
华中,0.70,none,2018-08-25,湖北省洪湖农贸市场,0.80,0.50,葱头,湖北,none,2018-08-03,蔬菜,元/斤
华中,0.70,none,2018-08-25,湖北省洪湖农贸市场,0.80,0.50,葱头,湖北,none,2018-08-02,蔬菜,元/斤
华中,0.70,none,2018-08-25,湖北省洪湖农贸市场,0.80,0.50,葱头,湖北,none,2018-08-01,蔬菜,元/斤
华中,0.70,none,2018-08-25,湖北省洪湖农贸市场,0.80,0.50,葱头,湖北,none,2018-07-31,蔬菜,元/斤
华中,0.70,none,2018-08-25,湖北省洪湖农贸市场,0.80,0.50,葱头,湖北,none,2018-07-07,蔬菜,元/斤
华中,0.70,none,2018-08-25,湖北省洪湖农贸市场,0.80,0.50,葱头,湖北,none,2018-07-01,蔬菜,元/斤
华中,0.90,none,2018-08-25,湖北省洪湖农贸市场,1.10,0.80,葱头,湖北,none,2018-06-03,蔬菜,元/斤
华中,0.90,none,2018-08-25,湖北省洪湖农贸市场,1.10,0.80,葱头,湖北,none,2018-05-29,蔬菜,元/斤
华中,0.90,none,2018-08-25,湖北省洪湖农贸市场,1.10,0.80,葱头,湖北,none,2018-05-25,蔬菜,元/斤
华中,0.90,none,2018-08-25,湖北省洪湖农贸市场,1.10,0.80,葱头,湖北,none,2018-05-24,蔬菜,元/斤
华中,0.90,none,2018-08-25,湖北省洪湖农贸市场,1.10,0.80,葱头,湖北,none,2018-05-23,蔬菜,元/斤
华中,0.90,none,2018-08-25,湖北省洪湖农贸市场,1.10,0.80,葱头,湖北,none,2018-05-22,蔬菜,元/斤
华中,0.90,none,2018-08-25,湖北省洪湖农贸市场,1.10,0.80,葱头,湖北,none,2018-05-16,蔬菜,元/斤
华中,0.90,none,2018-08-25,湖北省洪湖农贸市场,1.10,0.80,葱头,湖北,none,2018-05-15,蔬菜,元/斤
华中,0.90,none,2018-08-25,湖北省洪湖农贸市场,1.10,0.80,葱头,湖北,none,2018-05-14,蔬菜,元/斤
华中,0.90,none,2018-08-25,湖北省洪湖农贸市场,1.10,0.80,葱头,湖北,none,2018-05-08,蔬菜,元/斤
华中,0.90,none,2018-08-25,湖北省洪湖农贸市场,1.10,0.80,葱头,湖北,none,2018-05-03,蔬菜,元/斤
华中,0.90,none,2018-08-25,湖北省洪湖农贸市场,1.10,0.80,葱头,湖北,none,2018-05-02,蔬菜,元/斤
华中,0.90,none,2018-08-25,湖北省洪湖农贸市场,1.10,0.80,葱头,湖北,none,2018-04-28,蔬菜,元/斤
华中,0.90,none,2018-08-25,湖北省洪湖农贸市场,1.10,0.80,葱头,湖北,none,2018-04-27,蔬菜,元/斤
华中,0.90,none,2018-08-25,湖北省洪湖农贸市场,1.10,0.80,葱头,湖北,none,2018-04-26,蔬菜,元/斤
华中,0.60,none,2018-08-25,湖北省洪湖农贸市场,0.70,0.50,大白菜,湖北,none,2017-06-28,蔬菜,元/斤
华中,0.60,none,2018-08-25,湖北省洪湖农贸市场,0.70,0.50,大白菜,湖北,none,2017-06-27,蔬菜,元/斤
华中,0.60,none,2018-08-25,湖北省洪湖农贸市场,0.70,0.50,大白菜,湖北,none,2017-06-26,蔬菜,元/斤
华中,0.60,none,2018-08-25,湖北省洪湖农贸市场,0.70,0.50,大白菜,湖北,none,2017-06-23,蔬菜,元/斤
华中,0.60,none,2018-08-25,湖北省洪湖农贸市场,0.70,0.50,大白菜,湖北,none,2017-06-21,蔬菜,元/斤
华中,0.60,none,2018-08-25,湖北省洪湖农贸市场,0.70,0.50,大白菜,湖北,none,2017-06-20,蔬菜,元/斤
华中,0.60,none,2018-08-25,湖北省洪湖农贸市场,0.70,0.50,大白菜,湖北,none,2017-06-19,蔬菜,元/斤
华中,0.60,none,2018-08-25,湖北省洪湖农贸市场,0.70,0.50,大白菜,湖北,none,2017-06-16,蔬菜,元/斤
华中,0.60,none,2018-08-25,湖北省洪湖农贸市场,0.70,0.50,大白菜,湖北,none,2017-06-15,蔬菜,元/斤
华中,0.60,none,2018-08-25,湖北省洪湖农贸市场,0.70,0.50,大白菜,湖北,none,2017-06-14,蔬菜,元/斤
华中,0.60,none,2018-08-25,湖北省洪湖农贸市场,0.70,0.50,大白菜,湖北,none,2017-06-13,蔬菜,元/斤
华中,0.60,none,2018-08-25,湖北省洪湖农贸市场,0.70,0.50,大白菜,湖北,none,2017-06-12,蔬菜,元/斤
华中,0.60,none,2018-08-25,湖北省洪湖农贸市场,0.70,0.50,大白菜,湖北,none,2017-06-09,蔬菜,元/斤
华中,0.60,none,2018-08-25,湖北省洪湖农贸市场,0.70,0.50,大白菜,湖北,none,2017-06-08,蔬菜,元/斤
华中,0.50,none,2018-08-25,湖北省洪湖农贸市场,0.60,0.40,大白菜,湖北,none,2017-06-06,蔬菜,元/斤
华中,0.50,none,2018-08-25,湖北省洪湖农贸市场,0.60,0.40,大白菜,湖北,none,2017-06-05,蔬菜,元/斤
华中,0.37,none,2018-08-25,湖北省洪湖农贸市场,0.47,0.32,大白菜,湖北,none,2017-06-01,蔬菜,元/斤
华中,0.37,none,2018-08-25,湖北省洪湖农贸市场,0.47,0.32,大白菜,湖北,none,2017-05-31,蔬菜,元/斤
华中,0.37,none,2018-08-25,湖北省洪湖农贸市场,0.47,0.32,大白菜,湖北,none,2017-05-24,蔬菜,元/斤
华中,0.37,none,2018-08-25,湖北省洪湖农贸市场,0.47,0.32,大白菜,湖北,none,2017-05-23,蔬菜,元/斤
华中,0.37,none,2018-08-25,湖北省洪湖农贸市场,0.47,0.32,大白菜,湖北,none,2017-05-22,蔬菜,元/斤
华中,0.37,none,2018-08-25,湖北省洪湖农贸市场,0.47,0.32,大白菜,湖北,none,2017-05-17,蔬菜,元/斤
华中,0.37,none,2018-08-25,湖北省洪湖农贸市场,0.47,0.32,大白菜,湖北,none,2017-05-15,蔬菜,元/斤
华中,0.37,none,2018-08-25,湖北省洪湖农贸市场,0.47,0.32,大白菜,湖北,none,2017-05-12,蔬菜,元/斤
华中,0.37,none,2018-08-25,湖北省洪湖农贸市场,0.47,0.32,大白菜,湖北,none,2017-05-10,蔬菜,元/斤
华中,0.75,none,2018-08-25,湖北省洪湖农贸市场,0.95,0.55,大白菜,湖北,none,2017-08-14,蔬菜,元/斤
华中,0.70,none,2018-08-25,湖北省洪湖农贸市场,0.90,0.50,大白菜,湖北,none,2017-08-10,蔬菜,元/斤
华中,0.70,none,2018-08-25,湖北省洪湖农贸市场,0.90,0.50,大白菜,湖北,none,2017-08-08,蔬菜,元/斤
华中,0.70,none,2018-08-25,湖北省洪湖农贸市场,0.90,0.50,大白菜,湖北,none,2017-08-03,蔬菜,元/斤
华中,0.70,none,2018-08-25,湖北省洪湖农贸市场,0.90,0.50,大白菜,湖北,none,2017-08-02,蔬菜,元/斤
华中,0.70,none,2018-08-25,湖北省洪湖农贸市场,0.90,0.50,大白菜,湖北,none,2017-07-31,蔬菜,元/斤
华中,0.70,none,2018-08-25,湖北省洪湖农贸市场,0.90,0.50,大白菜,湖北,none,2017-07-28,蔬菜,元/斤
华中,0.70,none,2018-08-25,湖北省洪湖农贸市场,0.90,0.50,大白菜,湖北,none,2017-07-26,蔬菜,元/斤
华中,0.70,none,2018-08-25,湖北省洪湖农贸市场,0.90,0.50,大白菜,湖北,none,2017-07-25,蔬菜,元/斤
华中,0.70,none,2018-08-25,湖北省洪湖农贸市场,0.90,0.50,大白菜,湖北,none,2017-07-24,蔬菜,元/斤
华中,0.70,none,2018-08-25,湖北省洪湖农贸市场,0.90,0.60,大白菜,湖北,none,2017-07-21,蔬菜,元/斤
华中,0.70,none,2018-08-25,湖北省洪湖农贸市场,0.90,0.60,大白菜,湖北,none,2017-07-20,蔬菜,元/斤
华中,0.70,none,2018-08-25,湖北省洪湖农贸市场,0.90,0.60,大白菜,湖北,none,2017-07-19,蔬菜,元/斤
华中,0.70,none,2018-08-25,湖北省洪湖农贸市场,0.90,0.60,大白菜,湖北,none,2017-07-13,蔬菜,元/斤
华中,0.70,none,2018-08-25,湖北省洪湖农贸市场,0.90,0.60,大白菜,湖北,none,2017-07-12,蔬菜,元/斤
华中,0.70,none,2018-08-25,湖北省洪湖农贸市场,0.90,0.60,大白菜,湖北,none,2017-07-11,蔬菜,元/斤
华中,0.70,none,2018-08-25,湖北省洪湖农贸市场,0.90,0.60,大白菜,湖北,none,2017-07-10,蔬菜,元/斤
华中,0.60,none,2018-08-25,湖北省洪湖农贸市场,0.70,0.50,大白菜,湖北,none,2017-07-08,蔬菜,元/斤
华中,0.60,none,2018-08-25,湖北省洪湖农贸市场,0.70,0.50,大白菜,湖北,none,2017-07-07,蔬菜,元/斤
华中,0.60,none,2018-08-25,湖北省洪湖农贸市场,0.70,0.50,大白菜,湖北,none,2017-07-06,蔬菜,元/斤
华中,0.60,none,2018-08-25,湖北省洪湖农贸市场,0.70,0.50,大白菜,湖北,none,2017-07-05,蔬菜,元/斤
华中,0.60,none,2018-08-25,湖北省洪湖农贸市场,0.70,0.50,大白菜,湖北,none,2017-07-04,蔬菜,元/斤
华中,0.60,none,2018-08-25,湖北省洪湖农贸市场,0.70,0.50,大白菜,湖北,none,2017-07-03,蔬菜,元/斤
华中,0.60,none,2018-08-25,湖北省洪湖农贸市场,0.70,0.50,大白菜,湖北,none,2017-06-30,蔬菜,元/斤
华中,0.60,none,2018-08-25,湖北省洪湖农贸市场,0.70,0.50,大白菜,湖北,none,2017-06-29,蔬菜,元/斤
华中,0.70,none,2018-08-25,湖北省洪湖农贸市场,0.80,0.60,大白菜,湖北,none,2017-10-09,蔬菜,元/斤
华中,0.67,none,2018-08-25,湖北省洪湖农贸市场,0.77,0.47,大白菜,湖北,none,2017-09-30,蔬菜,元/斤
华中,0.67,none,2018-08-25,湖北省洪湖农贸市场,0.77,0.47,大白菜,湖北,none,2017-09-29,蔬菜,元/斤
华中,0.67,none,2018-08-25,湖北省洪湖农贸市场,0.77,0.47,大白菜,湖北,none,2017-09-28,蔬菜,元/斤
华中,0.67,none,2018-08-25,湖北省洪湖农贸市场,0.77,0.47,大白菜,湖北,none,2017-09-27,蔬菜,元/斤
华中,0.67,none,2018-08-25,湖北省洪湖农贸市场,0.77,0.47,大白菜,湖北,none,2017-09-26,蔬菜,元/斤
华中,0.67,none,2018-08-25,湖北省洪湖农贸市场,0.77,0.47,大白菜,湖北,none,2017-09-25,蔬菜,元/斤
华中,0.67,none,2018-08-25,湖北省洪湖农贸市场,0.77,0.47,大白菜,湖北,none,2017-09-22,蔬菜,元/斤
华中,0.67,none,2018-08-25,湖北省洪湖农贸市场,0.77,0.47,大白菜,湖北,none,2017-09-21,蔬菜,元/斤
华中,0.67,none,2018-08-25,湖北省洪湖农贸市场,0.77,0.47,大白菜,湖北,none,2017-09-20,蔬菜,元/斤
华中,0.67,none,2018-08-25,湖北省洪湖农贸市场,0.77,0.47,大白菜,湖北,none,2017-09-19,蔬菜,元/斤
华中,0.70,none,2018-08-25,湖北省洪湖农贸市场,0.80,0.50,大白菜,湖北,none,2017-09-08,蔬菜,元/斤
华中,0.70,none,2018-08-25,湖北省洪湖农贸市场,0.80,0.50,大白菜,湖北,none,2017-09-07,蔬菜,元/斤
华中,0.70,none,2018-08-25,湖北省洪湖农贸市场,0.80,0.50,大白菜,湖北,none,2017-09-04,蔬菜,元/斤
华中,0.77,none,2018-08-25,湖北省洪湖农贸市场,0.92,0.57,大白菜,湖北,none,2017-09-01,蔬菜,元/斤
华中,0.77,none,2018-08-25,湖北省洪湖农贸市场,0.92,0.57,大白菜,湖北,none,2017-08-31,蔬菜,元/斤
华中,0.77,none,2018-08-25,湖北省洪湖农贸市场,0.92,0.57,大白菜,湖北,none,2017-08-30,蔬菜,元/斤
华中,0.75,none,2018-08-25,湖北省洪湖农贸市场,0.90,0.55,大白菜,湖北,none,2017-08-29,蔬菜,元/斤
华中,0.75,none,2018-08-25,湖北省洪湖农贸市场,0.90,0.55,大白菜,湖北,none,2017-08-24,蔬菜,元/斤
华中,0.75,none,2018-08-25,湖北省洪湖农贸市场,0.90,0.55,大白菜,湖北,none,2017-08-23,蔬菜,元/斤
华中,0.75,none,2018-08-25,湖北省洪湖农贸市场,0.90,0.55,大白菜,湖北,none,2017-08-22,蔬菜,元/斤
华中,0.75,none,2018-08-25,湖北省洪湖农贸市场,0.90,0.55,大白菜,湖北,none,2017-08-21,蔬菜,元/斤
华中,0.75,none,2018-08-25,湖北省洪湖农贸市场,0.95,0.55,大白菜,湖北,none,2017-08-18,蔬菜,元/斤
华中,0.75,none,2018-08-25,湖北省洪湖农贸市场,0.95,0.55,大白菜,湖北,none,2017-08-16,蔬菜,元/斤
华中,0.75,none,2018-08-25,湖北省洪湖农贸市场,0.95,0.55,大白菜,湖北,none,2017-08-15,蔬菜,元/斤
华中,0.50,none,2018-08-25,湖北省洪湖农贸市场,0.60,0.40,大白菜,湖北,none,2017-11-15,蔬菜,元/斤
华中,0.50,none,2018-08-25,湖北省洪湖农贸市场,0.60,0.40,大白菜,湖北,none,2017-11-14,蔬菜,元/斤
华中,0.50,none,2018-08-25,湖北省洪湖农贸市场,0.60,0.40,大白菜,湖北,none,2017-11-13,蔬菜,元/斤
华中,0.50,none,2018-08-25,湖北省洪湖农贸市场,0.60,0.40,大白菜,湖北,none,2017-11-10,蔬菜,元/斤
华中,0.50,none,2018-08-25,湖北省洪湖农贸市场,0.60,0.40,大白菜,湖北,none,2017-11-09,蔬菜,元/斤
华中,0.50,none,2018-08-25,湖北省洪湖农贸市场,0.60,0.40,大白菜,湖北,none,2017-11-08,蔬菜,元/斤
华中,0.50,none,2018-08-25,湖北省洪湖农贸市场,0.60,0.40,大白菜,湖北,none,2017-11-07,蔬菜,元/斤
华中,0.50,none,2018-08-25,湖北省洪湖农贸市场,0.60,0.40,大白菜,湖北,none,2017-11-06,蔬菜,元/斤
华中,0.62,none,2018-08-25,湖北省洪湖农贸市场,0.72,0.52,大白菜,湖北,none,2017-11-03,蔬菜,元/斤
华中,0.62,none,2018-08-25,湖北省洪湖农贸市场,0.72,0.52,大白菜,湖北,none,2017-11-02,蔬菜,元/斤
华中,0.60,none,2018-08-25,湖北省洪湖农贸市场,0.70,0.50,大白菜,湖北,none,2017-11-01,蔬菜,元/斤
华中,0.60,none,2018-08-25,湖北省洪湖农贸市场,0.70,0.50,大白菜,湖北,none,2017-10-31,蔬菜,元/斤
华中,0.70,none,2018-08-25,湖北省洪湖农贸市场,0.80,0.60,大白菜,湖北,none,2017-10-27,蔬菜,元/斤
华中,0.70,none,2018-08-25,湖北省洪湖农贸市场,0.80,0.60,大白菜,湖北,none,2017-10-26,蔬菜,元/斤
华中,0.70,none,2018-08-25,湖北省洪湖农贸市场,0.80,0.60,大白菜,湖北,none,2017-10-25,蔬菜,元/斤
华中,0.70,none,2018-08-25,湖北省洪湖农贸市场,0.80,0.60,大白菜,湖北,none,2017-10-24,蔬菜,元/斤
华中,0.70,none,2018-08-25,湖北省洪湖农贸市场,0.80,0.60,大白菜,湖北,none,2017-10-23,蔬菜,元/斤
华中,0.70,none,2018-08-25,湖北省洪湖农贸市场,0.80,0.60,大白菜,湖北,none,2017-10-20,蔬菜,元/斤
华中,0.70,none,2018-08-25,湖北省洪湖农贸市场,0.80,0.60,大白菜,湖北,none,2017-10-19,蔬菜,元/斤
华中,0.70,none,2018-08-25,湖北省洪湖农贸市场,0.80,0.60,大白菜,湖北,none,2017-10-18,蔬菜,元/斤
华中,0.70,none,2018-08-25,湖北省洪湖农贸市场,0.80,0.60,大白菜,湖北,none,2017-10-17,蔬菜,元/斤
华中,0.70,none,2018-08-25,湖北省洪湖农贸市场,0.80,0.60,大白菜,湖北,none,2017-10-16,蔬菜,元/斤
华中,0.70,none,2018-08-25,湖北省洪湖农贸市场,0.80,0.60,大白菜,湖北,none,2017-10-13,蔬菜,元/斤
华中,0.70,none,2018-08-25,湖北省洪湖农贸市场,0.80,0.60,大白菜,湖北,none,2017-10-12,蔬菜,元/斤
华中,0.70,none,2018-08-25,湖北省洪湖农贸市场,0.80,0.60,大白菜,湖北,none,2017-10-11,蔬菜,元/斤
华中,0.45,none,2018-08-25,湖北省洪湖农贸市场,0.55,0.40,大白菜,湖北,none,2017-12-21,蔬菜,元/斤
华中,0.45,none,2018-08-25,湖北省洪湖农贸市场,0.55,0.40,大白菜,湖北,none,2017-12-20,蔬菜,元/斤
华中,0.45,none,2018-08-25,湖北省洪湖农贸市场,0.55,0.40,大白菜,湖北,none,2017-12-19,蔬菜,元/斤
华中,0.45,none,2018-08-25,湖北省洪湖农贸市场,0.55,0.40,大白菜,湖北,none,2017-12-18,蔬菜,元/斤
华中,0.45,none,2018-08-25,湖北省洪湖农贸市场,0.55,0.40,大白菜,湖北,none,2017-12-14,蔬菜,元/斤
华中,0.45,none,2018-08-25,湖北省洪湖农贸市场,0.55,0.40,大白菜,湖北,none,2017-12-13,蔬菜,元/斤
华中,0.45,none,2018-08-25,湖北省洪湖农贸市场,0.55,0.40,大白菜,湖北,none,2017-12-12,蔬菜,元/斤
华中,0.45,none,2018-08-25,湖北省洪湖农贸市场,0.55,0.40,大白菜,湖北,none,2017-12-11,蔬菜,元/斤
华中,0.45,none,2018-08-25,湖北省洪湖农贸市场,0.55,0.40,大白菜,湖北,none,2017-12-08,蔬菜,元/斤
华中,0.45,none,2018-08-25,湖北省洪湖农贸市场,0.55,0.40,大白菜,湖北,none,2017-12-07,蔬菜,元/斤
华中,0.45,none,2018-08-25,湖北省洪湖农贸市场,0.55,0.40,大白菜,湖北,none,2017-12-06,蔬菜,元/斤
华中,0.45,none,2018-08-25,湖北省洪湖农贸市场,0.55,0.40,大白菜,湖北,none,2017-12-05,蔬菜,元/斤
华中,0.45,none,2018-08-25,湖北省洪湖农贸市场,0.55,0.40,大白菜,湖北,none,2017-12-04,蔬菜,元/斤
华中,0.45,none,2018-08-25,湖北省洪湖农贸市场,0.55,0.40,大白菜,湖北,none,2017-12-01,蔬菜,元/斤
华中,0.45,none,2018-08-25,湖北省洪湖农贸市场,0.55,0.40,大白菜,湖北,none,2017-11-30,蔬菜,元/斤
华中,0.45,none,2018-08-25,湖北省洪湖农贸市场,0.55,0.40,大白菜,湖北,none,2017-11-29,蔬菜,元/斤
华中,0.45,none,2018-08-25,湖北省洪湖农贸市场,0.55,0.40,大白菜,湖北,none,2017-11-28,蔬菜,元/斤
华中,0.45,none,2018-08-25,湖北省洪湖农贸市场,0.55,0.40,大白菜,湖北,none,2017-11-27,蔬菜,元/斤
华中,0.45,none,2018-08-25,湖北省洪湖农贸市场,0.55,0.40,大白菜,湖北,none,2017-11-24,蔬菜,元/斤
华中,0.50,none,2018-08-25,湖北省洪湖农贸市场,0.60,0.40,大白菜,湖北,none,2017-11-23,蔬菜,元/斤
华中,0.50,none,2018-08-25,湖北省洪湖农贸市场,0.60,0.40,大白菜,湖北,none,2017-11-22,蔬菜,元/斤
华中,0.50,none,2018-08-25,湖北省洪湖农贸市场,0.60,0.40,大白菜,湖北,none,2017-11-21,蔬菜,元/斤
华中,0.50,none,2018-08-25,湖北省洪湖农贸市场,0.60,0.40,大白菜,湖北,none,2017-11-20,蔬菜,元/斤
华中,0.50,none,2018-08-25,湖北省洪湖农贸市场,0.60,0.40,大白菜,湖北,none,2017-11-17,蔬菜,元/斤
华中,0.50,none,2018-08-25,湖北省洪湖农贸市场,0.60,0.40,大白菜,湖北,none,2017-11-16,蔬菜,元/斤
华中,0.40,none,2018-08-25,湖北省洪湖农贸市场,0.50,0.30,大白菜,湖北,none,2018-01-30,蔬菜,元/斤
华中,0.40,none,2018-08-25,湖北省洪湖农贸市场,0.50,0.30,大白菜,湖北,none,2018-01-29,蔬菜,元/斤
华中,0.40,none,2018-08-25,湖北省洪湖农贸市场,0.50,0.30,大白菜,湖北,none,2018-01-28,蔬菜,元/斤
华中,0.40,none,2018-08-25,湖北省洪湖农贸市场,0.50,0.30,大白菜,湖北,none,2018-01-27,蔬菜,元/斤
华中,0.40,none,2018-08-25,湖北省洪湖农贸市场,0.50,0.30,大白菜,湖北,none,2018-01-26,蔬菜,元/斤
华中,0.40,none,2018-08-25,湖北省洪湖农贸市场,0.50,0.30,大白菜,湖北,none,2018-01-25,蔬菜,元/斤
华中,0.40,none,2018-08-25,湖北省洪湖农贸市场,0.50,0.30,大白菜,湖北,none,2018-01-24,蔬菜,元/斤
华中,0.40,none,2018-08-25,湖北省洪湖农贸市场,0.50,0.30,大白菜,湖北,none,2018-01-23,蔬菜,元/斤
华中,0.40,none,2018-08-25,湖北省洪湖农贸市场,0.50,0.30,大白菜,湖北,none,2018-01-19,蔬菜,元/斤
华中,0.40,none,2018-08-25,湖北省洪湖农贸市场,0.50,0.30,大白菜,湖北,none,2018-01-18,蔬菜,元/斤
华中,0.40,none,2018-08-25,湖北省洪湖农贸市场,0.50,0.30,大白菜,湖北,none,2018-01-17,蔬菜,元/斤
华中,0.40,none,2018-08-25,湖北省洪湖农贸市场,0.50,0.30,大白菜,湖北,none,2018-01-16,蔬菜,元/斤
华中,0.40,none,2018-08-25,湖北省洪湖农贸市场,0.50,0.30,大白菜,湖北,none,2018-01-15,蔬菜,元/斤
华中,0.40,none,2018-08-25,湖北省洪湖农贸市场,0.50,0.30,大白菜,湖北,none,2018-01-12,蔬菜,元/斤
华中,0.40,none,2018-08-25,湖北省洪湖农贸市场,0.50,0.30,大白菜,湖北,none,2018-01-11,蔬菜,元/斤
华中,0.40,none,2018-08-25,湖北省洪湖农贸市场,0.50,0.30,大白菜,湖北,none,2018-01-10,蔬菜,元/斤
华中,0.40,none,2018-08-25,湖北省洪湖农贸市场,0.50,0.30,大白菜,湖北,none,2018-01-09,蔬菜,元/斤
华中,0.40,none,2018-08-25,湖北省洪湖农贸市场,0.50,0.30,大白菜,湖北,none,2018-01-05,蔬菜,元/斤
华中,0.40,none,2018-08-25,湖北省洪湖农贸市场,0.50,0.30,大白菜,湖北,none,2018-01-04,蔬菜,元/斤
华中,0.40,none,2018-08-25,湖北省洪湖农贸市场,0.50,0.30,大白菜,湖北,none,2018-01-03,蔬菜,元/斤
华中,0.40,none,2018-08-25,湖北省洪湖农贸市场,0.50,0.30,大白菜,湖北,none,2017-12-29,蔬菜,元/斤
华中,0.40,none,2018-08-25,湖北省洪湖农贸市场,0.50,0.30,大白菜,湖北,none,2017-12-28,蔬菜,元/斤
华中,0.40,none,2018-08-25,湖北省洪湖农贸市场,0.50,0.30,大白菜,湖北,none,2017-12-27,蔬菜,元/斤
华中,0.40,none,2018-08-25,湖北省洪湖农贸市场,0.50,0.30,大白菜,湖北,none,2017-12-26,蔬菜,元/斤
华中,0.45,none,2018-08-25,湖北省洪湖农贸市场,0.55,0.40,大白菜,湖北,none,2017-12-22,蔬菜,元/斤
华中,0.35,none,2018-08-25,湖北省洪湖农贸市场,0.45,0.25,大白菜,湖北,none,2018-03-19,蔬菜,元/斤
华中,0.35,none,2018-08-25,湖北省洪湖农贸市场,0.45,0.25,大白菜,湖北,none,2018-03-15,蔬菜,元/斤
华中,0.35,none,2018-08-25,湖北省洪湖农贸市场,0.45,0.25,大白菜,湖北,none,2018-03-14,蔬菜,元/斤
华中,0.35,none,2018-08-25,湖北省洪湖农贸市场,0.45,0.25,大白菜,湖北,none,2018-03-13,蔬菜,元/斤
华中,0.35,none,2018-08-25,湖北省洪湖农贸市场,0.45,0.25,大白菜,湖北,none,2018-03-12,蔬菜,元/斤
华中,0.35,none,2018-08-25,湖北省洪湖农贸市场,0.45,0.25,大白菜,湖北,none,2018-03-09,蔬菜,元/斤
华中,0.35,none,2018-08-25,湖北省洪湖农贸市场,0.45,0.25,大白菜,湖北,none,2018-03-08,蔬菜,元/斤
华中,0.35,none,2018-08-25,湖北省洪湖农贸市场,0.45,0.25,大白菜,湖北,none,2018-03-07,蔬菜,元/斤
华中,0.35,none,2018-08-25,湖北省洪湖农贸市场,0.45,0.25,大白菜,湖北,none,2018-03-06,蔬菜,元/斤
华中,0.35,none,2018-08-25,湖北省洪湖农贸市场,0.45,0.25,大白菜,湖北,none,2018-03-05,蔬菜,元/斤
华中,0.35,none,2018-08-25,湖北省洪湖农贸市场,0.45,0.25,大白菜,湖北,none,2018-03-02,蔬菜,元/斤
华中,0.35,none,2018-08-25,湖北省洪湖农贸市场,0.45,0.25,大白菜,湖北,none,2018-02-28,蔬菜,元/斤
华中,0.35,none,2018-08-25,湖北省洪湖农贸市场,0.45,0.25,大白菜,湖北,none,2018-02-27,蔬菜,元/斤
华中,0.40,none,2018-08-25,湖北省洪湖农贸市场,0.50,0.30,大白菜,湖北,none,2018-02-26,蔬菜,元/斤
华中,0.47,none,2018-08-25,湖北省洪湖农贸市场,0.57,0.37,大白菜,湖北,none,2018-02-22,蔬菜,元/斤
华中,0.47,none,2018-08-25,湖北省洪湖农贸市场,0.57,0.37,大白菜,湖北,none,2018-02-14,蔬菜,元/斤
华中,0.47,none,2018-08-25,湖北省洪湖农贸市场,0.57,0.37,大白菜,湖北,none,2018-02-13,蔬菜,元/斤
华中,0.45,none,2018-08-25,湖北省洪湖农贸市场,0.55,0.35,大白菜,湖北,none,2018-02-11,蔬菜,元/斤
华中,0.45,none,2018-08-25,湖北省洪湖农贸市场,0.55,0.35,大白菜,湖北,none,2018-02-08,蔬菜,元/斤
华中,0.45,none,2018-08-25,湖北省洪湖农贸市场,0.55,0.35,大白菜,湖北,none,2018-02-07,蔬菜,元/斤
华中,0.45,none,2018-08-25,湖北省洪湖农贸市场,0.55,0.35,大白菜,湖北,none,2018-02-06,蔬菜,元/斤
华中,0.45,none,2018-08-25,湖北省洪湖农贸市场,0.55,0.35,大白菜,湖北,none,2018-02-05,蔬菜,元/斤
华中,0.45,none,2018-08-25,湖北省洪湖农贸市场,0.55,0.35,大白菜,湖北,none,2018-02-02,蔬菜,元/斤
华中,0.45,none,2018-08-25,湖北省洪湖农贸市场,0.55,0.35,大白菜,湖北,none,2018-02-01,蔬菜,元/斤
华中,0.45,none,2018-08-25,湖北省洪湖农贸市场,0.55,0.35,大白菜,湖北,none,2018-01-31,蔬菜,元/斤
华中,0.50,none,2018-08-25,湖北省洪湖农贸市场,0.60,0.40,大白菜,湖北,none,2018-05-04,蔬菜,元/斤
华中,0.50,none,2018-08-25,湖北省洪湖农贸市场,0.60,0.40,大白菜,湖北,none,2018-05-03,蔬菜,元/斤
华中,0.50,none,2018-08-25,湖北省洪湖农贸市场,0.60,0.40,大白菜,湖北,none,2018-05-02,蔬菜,元/斤
华中,0.40,none,2018-08-25,湖北省洪湖农贸市场,0.50,0.30,大白菜,湖北,none,2018-04-28,蔬菜,元/斤
华中,0.40,none,2018-08-25,湖北省洪湖农贸市场,0.50,0.30,大白菜,湖北,none,2018-04-27,蔬菜,元/斤
华中,0.40,none,2018-08-25,湖北省洪湖农贸市场,0.50,0.30,大白菜,湖北,none,2018-04-26,蔬菜,元/斤
华中,0.40,none,2018-08-25,湖北省洪湖农贸市场,0.50,0.30,大白菜,湖北,none,2018-04-25,蔬菜,元/斤
华中,0.40,none,2018-08-25,湖北省洪湖农贸市场,0.50,0.30,大白菜,湖北,none,2018-04-24,蔬菜,元/斤
华中,0.40,none,2018-08-25,湖北省洪湖农贸市场,0.50,0.30,大白菜,湖北,none,2018-04-20,蔬菜,元/斤
华中,0.40,none,2018-08-25,湖北省洪湖农贸市场,0.50,0.30,大白菜,湖北,none,2018-04-19,蔬菜,元/斤
华中,0.40,none,2018-08-25,湖北省洪湖农贸市场,0.50,0.30,大白菜,湖北,none,2018-04-18,蔬菜,元/斤
华中,0.40,none,2018-08-25,湖北省洪湖农贸市场,0.50,0.30,大白菜,湖北,none,2018-04-17,蔬菜,元/斤
华中,0.40,none,2018-08-25,湖北省洪湖农贸市场,0.50,0.30,大白菜,湖北,none,2018-04-16,蔬菜,元/斤
华中,0.40,none,2018-08-25,湖北省洪湖农贸市场,0.50,0.30,大白菜,湖北,none,2018-04-13,蔬菜,元/斤
华中,0.40,none,2018-08-25,湖北省洪湖农贸市场,0.50,0.30,大白菜,湖北,none,2018-04-12,蔬菜,元/斤
华中,0.40,none,2018-08-25,湖北省洪湖农贸市场,0.50,0.30,大白菜,湖北,none,2018-04-09,蔬菜,元/斤
华中,0.40,none,2018-08-25,湖北省洪湖农贸市场,0.50,0.30,大白菜,湖北,none,2018-04-08,蔬菜,元/斤
华中,0.40,none,2018-08-25,湖北省洪湖农贸市场,0.50,0.30,大白菜,湖北,none,2018-03-30,蔬菜,元/斤
华中,0.40,none,2018-08-25,湖北省洪湖农贸市场,0.50,0.30,大白菜,湖北,none,2018-03-29,蔬菜,元/斤
华中,0.40,none,2018-08-25,湖北省洪湖农贸市场,0.50,0.30,大白菜,湖北,none,2018-03-28,蔬菜,元/斤
华中,0.35,none,2018-08-25,湖北省洪湖农贸市场,0.45,0.25,大白菜,湖北,none,2018-03-27,蔬菜,元/斤
华中,0.35,none,2018-08-25,湖北省洪湖农贸市场,0.45,0.25,大白菜,湖北,none,2018-03-26,蔬菜,元/斤
华中,0.35,none,2018-08-25,湖北省洪湖农贸市场,0.45,0.25,大白菜,湖北,none,2018-03-23,蔬菜,元/斤
华中,0.35,none,2018-08-25,湖北省洪湖农贸市场,0.45,0.25,大白菜,湖北,none,2018-03-22,蔬菜,元/斤
华中,0.35,none,2018-08-25,湖北省洪湖农贸市场,0.45,0.25,大白菜,湖北,none,2018-03-21,蔬菜,元/斤
华中,1.30,none,2018-08-25,湖北省洪湖农贸市场,1.60,1.00,土豆,湖北,none,2017-04-25,蔬菜,元/斤
华中,1.30,none,2018-08-25,湖北省洪湖农贸市场,1.60,1.00,土豆,湖北,none,2017-04-20,蔬菜,元/斤
华中,1.30,none,2018-08-25,湖北省洪湖农贸市场,1.60,1.00,土豆,湖北,none,2017-04-18,蔬菜,元/斤
华中,1.30,none,2018-08-25,湖北省洪湖农贸市场,1.60,1.00,土豆,湖北,none,2017-04-17,蔬菜,元/斤
华中,1.30,none,2018-08-25,湖北省洪湖农贸市场,1.70,1.00,土豆,湖北,none,2017-04-14,蔬菜,元/斤
华中,1.30,none,2018-08-25,湖北省洪湖农贸市场,1.70,1.00,土豆,湖北,none,2017-04-13,蔬菜,元/斤
华中,1.30,none,2018-08-25,湖北省洪湖农贸市场,1.70,1.00,土豆,湖北,none,2017-04-12,蔬菜,元/斤
华中,1.30,none,2018-08-25,湖北省洪湖农贸市场,1.70,1.00,土豆,湖北,none,2017-04-11,蔬菜,元/斤
华中,1.30,none,2018-08-25,湖北省洪湖农贸市场,1.70,1.00,土豆,湖北,none,2017-04-10,蔬菜,元/斤
华中,1.30,none,2018-08-25,湖北省洪湖农贸市场,1.70,1.00,土豆,湖北,none,2017-04-06,蔬菜,元/斤
华中,1.30,none,2018-08-25,湖北省洪湖农贸市场,1.70,1.00,土豆,湖北,none,2017-04-05,蔬菜,元/斤
华中,1.40,none,2018-08-25,湖北省洪湖农贸市场,1.80,1.10,土豆,湖北,none,2017-04-01,蔬菜,元/斤
华中,1.40,none,2018-08-25,湖北省洪湖农贸市场,1.80,1.10,土豆,湖北,none,2017-03-31,蔬菜,元/斤
华中,1.40,none,2018-08-25,湖北省洪湖农贸市场,1.80,1.10,土豆,湖北,none,2017-03-30,蔬菜,元/斤
华中,1.40,none,2018-08-25,湖北省洪湖农贸市场,1.80,1.10,土豆,湖北,none,2017-03-29,蔬菜,元/斤
华中,1.40,none,2018-08-25,湖北省洪湖农贸市场,1.80,1.10,土豆,湖北,none,2017-03-28,蔬菜,元/斤
华中,1.40,none,2018-08-25,湖北省洪湖农贸市场,1.80,1.10,土豆,湖北,none,2017-03-23,蔬菜,元/斤
华中,1.40,none,2018-08-25,湖北省洪湖农贸市场,1.80,1.10,土豆,湖北,none,2017-03-22,蔬菜,元/斤
华中,1.40,none,2018-08-25,湖北省洪湖农贸市场,1.80,1.10,土豆,湖北,none,2017-03-21,蔬菜,元/斤
华中,1.40,none,2018-08-25,湖北省洪湖农贸市场,1.80,1.10,土豆,湖北,none,2017-03-20,蔬菜,元/斤
华中,1.40,none,2018-08-25,湖北省洪湖农贸市场,1.70,1.10,土豆,湖北,none,2017-03-17,蔬菜,元/斤
华中,1.40,none,2018-08-25,湖北省洪湖农贸市场,1.70,1.10,土豆,湖北,none,2017-03-07,蔬菜,元/斤
华中,1.30,none,2018-08-25,湖北省洪湖农贸市场,1.40,0.90,土豆,湖北,none,2017-03-04,蔬菜,元/斤
华中,1.30,none,2018-08-25,湖北省洪湖农贸市场,1.40,0.90,土豆,湖北,none,2017-03-03,蔬菜,元/斤
华中,1.30,none,2018-08-25,湖北省洪湖农贸市场,1.40,0.90,土豆,湖北,none,2017-03-02,蔬菜,元/斤
华中,1.00,none,2018-08-25,湖北省洪湖农贸市场,1.30,0.80,土豆,湖北,none,2017-06-15,蔬菜,元/斤
华中,1.00,none,2018-08-25,湖北省洪湖农贸市场,1.30,0.80,土豆,湖北,none,2017-06-14,蔬菜,元/斤
华中,1.00,none,2018-08-25,湖北省洪湖农贸市场,1.30,0.80,土豆,湖北,none,2017-06-13,蔬菜,元/斤
华中,1.00,none,2018-08-25,湖北省洪湖农贸市场,1.30,0.80,土豆,湖北,none,2017-06-12,蔬菜,元/斤
华中,1.00,none,2018-08-25,湖北省洪湖农贸市场,1.30,0.80,土豆,湖北,none,2017-06-08,蔬菜,元/斤
华中,1.00,none,2018-08-25,湖北省洪湖农贸市场,1.30,0.80,土豆,湖北,none,2017-06-06,蔬菜,元/斤
华中,1.00,none,2018-08-25,湖北省洪湖农贸市场,1.30,0.80,土豆,湖北,none,2017-06-05,蔬菜,元/斤
华中,1.20,none,2018-08-25,湖北省洪湖农贸市场,1.50,1.00,土豆,湖北,none,2017-06-01,蔬菜,元/斤
华中,1.20,none,2018-08-25,湖北省洪湖农贸市场,1.50,1.00,土豆,湖北,none,2017-05-31,蔬菜,元/斤
华中,1.20,none,2018-08-25,湖北省洪湖农贸市场,1.50,1.00,土豆,湖北,none,2017-05-24,蔬菜,元/斤
华中,1.20,none,2018-08-25,湖北省洪湖农贸市场,1.50,1.00,土豆,湖北,none,2017-05-23,蔬菜,元/斤
华中,1.20,none,2018-08-25,湖北省洪湖农贸市场,1.50,1.00,土豆,湖北,none,2017-05-22,蔬菜,元/斤
华中,1.30,none,2018-08-25,湖北省洪湖农贸市场,1.60,1.00,土豆,湖北,none,2017-05-17,蔬菜,元/斤
华中,1.30,none,2018-08-25,湖北省洪湖农贸市场,1.60,1.00,土豆,湖北,none,2017-05-15,蔬菜,元/斤
华中,1.30,none,2018-08-25,湖北省洪湖农贸市场,1.60,1.00,土豆,湖北,none,2017-05-12,蔬菜,元/斤
华中,1.30,none,2018-08-25,湖北省洪湖农贸市场,1.60,1.00,土豆,湖北,none,2017-05-10,蔬菜,元/斤
华中,1.30,none,2018-08-25,湖北省洪湖农贸市场,1.60,1.00,土豆,湖北,none,2017-05-09,蔬菜,元/斤
华中,1.30,none,2018-08-25,湖北省洪湖农贸市场,1.60,1.00,土豆,湖北,none,2017-05-08,蔬菜,元/斤
华中,1.30,none,2018-08-25,湖北省洪湖农贸市场,1.60,1.00,土豆,湖北,none,2017-05-05,蔬菜,元/斤
华中,1.30,none,2018-08-25,湖北省洪湖农贸市场,1.60,1.00,土豆,湖北,none,2017-05-04,蔬菜,元/斤
华中,1.30,none,2018-08-25,湖北省洪湖农贸市场,1.60,1.00,土豆,湖北,none,2017-05-03,蔬菜,元/斤
华中,1.30,none,2018-08-25,湖北省洪湖农贸市场,1.60,1.00,土豆,湖北,none,2017-05-02,蔬菜,元/斤
华中,1.30,none,2018-08-25,湖北省洪湖农贸市场,1.60,1.00,土豆,湖北,none,2017-04-28,蔬菜,元/斤
华中,1.30,none,2018-08-25,湖北省洪湖农贸市场,1.60,1.00,土豆,湖北,none,2017-04-27,蔬菜,元/斤
华中,1.30,none,2018-08-25,湖北省洪湖农贸市场,1.60,1.00,土豆,湖北,none,2017-04-26,蔬菜,元/斤
华中,0.90,none,2018-08-25,湖北省洪湖农贸市场,1.20,0.60,土豆,湖北,none,2017-08-02,蔬菜,元/斤
华中,0.90,none,2018-08-25,湖北省洪湖农贸市场,1.20,0.60,土豆,湖北,none,2017-07-28,蔬菜,元/斤
华中,0.90,none,2018-08-25,湖北省洪湖农贸市场,1.20,0.60,土豆,湖北,none,2017-07-27,蔬菜,元/斤
华中,0.90,none,2018-08-25,湖北省洪湖农贸市场,1.20,0.60,土豆,湖北,none,2017-07-26,蔬菜,元/斤
华中,0.90,none,2018-08-25,湖北省洪湖农贸市场,1.20,0.60,土豆,湖北,none,2017-07-25,蔬菜,元/斤
华中,0.90,none,2018-08-25,湖北省洪湖农贸市场,1.20,0.60,土豆,湖北,none,2017-07-24,蔬菜,元/斤
华中,0.90,none,2018-08-25,湖北省洪湖农贸市场,1.20,0.60,土豆,湖北,none,2017-07-21,蔬菜,元/斤
华中,0.90,none,2018-08-25,湖北省洪湖农贸市场,1.20,0.60,土豆,湖北,none,2017-07-20,蔬菜,元/斤
华中,0.90,none,2018-08-25,湖北省洪湖农贸市场,1.20,0.60,土豆,湖北,none,2017-07-19,蔬菜,元/斤
华中,0.90,none,2018-08-25,湖北省洪湖农贸市场,1.20,0.60,土豆,湖北,none,2017-07-13,蔬菜,元/斤
华中,0.90,none,2018-08-25,湖北省洪湖农贸市场,1.20,0.60,土豆,湖北,none,2017-07-12,蔬菜,元/斤
华中,0.90,none,2018-08-25,湖北省洪湖农贸市场,1.20,0.60,土豆,湖北,none,2017-07-11,蔬菜,元/斤
华中,0.90,none,2018-08-25,湖北省洪湖农贸市场,1.20,0.60,土豆,湖北,none,2017-07-10,蔬菜,元/斤
华中,0.90,none,2018-08-25,湖北省洪湖农贸市场,1.10,0.60,土豆,湖北,none,2017-07-08,蔬菜,元/斤
华中,0.90,none,2018-08-25,湖北省洪湖农贸市场,1.10,0.60,土豆,湖北,none,2017-07-07,蔬菜,元/斤
华中,0.90,none,2018-08-25,湖北省洪湖农贸市场,1.10,0.60,土豆,湖北,none,2017-07-06,蔬菜,元/斤
华中,0.90,none,2018-08-25,湖北省洪湖农贸市场,1.10,0.60,土豆,湖北,none,2017-07-05,蔬菜,元/斤
华中,0.90,none,2018-08-25,湖北省洪湖农贸市场,1.10,0.60,土豆,湖北,none,2017-07-04,蔬菜,元/斤
华中,0.90,none,2018-08-25,湖北省洪湖农贸市场,1.10,0.60,土豆,湖北,none,2017-07-03,蔬菜,元/斤
华中,0.90,none,2018-08-25,湖北省洪湖农贸市场,1.10,0.60,土豆,湖北,none,2017-06-30,蔬菜,元/斤
华中,0.90,none,2018-08-25,湖北省洪湖农贸市场,1.10,0.60,土豆,湖北,none,2017-06-29,蔬菜,元/斤
华中,0.90,none,2018-08-25,湖北省洪湖农贸市场,1.10,0.60,土豆,湖北,none,2017-06-27,蔬菜,元/斤
华中,0.90,none,2018-08-25,湖北省洪湖农贸市场,1.10,0.60,土豆,湖北,none,2017-06-23,蔬菜,元/斤
华中,0.90,none,2018-08-25,湖北省洪湖农贸市场,1.10,0.60,土豆,湖北,none,2017-06-21,蔬菜,元/斤
华中,0.90,none,2018-08-25,湖北省洪湖农贸市场,1.10,0.60,土豆,湖北,none,2017-06-20,蔬菜,元/斤
华中,1.00,none,2018-08-25,湖北省洪湖农贸市场,1.30,0.70,土豆,湖北,none,2017-10-11,蔬菜,元/斤
华中,1.00,none,2018-08-25,湖北省洪湖农贸市场,1.30,0.70,土豆,湖北,none,2017-10-09,蔬菜,元/斤
华中,1.17,none,2018-08-25,湖北省洪湖农贸市场,1.37,0.87,土豆,湖北,none,2017-09-30,蔬菜,元/斤
华中,1.17,none,2018-08-25,湖北省洪湖农贸市场,1.37,0.87,土豆,湖北,none,2017-09-29,蔬菜,元/斤
华中,1.17,none,2018-08-25,湖北省洪湖农贸市场,1.37,0.87,土豆,湖北,none,2017-09-28,蔬菜,元/斤
华中,1.17,none,2018-08-25,湖北省洪湖农贸市场,1.37,0.87,土豆,湖北,none,2017-09-27,蔬菜,元/斤
华中,1.17,none,2018-08-25,湖北省洪湖农贸市场,1.37,0.87,土豆,湖北,none,2017-09-26,蔬菜,元/斤
华中,1.17,none,2018-08-25,湖北省洪湖农贸市场,1.37,0.87,土豆,湖北,none,2017-09-22,蔬菜,元/斤
华中,1.17,none,2018-08-25,湖北省洪湖农贸市场,1.37,0.87,土豆,湖北,none,2017-09-21,蔬菜,元/斤
华中,1.17,none,2018-08-25,湖北省洪湖农贸市场,1.37,0.87,土豆,湖北,none,2017-09-20,蔬菜,元/斤
华中,1.17,none,2018-08-25,湖北省洪湖农贸市场,1.37,0.87,土豆,湖北,none,2017-09-19,蔬菜,元/斤
华中,1.15,none,2018-08-25,湖北省洪湖农贸市场,1.35,0.85,土豆,湖北,none,2017-09-08,蔬菜,元/斤
华中,1.15,none,2018-08-25,湖北省洪湖农贸市场,1.35,0.85,土豆,湖北,none,2017-09-07,蔬菜,元/斤
华中,1.15,none,2018-08-25,湖北省洪湖农贸市场,1.35,0.85,土豆,湖北,none,2017-09-04,蔬菜,元/斤
华中,1.15,none,2018-08-25,湖北省洪湖农贸市场,1.35,0.85,土豆,湖北,none,2017-09-01,蔬菜,元/斤
华中,1.15,none,2018-08-25,湖北省洪湖农贸市场,1.35,0.85,土豆,湖北,none,2017-08-31,蔬菜,元/斤
华中,1.15,none,2018-08-25,湖北省洪湖农贸市场,1.35,0.85,土豆,湖北,none,2017-08-30,蔬菜,元/斤
华中,1.10,none,2018-08-25,湖北省洪湖农贸市场,1.30,0.80,土豆,湖北,none,2017-08-29,蔬菜,元/斤
华中,1.10,none,2018-08-25,湖北省洪湖农贸市场,1.30,0.80,土豆,湖北,none,2017-08-21,蔬菜,元/斤
华中,1.10,none,2018-08-25,湖北省洪湖农贸市场,1.30,0.80,土豆,湖北,none,2017-08-16,蔬菜,元/斤
华中,1.10,none,2018-08-25,湖北省洪湖农贸市场,1.30,0.80,土豆,湖北,none,2017-08-15,蔬菜,元/斤
华中,1.10,none,2018-08-25,湖北省洪湖农贸市场,1.30,0.80,土豆,湖北,none,2017-08-14,蔬菜,元/斤
华中,0.90,none,2018-08-25,湖北省洪湖农贸市场,1.20,0.60,土豆,湖北,none,2017-08-10,蔬菜,元/斤
华中,0.90,none,2018-08-25,湖北省洪湖农贸市场,1.20,0.60,土豆,湖北,none,2017-08-08,蔬菜,元/斤
华中,0.90,none,2018-08-25,湖北省洪湖农贸市场,1.20,0.60,土豆,湖北,none,2017-08-03,蔬菜,元/斤
华中,1.00,none,2018-08-25,湖北省洪湖农贸市场,1.30,0.70,土豆,湖北,none,2017-11-27,蔬菜,元/斤
华中,1.00,none,2018-08-25,湖北省洪湖农贸市场,1.30,0.70,土豆,湖北,none,2017-11-23,蔬菜,元/斤
华中,1.00,none,2018-08-25,湖北省洪湖农贸市场,1.30,0.70,土豆,湖北,none,2017-11-22,蔬菜,元/斤
华中,1.00,none,2018-08-25,湖北省洪湖农贸市场,1.30,0.70,土豆,湖北,none,2017-11-21,蔬菜,元/斤
华中,1.00,none,2018-08-25,湖北省洪湖农贸市场,1.30,0.70,土豆,湖北,none,2017-11-20,蔬菜,元/斤
华中,1.00,none,2018-08-25,湖北省洪湖农贸市场,1.30,0.70,土豆,湖北,none,2017-11-16,蔬菜,元/斤
华中,1.00,none,2018-08-25,湖北省洪湖农贸市场,1.30,0.70,土豆,湖北,none,2017-11-14,蔬菜,元/斤
华中,1.00,none,2018-08-25,湖北省洪湖农贸市场,1.30,0.70,土豆,湖北,none,2017-11-13,蔬菜,元/斤
华中,1.00,none,2018-08-25,湖北省洪湖农贸市场,1.30,0.70,土豆,湖北,none,2017-11-10,蔬菜,元/斤
华中,1.00,none,2018-08-25,湖北省洪湖农贸市场,1.30,0.70,土豆,湖北,none,2017-11-09,蔬菜,元/斤
华中,1.00,none,2018-08-25,湖北省洪湖农贸市场,1.30,0.70,土豆,湖北,none,2017-11-08,蔬菜,元/斤
华中,1.00,none,2018-08-25,湖北省洪湖农贸市场,1.30,0.70,土豆,湖北,none,2017-11-07,蔬菜,元/斤
华中,1.00,none,2018-08-25,湖北省洪湖农贸市场,1.30,0.70,土豆,湖北,none,2017-11-06,蔬菜,元/斤
华中,1.00,none,2018-08-25,湖北省洪湖农贸市场,1.30,0.70,土豆,湖北,none,2017-11-03,蔬菜,元/斤
华中,1.00,none,2018-08-25,湖北省洪湖农贸市场,1.30,0.70,土豆,湖北,none,2017-11-02,蔬菜,元/斤
华中,1.00,none,2018-08-25,湖北省洪湖农贸市场,1.30,0.70,土豆,湖北,none,2017-11-01,蔬菜,元/斤
华中,1.00,none,2018-08-25,湖北省洪湖农贸市场,1.30,0.70,土豆,湖北,none,2017-10-26,蔬菜,元/斤
华中,1.00,none,2018-08-25,湖北省洪湖农贸市场,1.30,0.70,土豆,湖北,none,2017-10-25,蔬菜,元/斤
华中,1.00,none,2018-08-25,湖北省洪湖农贸市场,1.30,0.70,土豆,湖北,none,2017-10-24,蔬菜,元/斤
华中,1.00,none,2018-08-25,湖北省洪湖农贸市场,1.30,0.70,土豆,湖北,none,2017-10-20,蔬菜,元/斤
华中,1.00,none,2018-08-25,湖北省洪湖农贸市场,1.30,0.70,土豆,湖北,none,2017-10-19,蔬菜,元/斤
华中,1.00,none,2018-08-25,湖北省洪湖农贸市场,1.30,0.70,土豆,湖北,none,2017-10-18,蔬菜,元/斤
华中,1.00,none,2018-08-25,湖北省洪湖农贸市场,1.30,0.70,土豆,湖北,none,2017-10-16,蔬菜,元/斤
华中,1.00,none,2018-08-25,湖北省洪湖农贸市场,1.30,0.70,土豆,湖北,none,2017-10-13,蔬菜,元/斤
华中,1.00,none,2018-08-25,湖北省洪湖农贸市场,1.30,0.70,土豆,湖北,none,2017-10-12,蔬菜,元/斤
华中,1.00,none,2018-08-25,湖北省洪湖农贸市场,1.40,0.70,土豆,湖北,none,2018-01-15,蔬菜,元/斤
华中,1.00,none,2018-08-25,湖北省洪湖农贸市场,1.30,0.70,土豆,湖北,none,2018-01-12,蔬菜,元/斤
华中,1.00,none,2018-08-25,湖北省洪湖农贸市场,1.30,0.70,土豆,湖北,none,2018-01-11,蔬菜,元/斤
华中,1.00,none,2018-08-25,湖北省洪湖农贸市场,1.30,0.70,土豆,湖北,none,2018-01-10,蔬菜,元/斤
华中,1.00,none,2018-08-25,湖北省洪湖农贸市场,1.30,0.70,土豆,湖北,none,2018-01-09,蔬菜,元/斤
华中,1.00,none,2018-08-25,湖北省洪湖农贸市场,1.30,0.70,土豆,湖北,none,2018-01-05,蔬菜,元/斤
华中,1.00,none,2018-08-25,湖北省洪湖农贸市场,1.30,0.70,土豆,湖北,none,2018-01-04,蔬菜,元/斤
华中,1.00,none,2018-08-25,湖北省洪湖农贸市场,1.30,0.70,土豆,湖北,none,2018-01-03,蔬菜,元/斤
华中,1.00,none,2018-08-25,湖北省洪湖农贸市场,1.30,0.70,土豆,湖北,none,2017-12-28,蔬菜,元/斤
华中,1.00,none,2018-08-25,湖北省洪湖农贸市场,1.30,0.70,土豆,湖北,none,2017-12-26,蔬菜,元/斤
华中,1.00,none,2018-08-25,湖北省洪湖农贸市场,1.30,0.70,土豆,湖北,none,2017-12-22,蔬菜,元/斤
华中,1.00,none,2018-08-25,湖北省洪湖农贸市场,1.30,0.70,土豆,湖北,none,2017-12-20,蔬菜,元/斤
华中,1.00,none,2018-08-25,湖北省洪湖农贸市场,1.30,0.70,土豆,湖北,none,2017-12-19,蔬菜,元/斤
华中,1.00,none,2018-08-25,湖北省洪湖农贸市场,1.30,0.70,土豆,湖北,none,2017-12-13,蔬菜,元/斤
华中,1.00,none,2018-08-25,湖北省洪湖农贸市场,1.30,0.70,土豆,湖北,none,2017-12-12,蔬菜,元/斤
华中,1.00,none,2018-08-25,湖北省洪湖农贸市场,1.30,0.70,土豆,湖北,none,2017-12-11,蔬菜,元/斤
华中,1.00,none,2018-08-25,湖北省洪湖农贸市场,1.30,0.70,土豆,湖北,none,2017-12-08,蔬菜,元/斤
华中,1.00,none,2018-08-25,湖北省洪湖农贸市场,1.30,0.70,土豆,湖北,none,2017-12-07,蔬菜,元/斤
华中,1.00,none,2018-08-25,湖北省洪湖农贸市场,1.30,0.70,土豆,湖北,none,2017-12-06,蔬菜,元/斤
华中,1.00,none,2018-08-25,湖北省洪湖农贸市场,1.30,0.70,土豆,湖北,none,2017-12-05,蔬菜,元/斤
华中,1.00,none,2018-08-25,湖北省洪湖农贸市场,1.30,0.70,土豆,湖北,none,2017-12-04,蔬菜,元/斤
华中,1.00,none,2018-08-25,湖北省洪湖农贸市场,1.30,0.70,土豆,湖北,none,2017-12-01,蔬菜,元/斤
华中,1.00,none,2018-08-25,湖北省洪湖农贸市场,1.30,0.70,土豆,湖北,none,2017-11-30,蔬菜,元/斤
华中,1.00,none,2018-08-25,湖北省洪湖农贸市场,1.30,0.70,土豆,湖北,none,2017-11-29,蔬菜,元/斤
华中,1.00,none,2018-08-25,湖北省洪湖农贸市场,1.30,0.70,土豆,湖北,none,2017-11-28,蔬菜,元/斤
华中,1.30,none,2018-08-25,湖北省洪湖农贸市场,1.50,0.90,土豆,湖北,none,2018-03-06,蔬菜,元/斤
华中,1.30,none,2018-08-25,湖北省洪湖农贸市场,1.50,0.90,土豆,湖北,none,2018-03-05,蔬菜,元/斤
华中,1.30,none,2018-08-25,湖北省洪湖农贸市场,1.60,0.90,土豆,湖北,none,2018-03-02,蔬菜,元/斤
华中,1.30,none,2018-08-25,湖北省洪湖农贸市场,1.60,0.90,土豆,湖北,none,2018-02-28,蔬菜,元/斤
华中,1.30,none,2018-08-25,湖北省洪湖农贸市场,1.60,0.90,土豆,湖北,none,2018-02-26,蔬菜,元/斤
华中,1.30,none,2018-08-25,湖北省洪湖农贸市场,1.60,0.90,土豆,湖北,none,2018-02-22,蔬菜,元/斤
华中,1.30,none,2018-08-25,湖北省洪湖农贸市场,1.60,0.90,土豆,湖北,none,2018-02-14,蔬菜,元/斤
华中,1.30,none,2018-08-25,湖北省洪湖农贸市场,1.60,0.90,土豆,湖北,none,2018-02-13,蔬菜,元/斤
华中,1.10,none,2018-08-25,湖北省洪湖农贸市场,1.50,0.80,土豆,湖北,none,2018-02-11,蔬菜,元/斤
华中,1.10,none,2018-08-25,湖北省洪湖农贸市场,1.50,0.80,土豆,湖北,none,2018-02-08,蔬菜,元/斤
华中,1.10,none,2018-08-25,湖北省洪湖农贸市场,1.50,0.80,土豆,湖北,none,2018-02-06,蔬菜,元/斤
华中,1.10,none,2018-08-25,湖北省洪湖农贸市场,1.50,0.80,土豆,湖北,none,2018-02-05,蔬菜,元/斤
华中,1.10,none,2018-08-25,湖北省洪湖农贸市场,1.50,0.80,土豆,湖北,none,2018-02-02,蔬菜,元/斤
华中,1.10,none,2018-08-25,湖北省洪湖农贸市场,1.50,0.80,土豆,湖北,none,2018-02-01,蔬菜,元/斤
华中,1.00,none,2018-08-25,湖北省洪湖农贸市场,1.40,0.70,土豆,湖北,none,2018-01-31,蔬菜,元/斤
华中,1.00,none,2018-08-25,湖北省洪湖农贸市场,1.40,0.70,土豆,湖北,none,2018-01-30,蔬菜,元/斤
华中,1.00,none,2018-08-25,湖北省洪湖农贸市场,1.40,0.70,土豆,湖北,none,2018-01-29,蔬菜,元/斤
华中,1.00,none,2018-08-25,湖北省洪湖农贸市场,1.40,0.70,土豆,湖北,none,2018-01-28,蔬菜,元/斤
华中,1.00,none,2018-08-25,湖北省洪湖农贸市场,1.40,0.70,土豆,湖北,none,2018-01-27,蔬菜,元/斤
华中,1.00,none,2018-08-25,湖北省洪湖农贸市场,1.40,0.70,土豆,湖北,none,2018-01-26,蔬菜,元/斤
华中,1.00,none,2018-08-25,湖北省洪湖农贸市场,1.40,0.70,土豆,湖北,none,2018-01-25,蔬菜,元/斤
华中,1.00,none,2018-08-25,湖北省洪湖农贸市场,1.40,0.70,土豆,湖北,none,2018-01-24,蔬菜,元/斤
华中,1.00,none,2018-08-25,湖北省洪湖农贸市场,1.40,0.70,土豆,湖北,none,2018-01-23,蔬菜,元/斤
华中,1.00,none,2018-08-25,湖北省洪湖农贸市场,1.40,0.70,土豆,湖北,none,2018-01-19,蔬菜,元/斤
华中,1.00,none,2018-08-25,湖北省洪湖农贸市场,1.40,0.70,土豆,湖北,none,2018-01-17,蔬菜,元/斤
华中,1.30,none,2018-08-25,湖北省洪湖农贸市场,1.50,1.00,土豆,湖北,none,2018-04-25,蔬菜,元/斤
华中,1.30,none,2018-08-25,湖北省洪湖农贸市场,1.50,1.00,土豆,湖北,none,2018-04-24,蔬菜,元/斤
华中,1.30,none,2018-08-25,湖北省洪湖农贸市场,1.70,1.00,土豆,湖北,none,2018-04-20,蔬菜,元/斤
华中,1.30,none,2018-08-25,湖北省洪湖农贸市场,1.70,1.00,土豆,湖北,none,2018-04-19,蔬菜,元/斤
华中,1.30,none,2018-08-25,湖北省洪湖农贸市场,1.70,1.00,土豆,湖北,none,2018-04-17,蔬菜,元/斤
华中,1.30,none,2018-08-25,湖北省洪湖农贸市场,1.70,1.00,土豆,湖北,none,2018-04-16,蔬菜,元/斤
华中,1.30,none,2018-08-25,湖北省洪湖农贸市场,1.70,1.00,土豆,湖北,none,2018-04-13,蔬菜,元/斤
华中,1.30,none,2018-08-25,湖北省洪湖农贸市场,1.70,1.00,土豆,湖北,none,2018-04-12,蔬菜,元/斤
华中,1.30,none,2018-08-25,湖北省洪湖农贸市场,1.70,1.00,土豆,湖北,none,2018-04-08,蔬菜,元/斤
华中,1.40,none,2018-08-25,湖北省洪湖农贸市场,1.80,1.10,土豆,湖北,none,2018-03-30,蔬菜,元/斤
华中,1.40,none,2018-08-25,湖北省洪湖农贸市场,1.80,1.10,土豆,湖北,none,2018-03-29,蔬菜,元/斤
华中,1.40,none,2018-08-25,湖北省洪湖农贸市场,1.80,1.10,土豆,湖北,none,2018-03-28,蔬菜,元/斤
华中,1.40,none,2018-08-25,湖北省洪湖农贸市场,1.80,1.10,土豆,湖北,none,2018-03-27,蔬菜,元/斤
华中,1.40,none,2018-08-25,湖北省洪湖农贸市场,1.80,1.10,土豆,湖北,none,2018-03-26,蔬菜,元/斤
华中,1.40,none,2018-08-25,湖北省洪湖农贸市场,1.80,1.10,土豆,湖北,none,2018-03-23,蔬菜,元/斤
华中,1.40,none,2018-08-25,湖北省洪湖农贸市场,1.80,1.10,土豆,湖北,none,2018-03-22,蔬菜,元/斤
华中,1.40,none,2018-08-25,湖北省洪湖农贸市场,1.80,1.10,土豆,湖北,none,2018-03-21,蔬菜,元/斤
华中,1.40,none,2018-08-25,湖北省洪湖农贸市场,1.80,1.10,土豆,湖北,none,2018-03-19,蔬菜,元/斤
华中,1.30,none,2018-08-25,湖北省洪湖农贸市场,1.50,0.90,土豆,湖北,none,2018-03-15,蔬菜,元/斤
华中,1.30,none,2018-08-25,湖北省洪湖农贸市场,1.50,0.90,土豆,湖北,none,2018-03-14,蔬菜,元/斤
华中,1.30,none,2018-08-25,湖北省洪湖农贸市场,1.50,0.90,土豆,湖北,none,2018-03-13,蔬菜,元/斤
华中,1.30,none,2018-08-25,湖北省洪湖农贸市场,1.50,0.90,土豆,湖北,none,2018-03-12,蔬菜,元/斤
华中,1.30,none,2018-08-25,湖北省洪湖农贸市场,1.50,0.90,土豆,湖北,none,2018-03-09,蔬菜,元/斤
华中,1.30,none,2018-08-25,湖北省洪湖农贸市场,1.50,0.90,土豆,湖北,none,2018-03-08,蔬菜,元/斤
华中,1.30,none,2018-08-25,湖北省洪湖农贸市场,1.50,0.90,土豆,湖北,none,2018-03-07,蔬菜,元/斤
华中,1.80,none,2018-08-25,湖北省洪湖农贸市场,2.00,1.50,西红柿,湖北,none,2017-03-30,蔬菜,元/斤
华中,1.80,none,2018-08-25,湖北省洪湖农贸市场,2.00,1.50,西红柿,湖北,none,2017-03-29,蔬菜,元/斤
华中,1.80,none,2018-08-25,湖北省洪湖农贸市场,2.00,1.50,西红柿,湖北,none,2017-03-28,蔬菜,元/斤
华中,2.00,none,2018-08-25,湖北省洪湖农贸市场,2.20,1.70,西红柿,湖北,none,2017-03-23,蔬菜,元/斤
华中,2.00,none,2018-08-25,湖北省洪湖农贸市场,2.20,1.70,西红柿,湖北,none,2017-03-22,蔬菜,元/斤
华中,2.00,none,2018-08-25,湖北省洪湖农贸市场,2.20,1.70,西红柿,湖北,none,2017-03-21,蔬菜,元/斤
华中,2.00,none,2018-08-25,湖北省洪湖农贸市场,2.20,1.70,西红柿,湖北,none,2017-03-20,蔬菜,元/斤
华中,2.00,none,2018-08-25,湖北省洪湖农贸市场,2.20,1.70,西红柿,湖北,none,2017-03-17,蔬菜,元/斤
华中,2.30,none,2018-08-25,湖北省洪湖农贸市场,2.70,2.00,西红柿,湖北,none,2017-03-07,蔬菜,元/斤
华中,2.30,none,2018-08-25,湖北省洪湖农贸市场,2.70,2.00,西红柿,湖北,none,2017-03-04,蔬菜,元/斤
华中,2.30,none,2018-08-25,湖北省洪湖农贸市场,2.70,2.00,西红柿,湖北,none,2017-03-03,蔬菜,元/斤
华中,2.30,none,2018-08-25,湖北省洪湖农贸市场,2.70,2.00,西红柿,湖北,none,2017-03-02,蔬菜,元/斤
华中,2.30,none,2018-08-25,湖北省洪湖农贸市场,2.70,2.00,西红柿,湖北,none,2017-02-28,蔬菜,元/斤
华中,2.30,none,2018-08-25,湖北省洪湖农贸市场,2.70,2.00,西红柿,湖北,none,2017-02-27,蔬菜,元/斤
华中,2.40,none,2018-08-25,湖北省洪湖农贸市场,2.90,2.10,西红柿,湖北,none,2017-02-24,蔬菜,元/斤
华中,2.40,none,2018-08-25,湖北省洪湖农贸市场,2.90,2.10,西红柿,湖北,none,2017-02-23,蔬菜,元/斤
华中,2.40,none,2018-08-25,湖北省洪湖农贸市场,2.90,2.10,西红柿,湖北,none,2017-02-22,蔬菜,元/斤
华中,2.40,none,2018-08-25,湖北省洪湖农贸市场,2.90,2.10,西红柿,湖北,none,2017-02-21,蔬菜,元/斤
华中,2.40,none,2018-08-25,湖北省洪湖农贸市场,2.90,2.10,西红柿,湖北,none,2017-02-20,蔬菜,元/斤
华中,2.40,none,2018-08-25,湖北省洪湖农贸市场,2.90,2.10,西红柿,湖北,none,2017-02-17,蔬菜,元/斤
华中,2.40,none,2018-08-25,湖北省洪湖农贸市场,2.90,2.10,西红柿,湖北,none,2017-02-16,蔬菜,元/斤
华中,2.40,none,2018-08-25,湖北省洪湖农贸市场,2.90,2.10,西红柿,湖北,none,2017-02-15,蔬菜,元/斤
华中,2.40,none,2018-08-25,湖北省洪湖农贸市场,2.90,2.10,西红柿,湖北,none,2017-02-14,蔬菜,元/斤
华中,2.40,none,2018-08-25,湖北省洪湖农贸市场,2.90,2.10,西红柿,湖北,none,2017-02-13,蔬菜,元/斤
华中,2.50,none,2018-08-25,湖北省洪湖农贸市场,3.00,2.20,西红柿,湖北,none,2017-02-10,蔬菜,元/斤
华中,2.00,none,2018-08-25,湖北省洪湖农贸市场,2.40,1.80,西红柿,湖北,none,2017-05-22,蔬菜,元/斤
华中,2.00,none,2018-08-25,湖北省洪湖农贸市场,2.40,1.80,西红柿,湖北,none,2017-05-17,蔬菜,元/斤
华中,2.00,none,2018-08-25,湖北省洪湖农贸市场,2.40,1.80,西红柿,湖北,none,2017-05-15,蔬菜,元/斤
华中,2.00,none,2018-08-25,湖北省洪湖农贸市场,2.40,1.80,西红柿,湖北,none,2017-05-12,蔬菜,元/斤
华中,2.00,none,2018-08-25,湖北省洪湖农贸市场,2.40,1.80,西红柿,湖北,none,2017-05-10,蔬菜,元/斤
华中,2.00,none,2018-08-25,湖北省洪湖农贸市场,2.40,1.80,西红柿,湖北,none,2017-05-09,蔬菜,元/斤
华中,2.00,none,2018-08-25,湖北省洪湖农贸市场,2.40,1.80,西红柿,湖北,none,2017-05-08,蔬菜,元/斤
华中,2.00,none,2018-08-25,湖北省洪湖农贸市场,2.40,1.80,西红柿,湖北,none,2017-05-05,蔬菜,元/斤
华中,1.90,none,2018-08-25,湖北省洪湖农贸市场,2.20,1.70,西红柿,湖北,none,2017-05-04,蔬菜,元/斤
华中,1.90,none,2018-08-25,湖北省洪湖农贸市场,2.20,1.70,西红柿,湖北,none,2017-05-03,蔬菜,元/斤
华中,1.90,none,2018-08-25,湖北省洪湖农贸市场,2.20,1.70,西红柿,湖北,none,2017-04-28,蔬菜,元/斤
华中,1.90,none,2018-08-25,湖北省洪湖农贸市场,2.20,1.70,西红柿,湖北,none,2017-04-27,蔬菜,元/斤
华中,1.90,none,2018-08-25,湖北省洪湖农贸市场,2.20,1.70,西红柿,湖北,none,2017-04-26,蔬菜,元/斤
华中,1.90,none,2018-08-25,湖北省洪湖农贸市场,2.20,1.70,西红柿,湖北,none,2017-04-25,蔬菜,元/斤
华中,1.90,none,2018-08-25,湖北省洪湖农贸市场,2.20,1.70,西红柿,湖北,none,2017-04-20,蔬菜,元/斤
华中,1.90,none,2018-08-25,湖北省洪湖农贸市场,2.20,1.70,西红柿,湖北,none,2017-04-18,蔬菜,元/斤
华中,1.90,none,2018-08-25,湖北省洪湖农贸市场,2.20,1.70,西红柿,湖北,none,2017-04-17,蔬菜,元/斤
华中,1.90,none,2018-08-25,湖北省洪湖农贸市场,2.20,1.70,西红柿,湖北,none,2017-04-14,蔬菜,元/斤
华中,1.90,none,2018-08-25,湖北省洪湖农贸市场,2.20,1.70,西红柿,湖北,none,2017-04-13,蔬菜,元/斤
华中,1.90,none,2018-08-25,湖北省洪湖农贸市场,2.20,1.70,西红柿,湖北,none,2017-04-12,蔬菜,元/斤
华中,1.90,none,2018-08-25,湖北省洪湖农贸市场,2.20,1.70,西红柿,湖北,none,2017-04-11,蔬菜,元/斤
华中,1.90,none,2018-08-25,湖北省洪湖农贸市场,2.20,1.70,西红柿,湖北,none,2017-04-10,蔬菜,元/斤
华中,1.80,none,2018-08-25,湖北省洪湖农贸市场,2.00,1.50,西红柿,湖北,none,2017-04-06,蔬菜,元/斤
华中,1.80,none,2018-08-25,湖北省洪湖农贸市场,2.00,1.50,西红柿,湖北,none,2017-04-05,蔬菜,元/斤
华中,1.80,none,2018-08-25,湖北省洪湖农贸市场,2.00,1.50,西红柿,湖北,none,2017-04-01,蔬菜,元/斤
华中,1.50,none,2018-08-25,湖北省洪湖农贸市场,1.80,1.30,西红柿,湖北,none,2017-07-27,蔬菜,元/斤
华中,1.50,none,2018-08-25,湖北省洪湖农贸市场,1.80,1.30,西红柿,湖北,none,2017-07-26,蔬菜,元/斤
华中,1.50,none,2018-08-25,湖北省洪湖农贸市场,1.80,1.30,西红柿,湖北,none,2017-07-21,蔬菜,元/斤
华中,1.50,none,2018-08-25,湖北省洪湖农贸市场,1.80,1.30,西红柿,湖北,none,2017-07-20,蔬菜,元/斤
华中,1.50,none,2018-08-25,湖北省洪湖农贸市场,1.80,1.30,西红柿,湖北,none,2017-07-19,蔬菜,元/斤
华中,1.50,none,2018-08-25,湖北省洪湖农贸市场,1.80,1.30,西红柿,湖北,none,2017-07-12,蔬菜,元/斤
华中,1.50,none,2018-08-25,湖北省洪湖农贸市场,1.80,1.30,西红柿,湖北,none,2017-07-08,蔬菜,元/斤
华中,1.50,none,2018-08-25,湖北省洪湖农贸市场,1.80,1.30,西红柿,湖北,none,2017-07-07,蔬菜,元/斤
华中,1.50,none,2018-08-25,湖北省洪湖农贸市场,1.80,1.30,西红柿,湖北,none,2017-07-04,蔬菜,元/斤
华中,1.50,none,2018-08-25,湖北省洪湖农贸市场,1.80,1.30,西红柿,湖北,none,2017-07-03,蔬菜,元/斤
华中,1.50,none,2018-08-25,湖北省洪湖农贸市场,1.80,1.30,西红柿,湖北,none,2017-06-30,蔬菜,元/斤
华中,1.50,none,2018-08-25,湖北省洪湖农贸市场,1.80,1.30,西红柿,湖北,none,2017-06-29,蔬菜,元/斤
华中,1.50,none,2018-08-25,湖北省洪湖农贸市场,1.80,1.30,西红柿,湖北,none,2017-06-27,蔬菜,元/斤
华中,1.40,none,2018-08-25,湖北省洪湖农贸市场,1.60,1.10,西红柿,湖北,none,2017-06-23,蔬菜,元/斤
华中,1.40,none,2018-08-25,湖北省洪湖农贸市场,1.60,1.10,西红柿,湖北,none,2017-06-21,蔬菜,元/斤
华中,1.40,none,2018-08-25,湖北省洪湖农贸市场,1.60,1.10,西红柿,湖北,none,2017-06-20,蔬菜,元/斤
华中,1.40,none,2018-08-25,湖北省洪湖农贸市场,1.60,1.10,西红柿,湖北,none,2017-06-15,蔬菜,元/斤
华中,1.40,none,2018-08-25,湖北省洪湖农贸市场,1.60,1.10,西红柿,湖北,none,2017-06-13,蔬菜,元/斤
华中,1.40,none,2018-08-25,湖北省洪湖农贸市场,1.60,1.10,西红柿,湖北,none,2017-06-12,蔬菜,元/斤
华中,1.40,none,2018-08-25,湖北省洪湖农贸市场,1.60,1.10,西红柿,湖北,none,2017-06-08,蔬菜,元/斤
华中,1.40,none,2018-08-25,湖北省洪湖农贸市场,1.60,1.10,西红柿,湖北,none,2017-06-05,蔬菜,元/斤
华中,1.60,none,2018-08-25,湖北省洪湖农贸市场,1.90,1.40,西红柿,湖北,none,2017-06-01,蔬菜,元/斤
华中,1.80,none,2018-08-25,湖北省洪湖农贸市场,2.00,1.50,西红柿,湖北,none,2017-05-31,蔬菜,元/斤
华中,2.00,none,2018-08-25,湖北省洪湖农贸市场,2.40,1.80,西红柿,湖北,none,2017-05-24,蔬菜,元/斤
华中,2.00,none,2018-08-25,湖北省洪湖农贸市场,2.40,1.80,西红柿,湖北,none,2017-05-23,蔬菜,元/斤
华中,1.40,none,2018-08-25,湖北省洪湖农贸市场,1.80,1.10,西红柿,湖北,none,2017-10-18,蔬菜,元/斤
华中,1.40,none,2018-08-25,湖北省洪湖农贸市场,1.80,1.10,西红柿,湖北,none,2017-10-16,蔬菜,元/斤
华中,1.40,none,2018-08-25,湖北省洪湖农贸市场,1.70,1.10,西红柿,湖北,none,2017-10-12,蔬菜,元/斤
华中,1.40,none,2018-08-25,湖北省洪湖农贸市场,1.70,1.10,西红柿,湖北,none,2017-10-11,蔬菜,元/斤
华中,1.40,none,2018-08-25,湖北省洪湖农贸市场,1.70,1.10,西红柿,湖北,none,2017-10-09,蔬菜,元/斤
华中,1.40,none,2018-08-25,湖北省洪湖农贸市场,1.80,1.20,西红柿,湖北,none,2017-09-30,蔬菜,元/斤
华中,1.40,none,2018-08-25,湖北省洪湖农贸市场,1.80,1.20,西红柿,湖北,none,2017-09-29,蔬菜,元/斤
华中,1.40,none,2018-08-25,湖北省洪湖农贸市场,1.80,1.20,西红柿,湖北,none,2017-09-28,蔬菜,元/斤
华中,1.40,none,2018-08-25,湖北省洪湖农贸市场,1.80,1.20,西红柿,湖北,none,2017-09-27,蔬菜,元/斤
华中,1.40,none,2018-08-25,湖北省洪湖农贸市场,1.80,1.20,西红柿,湖北,none,2017-09-26,蔬菜,元/斤
华中,1.40,none,2018-08-25,湖北省洪湖农贸市场,1.80,1.20,西红柿,湖北,none,2017-09-22,蔬菜,元/斤
华中,1.40,none,2018-08-25,湖北省洪湖农贸市场,1.80,1.20,西红柿,湖北,none,2017-09-21,蔬菜,元/斤
华中,1.40,none,2018-08-25,湖北省洪湖农贸市场,1.80,1.20,西红柿,湖北,none,2017-09-20,蔬菜,元/斤
华中,1.40,none,2018-08-25,湖北省洪湖农贸市场,1.80,1.20,西红柿,湖北,none,2017-09-19,蔬菜,元/斤
华中,1.30,none,2018-08-25,湖北省洪湖农贸市场,1.50,1.00,西红柿,湖北,none,2017-09-08,蔬菜,元/斤
华中,1.30,none,2018-08-25,湖北省洪湖农贸市场,1.50,1.00,西红柿,湖北,none,2017-09-07,蔬菜,元/斤
华中,1.30,none,2018-08-25,湖北省洪湖农贸市场,1.50,1.00,西红柿,湖北,none,2017-09-04,蔬菜,元/斤
华中,1.30,none,2018-08-25,湖北省洪湖农贸市场,1.50,1.00,西红柿,湖北,none,2017-09-01,蔬菜,元/斤
华中,1.30,none,2018-08-25,湖北省洪湖农贸市场,1.50,1.00,西红柿,湖北,none,2017-08-31,蔬菜,元/斤
华中,1.30,none,2018-08-25,湖北省洪湖农贸市场,1.50,1.00,西红柿,湖北,none,2017-08-29,蔬菜,元/斤
华中,1.70,none,2018-08-25,湖北省洪湖农贸市场,2.00,1.40,西红柿,湖北,none,2017-08-21,蔬菜,元/斤
华中,1.70,none,2018-08-25,湖北省洪湖农贸市场,2.00,1.40,西红柿,湖北,none,2017-08-15,蔬菜,元/斤
华中,1.30,none,2018-08-25,湖北省洪湖农贸市场,1.50,1.10,西红柿,湖北,none,2017-08-10,蔬菜,元/斤
华中,1.30,none,2018-08-25,湖北省洪湖农贸市场,1.50,1.10,西红柿,湖北,none,2017-08-08,蔬菜,元/斤
华中,1.50,none,2018-08-25,湖北省洪湖农贸市场,1.80,1.30,西红柿,湖北,none,2017-07-28,蔬菜,元/斤
华中,1.60,none,2018-08-25,湖北省洪湖农贸市场,2.00,1.30,西红柿,湖北,none,2017-12-05,蔬菜,元/斤
华中,1.60,none,2018-08-25,湖北省洪湖农贸市场,2.00,1.30,西红柿,湖北,none,2017-12-04,蔬菜,元/斤
华中,1.60,none,2018-08-25,湖北省洪湖农贸市场,2.00,1.30,西红柿,湖北,none,2017-12-01,蔬菜,元/斤
华中,1.60,none,2018-08-25,湖北省洪湖农贸市场,2.00,1.30,西红柿,湖北,none,2017-11-30,蔬菜,元/斤
华中,1.60,none,2018-08-25,湖北省洪湖农贸市场,2.00,1.30,西红柿,湖北,none,2017-11-29,蔬菜,元/斤
华中,1.60,none,2018-08-25,湖北省洪湖农贸市场,2.00,1.30,西红柿,湖北,none,2017-11-28,蔬菜,元/斤
华中,1.60,none,2018-08-25,湖北省洪湖农贸市场,2.00,1.30,西红柿,湖北,none,2017-11-27,蔬菜,元/斤
华中,1.60,none,2018-08-25,湖北省洪湖农贸市场,2.00,1.30,西红柿,湖北,none,2017-11-23,蔬菜,元/斤
华中,1.60,none,2018-08-25,湖北省洪湖农贸市场,2.00,1.30,西红柿,湖北,none,2017-11-22,蔬菜,元/斤
华中,1.60,none,2018-08-25,湖北省洪湖农贸市场,2.00,1.30,西红柿,湖北,none,2017-11-21,蔬菜,元/斤
华中,1.60,none,2018-08-25,湖北省洪湖农贸市场,2.00,1.30,西红柿,湖北,none,2017-11-20,蔬菜,元/斤
华中,1.60,none,2018-08-25,湖北省洪湖农贸市场,2.00,1.30,西红柿,湖北,none,2017-11-16,蔬菜,元/斤
华中,1.60,none,2018-08-25,湖北省洪湖农贸市场,2.00,1.30,西红柿,湖北,none,2017-11-14,蔬菜,元/斤
华中,1.60,none,2018-08-25,湖北省洪湖农贸市场,2.00,1.30,西红柿,湖北,none,2017-11-10,蔬菜,元/斤
华中,1.60,none,2018-08-25,湖北省洪湖农贸市场,2.00,1.30,西红柿,湖北,none,2017-11-09,蔬菜,元/斤
华中,1.60,none,2018-08-25,湖北省洪湖农贸市场,2.00,1.30,西红柿,湖北,none,2017-11-08,蔬菜,元/斤
华中,1.60,none,2018-08-25,湖北省洪湖农贸市场,2.00,1.30,西红柿,湖北,none,2017-11-07,蔬菜,元/斤
华中,1.60,none,2018-08-25,湖北省洪湖农贸市场,2.00,1.30,西红柿,湖北,none,2017-11-06,蔬菜,元/斤
华中,1.60,none,2018-08-25,湖北省洪湖农贸市场,2.10,1.30,西红柿,湖北,none,2017-11-03,蔬菜,元/斤
华中,1.60,none,2018-08-25,湖北省洪湖农贸市场,2.10,1.30,西红柿,湖北,none,2017-11-02,蔬菜,元/斤
华中,1.60,none,2018-08-25,湖北省洪湖农贸市场,2.10,1.30,西红柿,湖北,none,2017-11-01,蔬菜,元/斤
华中,1.40,none,2018-08-25,湖北省洪湖农贸市场,1.80,1.10,西红柿,湖北,none,2017-10-26,蔬菜,元/斤
华中,1.40,none,2018-08-25,湖北省洪湖农贸市场,1.80,1.10,西红柿,湖北,none,2017-10-25,蔬菜,元/斤
华中,1.40,none,2018-08-25,湖北省洪湖农贸市场,1.80,1.10,西红柿,湖北,none,2017-10-24,蔬菜,元/斤
华中,1.40,none,2018-08-25,湖北省洪湖农贸市场,1.80,1.10,西红柿,湖北,none,2017-10-20,蔬菜,元/斤
华中,1.60,none,2018-08-25,湖北省洪湖农贸市场,2.00,1.30,西红柿,湖北,none,2018-02-01,蔬菜,元/斤
华中,1.60,none,2018-08-25,湖北省洪湖农贸市场,2.00,1.30,西红柿,湖北,none,2018-01-31,蔬菜,元/斤
华中,1.60,none,2018-08-25,湖北省洪湖农贸市场,2.00,1.30,西红柿,湖北,none,2018-01-30,蔬菜,元/斤
华中,1.60,none,2018-08-25,湖北省洪湖农贸市场,2.00,1.30,西红柿,湖北,none,2018-01-28,蔬菜,元/斤
华中,1.60,none,2018-08-25,湖北省洪湖农贸市场,2.00,1.30,西红柿,湖北,none,2018-01-27,蔬菜,元/斤
华中,1.60,none,2018-08-25,湖北省洪湖农贸市场,2.00,1.30,西红柿,湖北,none,2018-01-26,蔬菜,元/斤
华中,1.60,none,2018-08-25,湖北省洪湖农贸市场,2.00,1.30,西红柿,湖北,none,2018-01-24,蔬菜,元/斤
华中,1.60,none,2018-08-25,湖北省洪湖农贸市场,2.00,1.30,西红柿,湖北,none,2018-01-23,蔬菜,元/斤
华中,1.60,none,2018-08-25,湖北省洪湖农贸市场,2.00,1.30,西红柿,湖北,none,2018-01-19,蔬菜,元/斤
华中,1.60,none,2018-08-25,湖北省洪湖农贸市场,2.00,1.30,西红柿,湖北,none,2018-01-17,蔬菜,元/斤
华中,1.60,none,2018-08-25,湖北省洪湖农贸市场,2.00,1.30,西红柿,湖北,none,2018-01-15,蔬菜,元/斤
华中,1.60,none,2018-08-25,湖北省洪湖农贸市场,2.00,1.30,西红柿,湖北,none,2018-01-11,蔬菜,元/斤
华中,1.60,none,2018-08-25,湖北省洪湖农贸市场,2.00,1.30,西红柿,湖北,none,2018-01-10,蔬菜,元/斤
华中,1.60,none,2018-08-25,湖北省洪湖农贸市场,2.00,1.30,西红柿,湖北,none,2018-01-05,蔬菜,元/斤
华中,1.60,none,2018-08-25,湖北省洪湖农贸市场,2.00,1.30,西红柿,湖北,none,2018-01-04,蔬菜,元/斤
华中,1.60,none,2018-08-25,湖北省洪湖农贸市场,2.00,1.30,西红柿,湖北,none,2017-12-28,蔬菜,元/斤
华中,1.60,none,2018-08-25,湖北省洪湖农贸市场,2.00,1.30,西红柿,湖北,none,2017-12-26,蔬菜,元/斤
华中,1.60,none,2018-08-25,湖北省洪湖农贸市场,2.00,1.30,西红柿,湖北,none,2017-12-22,蔬菜,元/斤
华中,1.60,none,2018-08-25,湖北省洪湖农贸市场,2.00,1.30,西红柿,湖北,none,2017-12-20,蔬菜,元/斤
华中,1.60,none,2018-08-25,湖北省洪湖农贸市场,2.00,1.30,西红柿,湖北,none,2017-12-19,蔬菜,元/斤
华中,1.60,none,2018-08-25,湖北省洪湖农贸市场,2.00,1.30,西红柿,湖北,none,2017-12-13,蔬菜,元/斤
华中,1.60,none,2018-08-25,湖北省洪湖农贸市场,2.00,1.30,西红柿,湖北,none,2017-12-12,蔬菜,元/斤
华中,1.60,none,2018-08-25,湖北省洪湖农贸市场,2.00,1.30,西红柿,湖北,none,2017-12-11,蔬菜,元/斤
华中,1.60,none,2018-08-25,湖北省洪湖农贸市场,2.00,1.30,西红柿,湖北,none,2017-12-08,蔬菜,元/斤
华中,1.60,none,2018-08-25,湖北省洪湖农贸市场,2.00,1.30,西红柿,湖北,none,2017-12-07,蔬菜,元/斤
华中,1.50,none,2018-08-25,湖北省洪湖农贸市场,2.20,1.00,西红柿,湖北,none,2018-04-16,蔬菜,元/斤
华中,1.30,none,2018-08-25,湖北省洪湖农贸市场,1.75,0.90,西红柿,湖北,none,2018-04-13,蔬菜,元/斤
华中,1.30,none,2018-08-25,湖北省洪湖农贸市场,1.75,0.90,西红柿,湖北,none,2018-04-12,蔬菜,元/斤
华中,1.30,none,2018-08-25,湖北省洪湖农贸市场,1.75,0.90,西红柿,湖北,none,2018-04-08,蔬菜,元/斤
华中,1.50,none,2018-08-25,湖北省洪湖农贸市场,1.90,1.00,西红柿,湖北,none,2018-03-28,蔬菜,元/斤
华中,1.50,none,2018-08-25,湖北省洪湖农贸市场,1.90,1.00,西红柿,湖北,none,2018-03-27,蔬菜,元/斤
华中,1.50,none,2018-08-25,湖北省洪湖农贸市场,1.90,1.00,西红柿,湖北,none,2018-03-23,蔬菜,元/斤
华中,1.50,none,2018-08-25,湖北省洪湖农贸市场,1.90,1.00,西红柿,湖北,none,2018-03-22,蔬菜,元/斤
华中,1.50,none,2018-08-25,湖北省洪湖农贸市场,1.90,1.00,西红柿,湖北,none,2018-03-19,蔬菜,元/斤
华中,1.50,none,2018-08-25,湖北省洪湖农贸市场,1.90,1.00,西红柿,湖北,none,2018-03-15,蔬菜,元/斤
华中,1.50,none,2018-08-25,湖北省洪湖农贸市场,1.90,1.00,西红柿,湖北,none,2018-03-14,蔬菜,元/斤
华中,1.50,none,2018-08-25,湖北省洪湖农贸市场,1.90,1.00,西红柿,湖北,none,2018-03-13,蔬菜,元/斤
华中,1.50,none,2018-08-25,湖北省洪湖农贸市场,1.90,1.00,西红柿,湖北,none,2018-03-09,蔬菜,元/斤
华中,1.50,none,2018-08-25,湖北省洪湖农贸市场,1.90,1.00,西红柿,湖北,none,2018-03-08,蔬菜,元/斤
华中,1.50,none,2018-08-25,湖北省洪湖农贸市场,1.90,1.00,西红柿,湖北,none,2018-03-06,蔬菜,元/斤
华中,1.50,none,2018-08-25,湖北省洪湖农贸市场,1.90,1.00,西红柿,湖北,none,2018-03-05,蔬菜,元/斤
华中,1.50,none,2018-08-25,湖北省洪湖农贸市场,1.90,1.00,西红柿,湖北,none,2018-02-28,蔬菜,元/斤
华中,1.50,none,2018-08-25,湖北省洪湖农贸市场,1.90,1.00,西红柿,湖北,none,2018-02-22,蔬菜,元/斤
华中,1.60,none,2018-08-25,湖北省洪湖农贸市场,2.10,1.20,西红柿,湖北,none,2018-02-14,蔬菜,元/斤
华中,1.60,none,2018-08-25,湖北省洪湖农贸市场,2.10,1.20,西红柿,湖北,none,2018-02-13,蔬菜,元/斤
华中,1.60,none,2018-08-25,湖北省洪湖农贸市场,2.00,1.30,西红柿,湖北,none,2018-02-11,蔬菜,元/斤
华中,1.60,none,2018-08-25,湖北省洪湖农贸市场,2.00,1.30,西红柿,湖北,none,2018-02-08,蔬菜,元/斤
华中,1.60,none,2018-08-25,湖北省洪湖农贸市场,2.00,1.30,西红柿,湖北,none,2018-02-06,蔬菜,元/斤
华中,1.60,none,2018-08-25,湖北省洪湖农贸市场,2.00,1.30,西红柿,湖北,none,2018-02-05,蔬菜,元/斤
华中,1.60,none,2018-08-25,湖北省洪湖农贸市场,2.00,1.30,西红柿,湖北,none,2018-02-02,蔬菜,元/斤
华中,1.60,none,2018-08-25,湖北省洪湖农贸市场,2.10,1.10,芹菜,湖北,none,2017-03-23,蔬菜,元/斤
华中,1.60,none,2018-08-25,湖北省洪湖农贸市场,2.10,1.10,芹菜,湖北,none,2017-03-22,蔬菜,元/斤
华中,1.60,none,2018-08-25,湖北省洪湖农贸市场,2.10,1.10,芹菜,湖北,none,2017-03-21,蔬菜,元/斤
华中,1.60,none,2018-08-25,湖北省洪湖农贸市场,2.10,1.10,芹菜,湖北,none,2017-03-20,蔬菜,元/斤
华中,1.60,none,2018-08-25,湖北省洪湖农贸市场,2.10,1.10,芹菜,湖北,none,2017-03-17,蔬菜,元/斤
华中,1.60,none,2018-08-25,湖北省洪湖农贸市场,2.10,1.10,芹菜,湖北,none,2017-03-07,蔬菜,元/斤
华中,1.60,none,2018-08-25,湖北省洪湖农贸市场,2.10,1.10,芹菜,湖北,none,2017-03-04,蔬菜,元/斤
华中,1.60,none,2018-08-25,湖北省洪湖农贸市场,2.10,1.10,芹菜,湖北,none,2017-03-03,蔬菜,元/斤
华中,1.60,none,2018-08-25,湖北省洪湖农贸市场,2.10,1.10,芹菜,湖北,none,2017-03-02,蔬菜,元/斤
华中,1.60,none,2018-08-25,湖北省洪湖农贸市场,2.10,1.10,芹菜,湖北,none,2017-03-01,蔬菜,元/斤
华中,1.60,none,2018-08-25,湖北省洪湖农贸市场,2.10,1.10,芹菜,湖北,none,2017-02-28,蔬菜,元/斤
华中,1.60,none,2018-08-25,湖北省洪湖农贸市场,2.10,1.10,芹菜,湖北,none,2017-02-27,蔬菜,元/斤
华中,2.00,none,2018-08-25,湖北省洪湖农贸市场,2.50,1.50,芹菜,湖北,none,2017-02-24,蔬菜,元/斤
华中,2.00,none,2018-08-25,湖北省洪湖农贸市场,2.50,1.50,芹菜,湖北,none,2017-02-23,蔬菜,元/斤
华中,2.00,none,2018-08-25,湖北省洪湖农贸市场,2.50,1.50,芹菜,湖北,none,2017-02-22,蔬菜,元/斤
华中,2.00,none,2018-08-25,湖北省洪湖农贸市场,2.50,1.50,芹菜,湖北,none,2017-02-21,蔬菜,元/斤
华中,2.00,none,2018-08-25,湖北省洪湖农贸市场,2.50,1.50,芹菜,湖北,none,2017-02-20,蔬菜,元/斤
华中,2.00,none,2018-08-25,湖北省洪湖农贸市场,2.50,1.50,芹菜,湖北,none,2017-02-17,蔬菜,元/斤
华中,2.00,none,2018-08-25,湖北省洪湖农贸市场,2.50,1.50,芹菜,湖北,none,2017-02-16,蔬菜,元/斤
华中,2.00,none,2018-08-25,湖北省洪湖农贸市场,2.50,1.50,芹菜,湖北,none,2017-02-15,蔬菜,元/斤
华中,2.00,none,2018-08-25,湖北省洪湖农贸市场,2.50,1.50,芹菜,湖北,none,2017-02-14,蔬菜,元/斤
华中,2.00,none,2018-08-25,湖北省洪湖农贸市场,2.50,1.50,芹菜,湖北,none,2017-02-13,蔬菜,元/斤
华中,2.50,none,2018-08-25,湖北省洪湖农贸市场,3.00,2.00,芹菜,湖北,none,2017-02-10,蔬菜,元/斤
华中,2.50,none,2018-08-25,湖北省洪湖农贸市场,3.00,2.00,芹菜,湖北,none,2017-02-08,蔬菜,元/斤
华中,2.50,none,2018-08-25,湖北省洪湖农贸市场,3.00,2.00,芹菜,湖北,none,2017-02-07,蔬菜,元/斤
华中,1.90,none,2018-08-25,湖北省洪湖农贸市场,2.20,1.70,芹菜,湖北,none,2017-05-10,蔬菜,元/斤
华中,1.90,none,2018-08-25,湖北省洪湖农贸市场,2.20,1.70,芹菜,湖北,none,2017-05-09,蔬菜,元/斤
华中,1.90,none,2018-08-25,湖北省洪湖农贸市场,2.20,1.70,芹菜,湖北,none,2017-05-08,蔬菜,元/斤
华中,1.80,none,2018-08-25,湖北省洪湖农贸市场,2.00,1.50,芹菜,湖北,none,2017-05-05,蔬菜,元/斤
华中,1.80,none,2018-08-25,湖北省洪湖农贸市场,2.00,1.50,芹菜,湖北,none,2017-05-04,蔬菜,元/斤
华中,1.80,none,2018-08-25,湖北省洪湖农贸市场,2.00,1.50,芹菜,湖北,none,2017-05-03,蔬菜,元/斤
华中,1.80,none,2018-08-25,湖北省洪湖农贸市场,2.00,1.50,芹菜,湖北,none,2017-05-02,蔬菜,元/斤
华中,1.60,none,2018-08-25,湖北省洪湖农贸市场,1.80,1.40,芹菜,湖北,none,2017-04-28,蔬菜,元/斤
华中,1.60,none,2018-08-25,湖北省洪湖农贸市场,1.80,1.40,芹菜,湖北,none,2017-04-26,蔬菜,元/斤
华中,1.60,none,2018-08-25,湖北省洪湖农贸市场,1.80,1.40,芹菜,湖北,none,2017-04-25,蔬菜,元/斤
华中,1.30,none,2018-08-25,湖北省洪湖农贸市场,1.50,0.90,芹菜,湖北,none,2017-04-20,蔬菜,元/斤
华中,1.30,none,2018-08-25,湖北省洪湖农贸市场,1.50,0.90,芹菜,湖北,none,2017-04-18,蔬菜,元/斤
华中,1.30,none,2018-08-25,湖北省洪湖农贸市场,1.50,0.90,芹菜,湖北,none,2017-04-17,蔬菜,元/斤
华中,1.50,none,2018-08-25,湖北省洪湖农贸市场,1.90,1.10,芹菜,湖北,none,2017-04-14,蔬菜,元/斤
华中,1.50,none,2018-08-25,湖北省洪湖农贸市场,1.90,1.10,芹菜,湖北,none,2017-04-13,蔬菜,元/斤
华中,1.50,none,2018-08-25,湖北省洪湖农贸市场,1.90,1.10,芹菜,湖北,none,2017-04-12,蔬菜,元/斤
华中,1.50,none,2018-08-25,湖北省洪湖农贸市场,1.90,1.10,芹菜,湖北,none,2017-04-11,蔬菜,元/斤
华中,1.50,none,2018-08-25,湖北省洪湖农贸市场,1.90,1.10,芹菜,湖北,none,2017-04-10,蔬菜,元/斤
华中,1.40,none,2018-08-25,湖北省洪湖农贸市场,1.70,0.90,芹菜,湖北,none,2017-04-06,蔬菜,元/斤
华中,1.40,none,2018-08-25,湖北省洪湖农贸市场,1.70,0.90,芹菜,湖北,none,2017-04-05,蔬菜,元/斤
华中,1.40,none,2018-08-25,湖北省洪湖农贸市场,1.70,0.90,芹菜,湖北,none,2017-04-01,蔬菜,元/斤
华中,1.40,none,2018-08-25,湖北省洪湖农贸市场,1.70,0.90,芹菜,湖北,none,2017-03-31,蔬菜,元/斤
华中,1.40,none,2018-08-25,湖北省洪湖农贸市场,1.70,0.90,芹菜,湖北,none,2017-03-30,蔬菜,元/斤
华中,1.40,none,2018-08-25,湖北省洪湖农贸市场,1.70,0.90,芹菜,湖北,none,2017-03-29,蔬菜,元/斤
华中,1.40,none,2018-08-25,湖北省洪湖农贸市场,1.70,0.90,芹菜,湖北,none,2017-03-28,蔬菜,元/斤
华中,2.80,none,2018-08-25,湖北省洪湖农贸市场,3.30,2.40,芹菜,湖北,none,2017-07-08,蔬菜,元/斤
华中,2.80,none,2018-08-25,湖北省洪湖农贸市场,3.30,2.40,芹菜,湖北,none,2017-07-07,蔬菜,元/斤
华中,2.80,none,2018-08-25,湖北省洪湖农贸市场,3.30,2.40,芹菜,湖北,none,2017-07-06,蔬菜,元/斤
华中,2.80,none,2018-08-25,湖北省洪湖农贸市场,3.30,2.40,芹菜,湖北,none,2017-07-05,蔬菜,元/斤
华中,2.80,none,2018-08-25,湖北省洪湖农贸市场,3.30,2.40,芹菜,湖北,none,2017-07-04,蔬菜,元/斤
华中,2.80,none,2018-08-25,湖北省洪湖农贸市场,3.30,2.40,芹菜,湖北,none,2017-07-03,蔬菜,元/斤
华中,2.80,none,2018-08-25,湖北省洪湖农贸市场,3.30,2.40,芹菜,湖北,none,2017-06-30,蔬菜,元/斤
华中,2.80,none,2018-08-25,湖北省洪湖农贸市场,3.30,2.40,芹菜,湖北,none,2017-06-29,蔬菜,元/斤
华中,2.80,none,2018-08-25,湖北省洪湖农贸市场,3.30,2.40,芹菜,湖北,none,2017-06-27,蔬菜,元/斤
华中,2.80,none,2018-08-25,湖北省洪湖农贸市场,3.30,2.40,芹菜,湖北,none,2017-06-23,蔬菜,元/斤
华中,2.80,none,2018-08-25,湖北省洪湖农贸市场,3.30,2.40,芹菜,湖北,none,2017-06-21,蔬菜,元/斤
华中,2.80,none,2018-08-25,湖北省洪湖农贸市场,3.30,2.40,芹菜,湖北,none,2017-06-20,蔬菜,元/斤
华中,2.80,none,2018-08-25,湖北省洪湖农贸市场,3.10,2.40,芹菜,湖北,none,2017-06-15,蔬菜,元/斤
华中,2.80,none,2018-08-25,湖北省洪湖农贸市场,3.10,2.40,芹菜,湖北,none,2017-06-13,蔬菜,元/斤
华中,2.80,none,2018-08-25,湖北省洪湖农贸市场,3.10,2.40,芹菜,湖北,none,2017-06-12,蔬菜,元/斤
华中,2.20,none,2018-08-25,湖北省洪湖农贸市场,2.60,2.00,芹菜,湖北,none,2017-06-08,蔬菜,元/斤
华中,2.00,none,2018-08-25,湖北省洪湖农贸市场,2.40,1.80,芹菜,湖北,none,2017-06-05,蔬菜,元/斤
华中,2.00,none,2018-08-25,湖北省洪湖农贸市场,2.40,1.80,芹菜,湖北,none,2017-06-01,蔬菜,元/斤
华中,2.00,none,2018-08-25,湖北省洪湖农贸市场,2.40,1.80,芹菜,湖北,none,2017-05-31,蔬菜,元/斤
华中,1.90,none,2018-08-25,湖北省洪湖农贸市场,2.30,1.70,芹菜,湖北,none,2017-05-24,蔬菜,元/斤
华中,1.90,none,2018-08-25,湖北省洪湖农贸市场,2.20,1.70,芹菜,湖北,none,2017-05-23,蔬菜,元/斤
华中,1.90,none,2018-08-25,湖北省洪湖农贸市场,2.20,1.70,芹菜,湖北,none,2017-05-22,蔬菜,元/斤
华中,1.90,none,2018-08-25,湖北省洪湖农贸市场,2.20,1.70,芹菜,湖北,none,2017-05-17,蔬菜,元/斤
华中,1.90,none,2018-08-25,湖北省洪湖农贸市场,2.20,1.70,芹菜,湖北,none,2017-05-15,蔬菜,元/斤
华中,1.90,none,2018-08-25,湖北省洪湖农贸市场,2.20,1.70,芹菜,湖北,none,2017-05-12,蔬菜,元/斤
华中,3.30,none,2018-08-25,湖北省洪湖农贸市场,3.80,2.80,芹菜,湖北,none,2017-09-20,蔬菜,元/斤
华中,3.30,none,2018-08-25,湖北省洪湖农贸市场,3.80,2.80,芹菜,湖北,none,2017-09-19,蔬菜,元/斤
华中,3.50,none,2018-08-25,湖北省洪湖农贸市场,4.00,3.00,芹菜,湖北,none,2017-09-08,蔬菜,元/斤
华中,3.50,none,2018-08-25,湖北省洪湖农贸市场,4.00,3.00,芹菜,湖北,none,2017-09-07,蔬菜,元/斤
华中,3.50,none,2018-08-25,湖北省洪湖农贸市场,4.00,3.00,芹菜,湖北,none,2017-09-04,蔬菜,元/斤
华中,3.50,none,2018-08-25,湖北省洪湖农贸市场,4.00,3.00,芹菜,湖北,none,2017-09-01,蔬菜,元/斤
华中,3.50,none,2018-08-25,湖北省洪湖农贸市场,4.00,3.00,芹菜,湖北,none,2017-08-31,蔬菜,元/斤
华中,3.50,none,2018-08-25,湖北省洪湖农贸市场,4.00,3.00,芹菜,湖北,none,2017-08-30,蔬菜,元/斤
华中,3.50,none,2018-08-25,湖北省洪湖农贸市场,4.00,3.00,芹菜,湖北,none,2017-08-29,蔬菜,元/斤
华中,3.90,none,2018-08-25,湖北省洪湖农贸市场,4.40,3.40,芹菜,湖北,none,2017-08-21,蔬菜,元/斤
华中,3.90,none,2018-08-25,湖北省洪湖农贸市场,4.40,3.40,芹菜,湖北,none,2017-08-15,蔬菜,元/斤
华中,3.90,none,2018-08-25,湖北省洪湖农贸市场,4.40,3.40,芹菜,湖北,none,2017-08-14,蔬菜,元/斤
华中,3.20,none,2018-08-25,湖北省洪湖农贸市场,3.70,2.90,芹菜,湖北,none,2017-08-10,蔬菜,元/斤
华中,3.20,none,2018-08-25,湖北省洪湖农贸市场,3.70,2.90,芹菜,湖北,none,2017-08-08,蔬菜,元/斤
华中,2.80,none,2018-08-25,湖北省洪湖农贸市场,3.30,2.40,芹菜,湖北,none,2017-08-03,蔬菜,元/斤
华中,2.80,none,2018-08-25,湖北省洪湖农贸市场,3.30,2.40,芹菜,湖北,none,2017-07-28,蔬菜,元/斤
华中,2.80,none,2018-08-25,湖北省洪湖农贸市场,3.30,2.40,芹菜,湖北,none,2017-07-27,蔬菜,元/斤
华中,2.80,none,2018-08-25,湖北省洪湖农贸市场,3.30,2.40,芹菜,湖北,none,2017-07-26,蔬菜,元/斤
华中,2.80,none,2018-08-25,湖北省洪湖农贸市场,3.30,2.40,芹菜,湖北,none,2017-07-25,蔬菜,元/斤
华中,2.80,none,2018-08-25,湖北省洪湖农贸市场,3.30,2.40,芹菜,湖北,none,2017-07-24,蔬菜,元/斤
华中,2.80,none,2018-08-25,湖北省洪湖农贸市场,3.30,2.40,芹菜,湖北,none,2017-07-21,蔬菜,元/斤
华中,2.80,none,2018-08-25,湖北省洪湖农贸市场,3.30,2.40,芹菜,湖北,none,2017-07-20,蔬菜,元/斤
华中,2.80,none,2018-08-25,湖北省洪湖农贸市场,3.30,2.40,芹菜,湖北,none,2017-07-19,蔬菜,元/斤
华中,2.80,none,2018-08-25,湖北省洪湖农贸市场,3.30,2.40,芹菜,湖北,none,2017-07-13,蔬菜,元/斤
华中,2.80,none,2018-08-25,湖北省洪湖农贸市场,3.30,2.40,芹菜,湖北,none,2017-07-12,蔬菜,元/斤
华中,3.10,none,2018-08-25,湖北省洪湖农贸市场,3.40,2.90,芹菜,湖北,none,2017-11-10,蔬菜,元/斤
华中,3.10,none,2018-08-25,湖北省洪湖农贸市场,3.40,2.90,芹菜,湖北,none,2017-11-09,蔬菜,元/斤
华中,3.10,none,2018-08-25,湖北省洪湖农贸市场,3.40,2.90,芹菜,湖北,none,2017-11-08,蔬菜,元/斤
华中,3.10,none,2018-08-25,湖北省洪湖农贸市场,3.40,2.90,芹菜,湖北,none,2017-11-07,蔬菜,元/斤
华中,3.20,none,2018-08-25,湖北省洪湖农贸市场,3.50,3.00,芹菜,湖北,none,2017-11-06,蔬菜,元/斤
华中,3.40,none,2018-08-25,湖北省洪湖农贸市场,3.70,3.00,芹菜,湖北,none,2017-11-03,蔬菜,元/斤
华中,3.40,none,2018-08-25,湖北省洪湖农贸市场,3.70,3.00,芹菜,湖北,none,2017-11-02,蔬菜,元/斤
华中,3.40,none,2018-08-25,湖北省洪湖农贸市场,3.70,3.00,芹菜,湖北,none,2017-11-01,蔬菜,元/斤
华中,3.60,none,2018-08-25,湖北省洪湖农贸市场,3.80,3.40,芹菜,湖北,none,2017-10-26,蔬菜,元/斤
华中,3.60,none,2018-08-25,湖北省洪湖农贸市场,3.80,3.40,芹菜,湖北,none,2017-10-25,蔬菜,元/斤
华中,3.60,none,2018-08-25,湖北省洪湖农贸市场,3.80,3.40,芹菜,湖北,none,2017-10-24,蔬菜,元/斤
华中,3.60,none,2018-08-25,湖北省洪湖农贸市场,3.80,3.40,芹菜,湖北,none,2017-10-20,蔬菜,元/斤
华中,3.60,none,2018-08-25,湖北省洪湖农贸市场,3.80,3.40,芹菜,湖北,none,2017-10-19,蔬菜,元/斤
华中,3.60,none,2018-08-25,湖北省洪湖农贸市场,3.80,3.40,芹菜,湖北,none,2017-10-18,蔬菜,元/斤
华中,3.60,none,2018-08-25,湖北省洪湖农贸市场,3.80,3.40,芹菜,湖北,none,2017-10-16,蔬菜,元/斤
华中,3.60,none,2018-08-25,湖北省洪湖农贸市场,3.80,3.40,芹菜,湖北,none,2017-10-12,蔬菜,元/斤
华中,3.60,none,2018-08-25,湖北省洪湖农贸市场,3.80,3.40,芹菜,湖北,none,2017-10-11,蔬菜,元/斤
华中,3.60,none,2018-08-25,湖北省洪湖农贸市场,3.80,3.40,芹菜,湖北,none,2017-10-09,蔬菜,元/斤
华中,3.10,none,2018-08-25,湖北省洪湖农贸市场,3.50,2.60,芹菜,湖北,none,2017-09-30,蔬菜,元/斤
华中,3.10,none,2018-08-25,湖北省洪湖农贸市场,3.50,2.60,芹菜,湖北,none,2017-09-29,蔬菜,元/斤
华中,3.10,none,2018-08-25,湖北省洪湖农贸市场,3.50,2.60,芹菜,湖北,none,2017-09-28,蔬菜,元/斤
华中,3.20,none,2018-08-25,湖北省洪湖农贸市场,3.70,2.70,芹菜,湖北,none,2017-09-27,蔬菜,元/斤
华中,3.20,none,2018-08-25,湖北省洪湖农贸市场,3.70,2.70,芹菜,湖北,none,2017-09-26,蔬菜,元/斤
华中,3.30,none,2018-08-25,湖北省洪湖农贸市场,3.80,2.80,芹菜,湖北,none,2017-09-22,蔬菜,元/斤
华中,3.30,none,2018-08-25,湖北省洪湖农贸市场,3.80,2.80,芹菜,湖北,none,2017-09-21,蔬菜,元/斤
华中,2.00,none,2018-08-25,湖北省洪湖农贸市场,2.50,1.60,芹菜,湖北,none,2018-01-03,蔬菜,元/斤
华中,2.00,none,2018-08-25,湖北省洪湖农贸市场,2.50,1.60,芹菜,湖北,none,2017-12-28,蔬菜,元/斤
华中,2.00,none,2018-08-25,湖北省洪湖农贸市场,2.50,1.60,芹菜,湖北,none,2017-12-26,蔬菜,元/斤
华中,1.70,none,2018-08-25,湖北省洪湖农贸市场,2.00,1.50,芹菜,湖北,none,2017-12-22,蔬菜,元/斤
华中,1.70,none,2018-08-25,湖北省洪湖农贸市场,2.00,1.50,芹菜,湖北,none,2017-12-20,蔬菜,元/斤
华中,1.70,none,2018-08-25,湖北省洪湖农贸市场,2.00,1.50,芹菜,湖北,none,2017-12-19,蔬菜,元/斤
华中,1.70,none,2018-08-25,湖北省洪湖农贸市场,2.00,1.50,芹菜,湖北,none,2017-12-13,蔬菜,元/斤
华中,1.70,none,2018-08-25,湖北省洪湖农贸市场,2.00,1.50,芹菜,湖北,none,2017-12-12,蔬菜,元/斤
华中,1.70,none,2018-08-25,湖北省洪湖农贸市场,2.00,1.50,芹菜,湖北,none,2017-12-11,蔬菜,元/斤
华中,1.70,none,2018-08-25,湖北省洪湖农贸市场,2.00,1.50,芹菜,湖北,none,2017-12-08,蔬菜,元/斤
华中,1.70,none,2018-08-25,湖北省洪湖农贸市场,2.00,1.50,芹菜,湖北,none,2017-12-07,蔬菜,元/斤
华中,1.70,none,2018-08-25,湖北省洪湖农贸市场,2.00,1.50,芹菜,湖北,none,2017-12-05,蔬菜,元/斤
华中,1.70,none,2018-08-25,湖北省洪湖农贸市场,2.00,1.50,芹菜,湖北,none,2017-12-04,蔬菜,元/斤
华中,1.70,none,2018-08-25,湖北省洪湖农贸市场,2.00,1.50,芹菜,湖北,none,2017-12-01,蔬菜,元/斤
华中,1.70,none,2018-08-25,湖北省洪湖农贸市场,2.00,1.50,芹菜,湖北,none,2017-11-30,蔬菜,元/斤
华中,1.70,none,2018-08-25,湖北省洪湖农贸市场,2.00,1.50,芹菜,湖北,none,2017-11-29,蔬菜,元/斤
华中,1.70,none,2018-08-25,湖北省洪湖农贸市场,2.00,1.50,芹菜,湖北,none,2017-11-28,蔬菜,元/斤
华中,1.70,none,2018-08-25,湖北省洪湖农贸市场,2.00,1.50,芹菜,湖北,none,2017-11-27,蔬菜,元/斤
华中,2.50,none,2018-08-25,湖北省洪湖农贸市场,2.50,2.20,芹菜,湖北,none,2017-11-23,蔬菜,元/斤
华中,2.50,none,2018-08-25,湖北省洪湖农贸市场,2.50,2.20,芹菜,湖北,none,2017-11-22,蔬菜,元/斤
华中,2.50,none,2018-08-25,湖北省洪湖农贸市场,2.50,2.20,芹菜,湖北,none,2017-11-21,蔬菜,元/斤
华中,2.50,none,2018-08-25,湖北省洪湖农贸市场,2.50,2.20,芹菜,湖北,none,2017-11-20,蔬菜,元/斤
华中,2.50,none,2018-08-25,湖北省洪湖农贸市场,2.70,2.20,芹菜,湖北,none,2017-11-16,蔬菜,元/斤
华中,2.60,none,2018-08-25,湖北省洪湖农贸市场,2.90,2.40,芹菜,湖北,none,2017-11-14,蔬菜,元/斤
华中,2.60,none,2018-08-25,湖北省洪湖农贸市场,2.90,2.40,芹菜,湖北,none,2017-11-13,蔬菜,元/斤
华中,3.80,none,2018-08-25,湖北省洪湖农贸市场,4.10,3.50,芹菜,湖北,none,2018-02-26,蔬菜,元/斤
华中,3.50,none,2018-08-25,湖北省洪湖农贸市场,3.70,3.20,芹菜,湖北,none,2018-02-22,蔬菜,元/斤
华中,3.70,none,2018-08-25,湖北省洪湖农贸市场,4.00,3.20,芹菜,湖北,none,2018-02-14,蔬菜,元/斤
华中,3.70,none,2018-08-25,湖北省洪湖农贸市场,4.00,3.20,芹菜,湖北,none,2018-02-13,蔬菜,元/斤
华中,3.20,none,2018-08-25,湖北省洪湖农贸市场,3.40,2.70,芹菜,湖北,none,2018-02-11,蔬菜,元/斤
华中,3.20,none,2018-08-25,湖北省洪湖农贸市场,3.40,2.70,芹菜,湖北,none,2018-02-08,蔬菜,元/斤
华中,3.20,none,2018-08-25,湖北省洪湖农贸市场,3.40,2.70,芹菜,湖北,none,2018-02-06,蔬菜,元/斤
华中,3.20,none,2018-08-25,湖北省洪湖农贸市场,3.40,2.70,芹菜,湖北,none,2018-02-05,蔬菜,元/斤
华中,3.20,none,2018-08-25,湖北省洪湖农贸市场,3.40,2.70,芹菜,湖北,none,2018-02-02,蔬菜,元/斤
华中,3.00,none,2018-08-25,湖北省洪湖农贸市场,3.30,2.50,芹菜,湖北,none,2018-02-01,蔬菜,元/斤
华中,2.70,none,2018-08-25,湖北省洪湖农贸市场,3.00,2.20,芹菜,湖北,none,2018-01-31,蔬菜,元/斤
华中,2.70,none,2018-08-25,湖北省洪湖农贸市场,3.00,2.20,芹菜,湖北,none,2018-01-30,蔬菜,元/斤
华中,2.70,none,2018-08-25,湖北省洪湖农贸市场,3.00,2.20,芹菜,湖北,none,2018-01-28,蔬菜,元/斤
华中,2.70,none,2018-08-25,湖北省洪湖农贸市场,3.00,2.20,芹菜,湖北,none,2018-01-27,蔬菜,元/斤
华中,2.70,none,2018-08-25,湖北省洪湖农贸市场,3.00,2.20,芹菜,湖北,none,2018-01-26,蔬菜,元/斤
华中,2.70,none,2018-08-25,湖北省洪湖农贸市场,3.00,2.20,芹菜,湖北,none,2018-01-24,蔬菜,元/斤
华中,2.70,none,2018-08-25,湖北省洪湖农贸市场,3.00,2.20,芹菜,湖北,none,2018-01-23,蔬菜,元/斤
华中,2.70,none,2018-08-25,湖北省洪湖农贸市场,3.00,2.20,芹菜,湖北,none,2018-01-19,蔬菜,元/斤
华中,2.70,none,2018-08-25,湖北省洪湖农贸市场,3.00,2.20,芹菜,湖北,none,2018-01-17,蔬菜,元/斤
华中,2.70,none,2018-08-25,湖北省洪湖农贸市场,3.00,2.20,芹菜,湖北,none,2018-01-15,蔬菜,元/斤
华中,2.70,none,2018-08-25,湖北省洪湖农贸市场,3.00,2.20,芹菜,湖北,none,2018-01-11,蔬菜,元/斤
华中,2.70,none,2018-08-25,湖北省洪湖农贸市场,3.00,2.20,芹菜,湖北,none,2018-01-10,蔬菜,元/斤
华中,2.70,none,2018-08-25,湖北省洪湖农贸市场,3.00,2.20,芹菜,湖北,none,2018-01-09,蔬菜,元/斤
华中,2.30,none,2018-08-25,湖北省洪湖农贸市场,2.80,1.80,芹菜,湖北,none,2018-01-05,蔬菜,元/斤
华中,2.30,none,2018-08-25,湖北省洪湖农贸市场,2.80,1.80,芹菜,湖北,none,2018-01-04,蔬菜,元/斤
华中,2.10,none,2018-08-25,湖北省洪湖农贸市场,2.40,1.90,芹菜,湖北,none,2018-04-20,蔬菜,元/斤
华中,2.10,none,2018-08-25,湖北省洪湖农贸市场,2.40,1.90,芹菜,湖北,none,2018-04-19,蔬菜,元/斤
华中,2.10,none,2018-08-25,湖北省洪湖农贸市场,2.40,1.90,芹菜,湖北,none,2018-04-17,蔬菜,元/斤
华中,2.10,none,2018-08-25,湖北省洪湖农贸市场,2.40,1.90,芹菜,湖北,none,2018-04-16,蔬菜,元/斤
华中,1.80,none,2018-08-25,湖北省洪湖农贸市场,2.00,1.50,芹菜,湖北,none,2018-04-13,蔬菜,元/斤
华中,1.80,none,2018-08-25,湖北省洪湖农贸市场,2.00,1.50,芹菜,湖北,none,2018-04-12,蔬菜,元/斤
华中,1.80,none,2018-08-25,湖北省洪湖农贸市场,2.00,1.50,芹菜,湖北,none,2018-04-08,蔬菜,元/斤
华中,1.80,none,2018-08-25,湖北省洪湖农贸市场,2.00,1.50,芹菜,湖北,none,2018-03-30,蔬菜,元/斤
华中,1.80,none,2018-08-25,湖北省洪湖农贸市场,2.00,1.50,芹菜,湖北,none,2018-03-29,蔬菜,元/斤
华中,1.80,none,2018-08-25,湖北省洪湖农贸市场,2.00,1.50,芹菜,湖北,none,2018-03-28,蔬菜,元/斤
华中,1.80,none,2018-08-25,湖北省洪湖农贸市场,2.00,1.50,芹菜,湖北,none,2018-03-27,蔬菜,元/斤
华中,1.80,none,2018-08-25,湖北省洪湖农贸市场,2.00,1.50,芹菜,湖北,none,2018-03-26,蔬菜,元/斤
华中,1.80,none,2018-08-25,湖北省洪湖农贸市场,2.30,1.50,芹菜,湖北,none,2018-03-23,蔬菜,元/斤
华中,1.80,none,2018-08-25,湖北省洪湖农贸市场,2.30,1.50,芹菜,湖北,none,2018-03-22,蔬菜,元/斤
华中,1.80,none,2018-08-25,湖北省洪湖农贸市场,2.30,1.50,芹菜,湖北,none,2018-03-21,蔬菜,元/斤
华中,1.80,none,2018-08-25,湖北省洪湖农贸市场,2.30,1.50,芹菜,湖北,none,2018-03-19,蔬菜,元/斤
华中,1.80,none,2018-08-25,湖北省洪湖农贸市场,2.30,1.50,芹菜,湖北,none,2018-03-15,蔬菜,元/斤
华中,1.80,none,2018-08-25,湖北省洪湖农贸市场,2.30,1.50,芹菜,湖北,none,2018-03-14,蔬菜,元/斤
华中,1.80,none,2018-08-25,湖北省洪湖农贸市场,2.30,1.50,芹菜,湖北,none,2018-03-13,蔬菜,元/斤
华中,3.00,none,2018-08-25,湖北省洪湖农贸市场,3.30,2.80,芹菜,湖北,none,2018-03-09,蔬菜,元/斤
华中,3.00,none,2018-08-25,湖北省洪湖农贸市场,3.30,2.80,芹菜,湖北,none,2018-03-08,蔬菜,元/斤
华中,3.00,none,2018-08-25,湖北省洪湖农贸市场,3.30,2.80,芹菜,湖北,none,2018-03-06,蔬菜,元/斤
华中,3.30,none,2018-08-25,湖北省洪湖农贸市场,3.50,3.00,芹菜,湖北,none,2018-03-05,蔬菜,元/斤
华中,3.80,none,2018-08-25,湖北省洪湖农贸市场,4.10,3.50,芹菜,湖北,none,2018-03-02,蔬菜,元/斤
华中,3.80,none,2018-08-25,湖北省洪湖农贸市场,4.10,3.50,芹菜,湖北,none,2018-02-28,蔬菜,元/斤
华中,1.50,none,2018-08-25,湖北省洪湖农贸市场,2.00,1.00,红椒,湖北,none,2017-07-08,蔬菜,元/斤
华中,1.50,none,2018-08-25,湖北省洪湖农贸市场,2.00,1.00,红椒,湖北,none,2017-07-04,蔬菜,元/斤
华中,1.50,none,2018-08-25,湖北省洪湖农贸市场,2.00,1.00,红椒,湖北,none,2017-07-03,蔬菜,元/斤
华中,1.50,none,2018-08-25,湖北省洪湖农贸市场,2.00,1.00,红椒,湖北,none,2017-06-30,蔬菜,元/斤
华中,1.50,none,2018-08-25,湖北省洪湖农贸市场,2.00,1.00,红椒,湖北,none,2017-06-29,蔬菜,元/斤
华中,2.00,none,2018-08-25,湖北省洪湖农贸市场,2.50,1.50,红椒,湖北,none,2017-06-23,蔬菜,元/斤
华中,2.70,none,2018-08-25,湖北省洪湖农贸市场,3.00,2.30,红椒,湖北,none,2017-06-21,蔬菜,元/斤
华中,2.70,none,2018-08-25,湖北省洪湖农贸市场,3.00,2.30,红椒,湖北,none,2017-06-20,蔬菜,元/斤
华中,2.70,none,2018-08-25,湖北省洪湖农贸市场,3.00,2.30,红椒,湖北,none,2017-06-15,蔬菜,元/斤
华中,2.70,none,2018-08-25,湖北省洪湖农贸市场,3.00,2.30,红椒,湖北,none,2017-06-13,蔬菜,元/斤
华中,2.70,none,2018-08-25,湖北省洪湖农贸市场,3.00,2.30,红椒,湖北,none,2017-06-12,蔬菜,元/斤
华中,2.70,none,2018-08-25,湖北省洪湖农贸市场,3.00,2.30,红椒,湖北,none,2017-06-08,蔬菜,元/斤
华中,2.70,none,2018-08-25,湖北省洪湖农贸市场,3.00,2.30,红椒,湖北,none,2017-06-05,蔬菜,元/斤
华中,2.90,none,2018-08-25,湖北省洪湖农贸市场,3.40,2.40,红椒,湖北,none,2017-06-01,蔬菜,元/斤
华中,2.90,none,2018-08-25,湖北省洪湖农贸市场,3.40,2.40,红椒,湖北,none,2017-05-31,蔬菜,元/斤
华中,2.90,none,2018-08-25,湖北省洪湖农贸市场,3.40,2.40,红椒,湖北,none,2017-05-24,蔬菜,元/斤
华中,2.90,none,2018-08-25,湖北省洪湖农贸市场,3.40,2.40,红椒,湖北,none,2017-05-23,蔬菜,元/斤
华中,2.90,none,2018-08-25,湖北省洪湖农贸市场,3.40,2.40,红椒,湖北,none,2017-05-22,蔬菜,元/斤
华中,2.70,none,2018-08-25,湖北省洪湖农贸市场,3.20,2.20,红椒,湖北,none,2017-05-17,蔬菜,元/斤
华中,2.20,none,2018-08-25,湖北省洪湖农贸市场,2.70,1.70,红椒,湖北,none,2017-05-15,蔬菜,元/斤
华中,2.20,none,2018-08-25,湖北省洪湖农贸市场,2.70,1.70,红椒,湖北,none,2017-05-12,蔬菜,元/斤
华中,2.20,none,2018-08-25,湖北省洪湖农贸市场,2.70,1.70,红椒,湖北,none,2017-05-10,蔬菜,元/斤
华中,2.20,none,2018-08-25,湖北省洪湖农贸市场,2.70,1.70,红椒,湖北,none,2017-05-09,蔬菜,元/斤
华中,2.00,none,2018-08-25,湖北省洪湖农贸市场,2.50,1.50,红椒,湖北,none,2017-05-08,蔬菜,元/斤
华中,1.70,none,2018-08-25,湖北省洪湖农贸市场,2.20,1.30,红椒,湖北,none,2017-05-05,蔬菜,元/斤
华中,1.80,none,2018-08-25,湖北省洪湖农贸市场,2.50,1.40,红椒,湖北,none,2017-09-30,蔬菜,元/斤
华中,1.80,none,2018-08-25,湖北省洪湖农贸市场,2.50,1.40,红椒,湖北,none,2017-09-29,蔬菜,元/斤
华中,1.80,none,2018-08-25,湖北省洪湖农贸市场,2.50,1.40,红椒,湖北,none,2017-09-27,蔬菜,元/斤
华中,1.80,none,2018-08-25,湖北省洪湖农贸市场,2.50,1.40,红椒,湖北,none,2017-09-26,蔬菜,元/斤
华中,1.80,none,2018-08-25,湖北省洪湖农贸市场,2.50,1.40,红椒,湖北,none,2017-09-22,蔬菜,元/斤
华中,1.80,none,2018-08-25,湖北省洪湖农贸市场,2.50,1.40,红椒,湖北,none,2017-09-21,蔬菜,元/斤
华中,1.80,none,2018-08-25,湖北省洪湖农贸市场,2.50,1.40,红椒,湖北,none,2017-09-20,蔬菜,元/斤
华中,1.80,none,2018-08-25,湖北省洪湖农贸市场,2.50,1.40,红椒,湖北,none,2017-09-19,蔬菜,元/斤
华中,1.80,none,2018-08-25,湖北省洪湖农贸市场,2.20,1.40,红椒,湖北,none,2017-09-08,蔬菜,元/斤
华中,1.80,none,2018-08-25,湖北省洪湖农贸市场,2.20,1.40,红椒,湖北,none,2017-09-07,蔬菜,元/斤
华中,1.60,none,2018-08-25,湖北省洪湖农贸市场,2.10,1.30,红椒,湖北,none,2017-09-04,蔬菜,元/斤
华中,1.60,none,2018-08-25,湖北省洪湖农贸市场,2.00,1.30,红椒,湖北,none,2017-09-01,蔬菜,元/斤
华中,1.60,none,2018-08-25,湖北省洪湖农贸市场,2.00,1.30,红椒,湖北,none,2017-08-31,蔬菜,元/斤
华中,1.60,none,2018-08-25,湖北省洪湖农贸市场,2.00,1.30,红椒,湖北,none,2017-08-29,蔬菜,元/斤
华中,2.00,none,2018-08-25,湖北省洪湖农贸市场,2.40,1.50,红椒,湖北,none,2017-08-21,蔬菜,元/斤
华中,2.00,none,2018-08-25,湖北省洪湖农贸市场,2.50,1.50,红椒,湖北,none,2017-08-10,蔬菜,元/斤
华中,2.00,none,2018-08-25,湖北省洪湖农贸市场,2.50,1.50,红椒,湖北,none,2017-08-08,蔬菜,元/斤
华中,1.50,none,2018-08-25,湖北省洪湖农贸市场,2.00,1.00,红椒,湖北,none,2017-07-28,蔬菜,元/斤
华中,1.50,none,2018-08-25,湖北省洪湖农贸市场,2.00,1.00,红椒,湖北,none,2017-07-27,蔬菜,元/斤
华中,1.50,none,2018-08-25,湖北省洪湖农贸市场,2.00,1.00,红椒,湖北,none,2017-07-26,蔬菜,元/斤
华中,1.50,none,2018-08-25,湖北省洪湖农贸市场,2.00,1.00,红椒,湖北,none,2017-07-24,蔬菜,元/斤
华中,1.50,none,2018-08-25,湖北省洪湖农贸市场,2.00,1.00,红椒,湖北,none,2017-07-21,蔬菜,元/斤
华中,1.50,none,2018-08-25,湖北省洪湖农贸市场,2.00,1.00,红椒,湖北,none,2017-07-20,蔬菜,元/斤
华中,1.50,none,2018-08-25,湖北省洪湖农贸市场,2.00,1.00,红椒,湖北,none,2017-07-19,蔬菜,元/斤
华中,1.50,none,2018-08-25,湖北省洪湖农贸市场,2.00,1.00,红椒,湖北,none,2017-07-12,蔬菜,元/斤
华中,3.00,none,2018-08-25,湖北省洪湖农贸市场,3.50,2.50,红椒,湖北,none,2017-11-28,蔬菜,元/斤
华中,3.40,none,2018-08-25,湖北省洪湖农贸市场,3.90,2.90,红椒,湖北,none,2017-11-27,蔬菜,元/斤
华中,3.90,none,2018-08-25,湖北省洪湖农贸市场,4.40,3.40,红椒,湖北,none,2017-11-23,蔬菜,元/斤
华中,3.90,none,2018-08-25,湖北省洪湖农贸市场,4.40,3.40,红椒,湖北,none,2017-11-22,蔬菜,元/斤
华中,4.00,none,2018-08-25,湖北省洪湖农贸市场,4.50,3.50,红椒,湖北,none,2017-11-21,蔬菜,元/斤
华中,4.00,none,2018-08-25,湖北省洪湖农贸市场,4.50,3.50,红椒,湖北,none,2017-11-20,蔬菜,元/斤
华中,4.00,none,2018-08-25,湖北省洪湖农贸市场,4.50,3.50,红椒,湖北,none,2017-11-16,蔬菜,元/斤
华中,4.00,none,2018-08-25,湖北省洪湖农贸市场,4.50,3.50,红椒,湖北,none,2017-11-14,蔬菜,元/斤
华中,3.70,none,2018-08-25,湖北省洪湖农贸市场,4.30,3.10,红椒,湖北,none,2017-11-10,蔬菜,元/斤
华中,3.70,none,2018-08-25,湖北省洪湖农贸市场,4.30,3.10,红椒,湖北,none,2017-11-09,蔬菜,元/斤
华中,3.70,none,2018-08-25,湖北省洪湖农贸市场,4.30,3.10,红椒,湖北,none,2017-11-08,蔬菜,元/斤
华中,3.70,none,2018-08-25,湖北省洪湖农贸市场,4.30,3.10,红椒,湖北,none,2017-11-07,蔬菜,元/斤
华中,3.70,none,2018-08-25,湖北省洪湖农贸市场,4.20,3.10,红椒,湖北,none,2017-11-06,蔬菜,元/斤
华中,3.20,none,2018-08-25,湖北省洪湖农贸市场,3.50,2.90,红椒,湖北,none,2017-11-03,蔬菜,元/斤
华中,3.20,none,2018-08-25,湖北省洪湖农贸市场,3.50,2.90,红椒,湖北,none,2017-11-02,蔬菜,元/斤
华中,3.10,none,2018-08-25,湖北省洪湖农贸市场,3.40,2.80,红椒,湖北,none,2017-11-01,蔬菜,元/斤
华中,2.90,none,2018-08-25,湖北省洪湖农贸市场,3.10,2.60,红椒,湖北,none,2017-10-26,蔬菜,元/斤
华中,2.90,none,2018-08-25,湖北省洪湖农贸市场,3.10,2.60,红椒,湖北,none,2017-10-25,蔬菜,元/斤
华中,2.90,none,2018-08-25,湖北省洪湖农贸市场,3.10,2.60,红椒,湖北,none,2017-10-24,蔬菜,元/斤
华中,2.90,none,2018-08-25,湖北省洪湖农贸市场,3.10,2.60,红椒,湖北,none,2017-10-20,蔬菜,元/斤
华中,2.90,none,2018-08-25,湖北省洪湖农贸市场,3.10,2.60,红椒,湖北,none,2017-10-18,蔬菜,元/斤
华中,2.90,none,2018-08-25,湖北省洪湖农贸市场,3.10,2.60,红椒,湖北,none,2017-10-16,蔬菜,元/斤
华中,2.90,none,2018-08-25,湖北省洪湖农贸市场,3.10,2.60,红椒,湖北,none,2017-10-12,蔬菜,元/斤
华中,2.90,none,2018-08-25,湖北省洪湖农贸市场,3.10,2.60,红椒,湖北,none,2017-10-11,蔬菜,元/斤
华中,2.90,none,2018-08-25,湖北省洪湖农贸市场,3.10,2.60,红椒,湖北,none,2017-10-09,蔬菜,元/斤
华中,3.80,none,2018-08-25,湖北省洪湖农贸市场,4.10,3.60,红椒,湖北,none,2018-01-30,蔬菜,元/斤
华中,3.80,none,2018-08-25,湖北省洪湖农贸市场,4.10,3.60,红椒,湖北,none,2018-01-28,蔬菜,元/斤
华中,3.80,none,2018-08-25,湖北省洪湖农贸市场,4.10,3.60,红椒,湖北,none,2018-01-27,蔬菜,元/斤
华中,3.80,none,2018-08-25,湖北省洪湖农贸市场,4.10,3.60,红椒,湖北,none,2018-01-26,蔬菜,元/斤
华中,3.80,none,2018-08-25,湖北省洪湖农贸市场,4.10,3.60,红椒,湖北,none,2018-01-24,蔬菜,元/斤
华中,3.80,none,2018-08-25,湖北省洪湖农贸市场,4.10,3.60,红椒,湖北,none,2018-01-19,蔬菜,元/斤
华中,3.80,none,2018-08-25,湖北省洪湖农贸市场,4.10,3.60,红椒,湖北,none,2018-01-15,蔬菜,元/斤
华中,3.80,none,2018-08-25,湖北省洪湖农贸市场,4.10,3.60,红椒,湖北,none,2018-01-11,蔬菜,元/斤
华中,3.80,none,2018-08-25,湖北省洪湖农贸市场,4.10,3.60,红椒,湖北,none,2018-01-10,蔬菜,元/斤
华中,3.40,none,2018-08-25,湖北省洪湖农贸市场,3.70,3.20,红椒,湖北,none,2018-01-05,蔬菜,元/斤
华中,3.40,none,2018-08-25,湖北省洪湖农贸市场,3.70,3.20,红椒,湖北,none,2018-01-04,蔬菜,元/斤
华中,3.30,none,2018-08-25,湖北省洪湖农贸市场,3.50,3.00,红椒,湖北,none,2017-12-28,蔬菜,元/斤
华中,3.30,none,2018-08-25,湖北省洪湖农贸市场,3.50,3.00,红椒,湖北,none,2017-12-26,蔬菜,元/斤
华中,3.30,none,2018-08-25,湖北省洪湖农贸市场,3.50,3.00,红椒,湖北,none,2017-12-20,蔬菜,元/斤
华中,3.30,none,2018-08-25,湖北省洪湖农贸市场,3.50,3.00,红椒,湖北,none,2017-12-19,蔬菜,元/斤
华中,2.90,none,2018-08-25,湖北省洪湖农贸市场,3.30,2.50,红椒,湖北,none,2017-12-13,蔬菜,元/斤
华中,2.90,none,2018-08-25,湖北省洪湖农贸市场,3.30,2.50,红椒,湖北,none,2017-12-12,蔬菜,元/斤
华中,2.90,none,2018-08-25,湖北省洪湖农贸市场,3.30,2.50,红椒,湖北,none,2017-12-11,蔬菜,元/斤
华中,2.90,none,2018-08-25,湖北省洪湖农贸市场,3.30,2.50,红椒,湖北,none,2017-12-08,蔬菜,元/斤
华中,2.90,none,2018-08-25,湖北省洪湖农贸市场,3.30,2.50,红椒,湖北,none,2017-12-07,蔬菜,元/斤
华中,2.90,none,2018-08-25,湖北省洪湖农贸市场,3.30,2.50,红椒,湖北,none,2017-12-05,蔬菜,元/斤
华中,2.90,none,2018-08-25,湖北省洪湖农贸市场,3.30,2.50,红椒,湖北,none,2017-12-04,蔬菜,元/斤
华中,2.90,none,2018-08-25,湖北省洪湖农贸市场,3.30,2.50,红椒,湖北,none,2017-12-01,蔬菜,元/斤
华中,2.90,none,2018-08-25,湖北省洪湖农贸市场,3.30,2.50,红椒,湖北,none,2017-11-30,蔬菜,元/斤
华中,2.90,none,2018-08-25,湖北省洪湖农贸市场,3.30,2.50,红椒,湖北,none,2017-11-29,蔬菜,元/斤
华中,2.80,none,2018-08-25,湖北省洪湖农贸市场,3.00,2.50,红椒,湖北,none,2018-04-12,蔬菜,元/斤
华中,2.80,none,2018-08-25,湖北省洪湖农贸市场,3.00,2.50,红椒,湖北,none,2018-04-08,蔬菜,元/斤
华中,2.80,none,2018-08-25,湖北省洪湖农贸市场,3.00,2.50,红椒,湖北,none,2018-03-28,蔬菜,元/斤
华中,2.80,none,2018-08-25,湖北省洪湖农贸市场,3.00,2.50,红椒,湖北,none,2018-03-27,蔬菜,元/斤
华中,2.80,none,2018-08-25,湖北省洪湖农贸市场,3.00,2.50,红椒,湖北,none,2018-03-23,蔬菜,元/斤
华中,2.80,none,2018-08-25,湖北省洪湖农贸市场,3.00,2.50,红椒,湖北,none,2018-03-22,蔬菜,元/斤
华中,2.80,none,2018-08-25,湖北省洪湖农贸市场,3.00,2.50,红椒,湖北,none,2018-03-19,蔬菜,元/斤
华中,3.80,none,2018-08-25,湖北省洪湖农贸市场,4.00,3.50,红椒,湖北,none,2018-03-15,蔬菜,元/斤
华中,3.80,none,2018-08-25,湖北省洪湖农贸市场,4.00,3.50,红椒,湖北,none,2018-03-14,蔬菜,元/斤
华中,3.80,none,2018-08-25,湖北省洪湖农贸市场,4.00,3.50,红椒,湖北,none,2018-03-13,蔬菜,元/斤
华中,3.80,none,2018-08-25,湖北省洪湖农贸市场,4.00,3.50,红椒,湖北,none,2018-03-09,蔬菜,元/斤
华中,3.80,none,2018-08-25,湖北省洪湖农贸市场,4.00,3.50,红椒,湖北,none,2018-03-08,蔬菜,元/斤
华中,3.80,none,2018-08-25,湖北省洪湖农贸市场,4.00,3.50,红椒,湖北,none,2018-03-06,蔬菜,元/斤
华中,3.80,none,2018-08-25,湖北省洪湖农贸市场,4.00,3.50,红椒,湖北,none,2018-03-05,蔬菜,元/斤
华中,3.80,none,2018-08-25,湖北省洪湖农贸市场,4.00,3.50,红椒,湖北,none,2018-02-28,蔬菜,元/斤
华中,4.30,none,2018-08-25,湖北省洪湖农贸市场,4.50,4.00,红椒,湖北,none,2018-02-22,蔬菜,元/斤
华中,4.30,none,2018-08-25,湖北省洪湖农贸市场,4.50,4.00,红椒,湖北,none,2018-02-14,蔬菜,元/斤
华中,4.00,none,2018-08-25,湖北省洪湖农贸市场,4.30,3.80,红椒,湖北,none,2018-02-13,蔬菜,元/斤
华中,3.50,none,2018-08-25,湖北省洪湖农贸市场,3.80,3.30,红椒,湖北,none,2018-02-11,蔬菜,元/斤
华中,3.50,none,2018-08-25,湖北省洪湖农贸市场,3.80,3.30,红椒,湖北,none,2018-02-08,蔬菜,元/斤
华中,3.50,none,2018-08-25,湖北省洪湖农贸市场,3.80,3.30,红椒,湖北,none,2018-02-06,蔬菜,元/斤
华中,3.50,none,2018-08-25,湖北省洪湖农贸市场,3.80,3.30,红椒,湖北,none,2018-02-05,蔬菜,元/斤
华中,3.50,none,2018-08-25,湖北省洪湖农贸市场,3.80,3.30,红椒,湖北,none,2018-02-02,蔬菜,元/斤
华中,3.60,none,2018-08-25,湖北省洪湖农贸市场,3.90,3.40,红椒,湖北,none,2018-02-01,蔬菜,元/斤
华中,3.80,none,2018-08-25,湖北省洪湖农贸市场,4.10,3.60,红椒,湖北,none,2018-01-31,蔬菜,元/斤
华中,1.20,none,2018-08-25,湖北省洪湖农贸市场,1.40,0.80,黄豆芽,湖北,none,2017-04-11,蔬菜,元/斤
华中,1.20,none,2018-08-25,湖北省洪湖农贸市场,1.40,0.80,黄豆芽,湖北,none,2017-04-10,蔬菜,元/斤
华中,1.20,none,2018-08-25,湖北省洪湖农贸市场,1.40,0.80,黄豆芽,湖北,none,2017-04-06,蔬菜,元/斤
华中,1.20,none,2018-08-25,湖北省洪湖农贸市场,1.40,0.80,黄豆芽,湖北,none,2017-04-05,蔬菜,元/斤
华中,1.20,none,2018-08-25,湖北省洪湖农贸市场,1.40,0.80,黄豆芽,湖北,none,2017-04-01,蔬菜,元/斤
华中,1.20,none,2018-08-25,湖北省洪湖农贸市场,1.40,0.80,黄豆芽,湖北,none,2017-03-31,蔬菜,元/斤
华中,1.20,none,2018-08-25,湖北省洪湖农贸市场,1.40,0.80,黄豆芽,湖北,none,2017-03-30,蔬菜,元/斤
华中,1.20,none,2018-08-25,湖北省洪湖农贸市场,1.40,0.80,黄豆芽,湖北,none,2017-03-29,蔬菜,元/斤
华中,1.20,none,2018-08-25,湖北省洪湖农贸市场,1.40,0.80,黄豆芽,湖北,none,2017-03-28,蔬菜,元/斤
华中,1.20,none,2018-08-25,湖北省洪湖农贸市场,1.40,0.80,黄豆芽,湖北,none,2017-03-23,蔬菜,元/斤
华中,1.20,none,2018-08-25,湖北省洪湖农贸市场,1.40,0.80,黄豆芽,湖北,none,2017-03-22,蔬菜,元/斤
华中,1.20,none,2018-08-25,湖北省洪湖农贸市场,1.40,0.80,黄豆芽,湖北,none,2017-03-21,蔬菜,元/斤
华中,1.20,none,2018-08-25,湖北省洪湖农贸市场,1.40,0.80,黄豆芽,湖北,none,2017-03-20,蔬菜,元/斤
华中,1.20,none,2018-08-25,湖北省洪湖农贸市场,1.40,0.80,黄豆芽,湖北,none,2017-03-17,蔬菜,元/斤
华中,1.20,none,2018-08-25,湖北省洪湖农贸市场,1.40,0.80,黄豆芽,湖北,none,2017-03-07,蔬菜,元/斤
华中,1.20,none,2018-08-25,湖北省洪湖农贸市场,1.40,0.80,黄豆芽,湖北,none,2017-03-04,蔬菜,元/斤
华中,1.20,none,2018-08-25,湖北省洪湖农贸市场,1.40,0.80,黄豆芽,湖北,none,2017-03-03,蔬菜,元/斤
华中,1.20,none,2018-08-25,湖北省洪湖农贸市场,1.40,0.80,黄豆芽,湖北,none,2017-03-02,蔬菜,元/斤
华中,1.20,none,2018-08-25,湖北省洪湖农贸市场,1.40,0.80,黄豆芽,湖北,none,2017-03-01,蔬菜,元/斤
华中,1.20,none,2018-08-25,湖北省洪湖农贸市场,1.40,0.80,黄豆芽,湖北,none,2017-02-28,蔬菜,元/斤
华中,1.20,none,2018-08-25,湖北省洪湖农贸市场,1.40,0.80,黄豆芽,湖北,none,2017-02-27,蔬菜,元/斤
华中,1.20,none,2018-08-25,湖北省洪湖农贸市场,1.40,0.80,黄豆芽,湖北,none,2017-02-24,蔬菜,元/斤
华中,1.20,none,2018-08-25,湖北省洪湖农贸市场,1.40,0.80,黄豆芽,湖北,none,2017-02-23,蔬菜,元/斤
华中,1.20,none,2018-08-25,湖北省洪湖农贸市场,1.40,0.80,黄豆芽,湖北,none,2017-02-22,蔬菜,元/斤
华中,1.20,none,2018-08-25,湖北省洪湖农贸市场,1.40,0.80,黄豆芽,湖北,none,2017-02-21,蔬菜,元/斤
华中,1.20,none,2018-08-25,湖北省洪湖农贸市场,1.40,0.80,黄豆芽,湖北,none,2017-06-01,蔬菜,元/斤
华中,1.20,none,2018-08-25,湖北省洪湖农贸市场,1.40,0.80,黄豆芽,湖北,none,2017-05-31,蔬菜,元/斤
华中,1.20,none,2018-08-25,湖北省洪湖农贸市场,1.40,0.80,黄豆芽,湖北,none,2017-05-24,蔬菜,元/斤
华中,1.20,none,2018-08-25,湖北省洪湖农贸市场,1.40,0.80,黄豆芽,湖北,none,2017-05-23,蔬菜,元/斤
华中,1.20,none,2018-08-25,湖北省洪湖农贸市场,1.40,0.80,黄豆芽,湖北,none,2017-05-22,蔬菜,元/斤
华中,1.20,none,2018-08-25,湖北省洪湖农贸市场,1.40,0.80,黄豆芽,湖北,none,2017-05-17,蔬菜,元/斤
华中,1.20,none,2018-08-25,湖北省洪湖农贸市场,1.40,0.80,黄豆芽,湖北,none,2017-05-15,蔬菜,元/斤
华中,1.20,none,2018-08-25,湖北省洪湖农贸市场,1.40,0.80,黄豆芽,湖北,none,2017-05-12,蔬菜,元/斤
华中,1.20,none,2018-08-25,湖北省洪湖农贸市场,1.40,0.80,黄豆芽,湖北,none,2017-05-10,蔬菜,元/斤
华中,1.20,none,2018-08-25,湖北省洪湖农贸市场,1.40,0.80,黄豆芽,湖北,none,2017-05-09,蔬菜,元/斤
华中,1.20,none,2018-08-25,湖北省洪湖农贸市场,1.40,0.80,黄豆芽,湖北,none,2017-05-08,蔬菜,元/斤
华中,1.20,none,2018-08-25,湖北省洪湖农贸市场,1.40,0.80,黄豆芽,湖北,none,2017-05-05,蔬菜,元/斤
华中,1.20,none,2018-08-25,湖北省洪湖农贸市场,1.40,0.80,黄豆芽,湖北,none,2017-05-04,蔬菜,元/斤
华中,1.20,none,2018-08-25,湖北省洪湖农贸市场,1.40,0.80,黄豆芽,湖北,none,2017-05-03,蔬菜,元/斤
华中,1.20,none,2018-08-25,湖北省洪湖农贸市场,1.40,0.80,黄豆芽,湖北,none,2017-05-02,蔬菜,元/斤
华中,1.20,none,2018-08-25,湖北省洪湖农贸市场,1.40,0.80,黄豆芽,湖北,none,2017-04-28,蔬菜,元/斤
华中,1.20,none,2018-08-25,湖北省洪湖农贸市场,1.40,0.80,黄豆芽,湖北,none,2017-04-27,蔬菜,元/斤
华中,1.20,none,2018-08-25,湖北省洪湖农贸市场,1.40,0.80,黄豆芽,湖北,none,2017-04-26,蔬菜,元/斤
华中,1.20,none,2018-08-25,湖北省洪湖农贸市场,1.40,0.80,黄豆芽,湖北,none,2017-04-25,蔬菜,元/斤
华中,1.20,none,2018-08-25,湖北省洪湖农贸市场,1.40,0.80,黄豆芽,湖北,none,2017-04-20,蔬菜,元/斤
华中,1.20,none,2018-08-25,湖北省洪湖农贸市场,1.40,0.80,黄豆芽,湖北,none,2017-04-18,蔬菜,元/斤
华中,1.20,none,2018-08-25,湖北省洪湖农贸市场,1.40,0.80,黄豆芽,湖北,none,2017-04-17,蔬菜,元/斤
华中,1.20,none,2018-08-25,湖北省洪湖农贸市场,1.40,0.80,黄豆芽,湖北,none,2017-04-14,蔬菜,元/斤
华中,1.20,none,2018-08-25,湖北省洪湖农贸市场,1.40,0.80,黄豆芽,湖北,none,2017-04-13,蔬菜,元/斤
华中,1.20,none,2018-08-25,湖北省洪湖农贸市场,1.40,0.80,黄豆芽,湖北,none,2017-04-12,蔬菜,元/斤
华中,1.20,none,2018-08-25,湖北省洪湖农贸市场,1.40,0.80,黄豆芽,湖北,none,2017-08-08,蔬菜,元/斤
华中,1.20,none,2018-08-25,湖北省洪湖农贸市场,1.40,0.80,黄豆芽,湖北,none,2017-07-28,蔬菜,元/斤
华中,1.20,none,2018-08-25,湖北省洪湖农贸市场,1.40,0.80,黄豆芽,湖北,none,2017-07-27,蔬菜,元/斤
华中,1.20,none,2018-08-25,湖北省洪湖农贸市场,1.40,0.80,黄豆芽,湖北,none,2017-07-26,蔬菜,元/斤
华中,1.20,none,2018-08-25,湖北省洪湖农贸市场,1.40,0.80,黄豆芽,湖北,none,2017-07-25,蔬菜,元/斤
华中,1.20,none,2018-08-25,湖北省洪湖农贸市场,1.40,0.80,黄豆芽,湖北,none,2017-07-24,蔬菜,元/斤
华中,1.20,none,2018-08-25,湖北省洪湖农贸市场,1.40,0.80,黄豆芽,湖北,none,2017-07-21,蔬菜,元/斤
华中,1.20,none,2018-08-25,湖北省洪湖农贸市场,1.40,0.80,黄豆芽,湖北,none,2017-07-20,蔬菜,元/斤
华中,1.20,none,2018-08-25,湖北省洪湖农贸市场,1.40,0.80,黄豆芽,湖北,none,2017-07-19,蔬菜,元/斤
华中,1.20,none,2018-08-25,湖北省洪湖农贸市场,1.40,0.80,黄豆芽,湖北,none,2017-07-12,蔬菜,元/斤
华中,1.20,none,2018-08-25,湖北省洪湖农贸市场,1.40,0.80,黄豆芽,湖北,none,2017-07-08,蔬菜,元/斤
华中,1.20,none,2018-08-25,湖北省洪湖农贸市场,1.40,0.80,黄豆芽,湖北,none,2017-07-07,蔬菜,元/斤
华中,1.20,none,2018-08-25,湖北省洪湖农贸市场,1.40,0.80,黄豆芽,湖北,none,2017-07-04,蔬菜,元/斤
华中,1.20,none,2018-08-25,湖北省洪湖农贸市场,1.40,0.80,黄豆芽,湖北,none,2017-07-03,蔬菜,元/斤
华中,1.20,none,2018-08-25,湖北省洪湖农贸市场,1.40,0.80,黄豆芽,湖北,none,2017-06-30,蔬菜,元/斤
华中,1.20,none,2018-08-25,湖北省洪湖农贸市场,1.40,0.80,黄豆芽,湖北,none,2017-06-29,蔬菜,元/斤
华中,1.20,none,2018-08-25,湖北省洪湖农贸市场,1.40,0.80,黄豆芽,湖北,none,2017-06-27,蔬菜,元/斤
华中,1.20,none,2018-08-25,湖北省洪湖农贸市场,1.40,0.80,黄豆芽,湖北,none,2017-06-23,蔬菜,元/斤
华中,1.20,none,2018-08-25,湖北省洪湖农贸市场,1.40,0.80,黄豆芽,湖北,none,2017-06-21,蔬菜,元/斤
华中,1.20,none,2018-08-25,湖北省洪湖农贸市场,1.40,0.80,黄豆芽,湖北,none,2017-06-20,蔬菜,元/斤
华中,1.20,none,2018-08-25,湖北省洪湖农贸市场,1.40,0.80,黄豆芽,湖北,none,2017-06-15,蔬菜,元/斤
华中,1.20,none,2018-08-25,湖北省洪湖农贸市场,1.40,0.80,黄豆芽,湖北,none,2017-06-13,蔬菜,元/斤
华中,1.20,none,2018-08-25,湖北省洪湖农贸市场,1.40,0.80,黄豆芽,湖北,none,2017-06-12,蔬菜,元/斤
华中,1.20,none,2018-08-25,湖北省洪湖农贸市场,1.40,0.80,黄豆芽,湖北,none,2017-06-08,蔬菜,元/斤
华中,1.20,none,2018-08-25,湖北省洪湖农贸市场,1.40,0.80,黄豆芽,湖北,none,2017-06-05,蔬菜,元/斤
华中,1.10,none,2018-08-25,湖北省洪湖农贸市场,1.30,0.90,黄豆芽,湖北,none,2017-10-20,蔬菜,元/斤
华中,1.10,none,2018-08-25,湖北省洪湖农贸市场,1.30,0.90,黄豆芽,湖北,none,2017-10-18,蔬菜,元/斤
华中,1.10,none,2018-08-25,湖北省洪湖农贸市场,1.30,0.90,黄豆芽,湖北,none,2017-10-16,蔬菜,元/斤
华中,1.10,none,2018-08-25,湖北省洪湖农贸市场,1.30,0.90,黄豆芽,湖北,none,2017-10-12,蔬菜,元/斤
华中,1.10,none,2018-08-25,湖北省洪湖农贸市场,1.30,0.90,黄豆芽,湖北,none,2017-10-11,蔬菜,元/斤
华中,1.10,none,2018-08-25,湖北省洪湖农贸市场,1.30,0.90,黄豆芽,湖北,none,2017-10-09,蔬菜,元/斤
华中,1.20,none,2018-08-25,湖北省洪湖农贸市场,1.40,0.80,黄豆芽,湖北,none,2017-09-30,蔬菜,元/斤
华中,1.20,none,2018-08-25,湖北省洪湖农贸市场,1.40,0.80,黄豆芽,湖北,none,2017-09-29,蔬菜,元/斤
华中,1.20,none,2018-08-25,湖北省洪湖农贸市场,1.40,0.80,黄豆芽,湖北,none,2017-09-28,蔬菜,元/斤
华中,1.20,none,2018-08-25,湖北省洪湖农贸市场,1.40,0.80,黄豆芽,湖北,none,2017-09-27,蔬菜,元/斤
华中,1.20,none,2018-08-25,湖北省洪湖农贸市场,1.40,0.80,黄豆芽,湖北,none,2017-09-26,蔬菜,元/斤
华中,1.20,none,2018-08-25,湖北省洪湖农贸市场,1.40,0.80,黄豆芽,湖北,none,2017-09-22,蔬菜,元/斤
华中,1.20,none,2018-08-25,湖北省洪湖农贸市场,1.40,0.80,黄豆芽,湖北,none,2017-09-21,蔬菜,元/斤
华中,1.20,none,2018-08-25,湖北省洪湖农贸市场,1.40,0.80,黄豆芽,湖北,none,2017-09-20,蔬菜,元/斤
华中,1.20,none,2018-08-25,湖北省洪湖农贸市场,1.40,0.80,黄豆芽,湖北,none,2017-09-19,蔬菜,元/斤
华中,1.20,none,2018-08-25,湖北省洪湖农贸市场,1.40,0.80,黄豆芽,湖北,none,2017-09-08,蔬菜,元/斤
华中,1.20,none,2018-08-25,湖北省洪湖农贸市场,1.40,0.80,黄豆芽,湖北,none,2017-09-07,蔬菜,元/斤
华中,1.20,none,2018-08-25,湖北省洪湖农贸市场,1.40,0.80,黄豆芽,湖北,none,2017-09-04,蔬菜,元/斤
华中,1.20,none,2018-08-25,湖北省洪湖农贸市场,1.40,0.80,黄豆芽,湖北,none,2017-09-01,蔬菜,元/斤
华中,1.20,none,2018-08-25,湖北省洪湖农贸市场,1.40,0.80,黄豆芽,湖北,none,2017-08-31,蔬菜,元/斤
华中,1.20,none,2018-08-25,湖北省洪湖农贸市场,1.40,0.80,黄豆芽,湖北,none,2017-08-29,蔬菜,元/斤
华中,1.20,none,2018-08-25,湖北省洪湖农贸市场,1.40,0.80,黄豆芽,湖北,none,2017-08-21,蔬菜,元/斤
华中,1.20,none,2018-08-25,湖北省洪湖农贸市场,1.40,0.80,黄豆芽,湖北,none,2017-08-15,蔬菜,元/斤
华中,1.20,none,2018-08-25,湖北省洪湖农贸市场,1.40,0.80,黄豆芽,湖北,none,2017-08-14,蔬菜,元/斤
华中,1.20,none,2018-08-25,湖北省洪湖农贸市场,1.40,0.80,黄豆芽,湖北,none,2017-08-10,蔬菜,元/斤
华中,1.10,none,2018-08-25,湖北省洪湖农贸市场,1.30,0.90,黄豆芽,湖北,none,2017-12-07,蔬菜,元/斤
华中,1.10,none,2018-08-25,湖北省洪湖农贸市场,1.30,0.90,黄豆芽,湖北,none,2017-12-05,蔬菜,元/斤
华中,1.10,none,2018-08-25,湖北省洪湖农贸市场,1.30,0.90,黄豆芽,湖北,none,2017-12-04,蔬菜,元/斤
华中,1.10,none,2018-08-25,湖北省洪湖农贸市场,1.30,0.90,黄豆芽,湖北,none,2017-12-01,蔬菜,元/斤
华中,1.10,none,2018-08-25,湖北省洪湖农贸市场,1.30,0.90,黄豆芽,湖北,none,2017-11-30,蔬菜,元/斤
华中,1.10,none,2018-08-25,湖北省洪湖农贸市场,1.30,0.90,黄豆芽,湖北,none,2017-11-29,蔬菜,元/斤
华中,1.10,none,2018-08-25,湖北省洪湖农贸市场,1.30,0.90,黄豆芽,湖北,none,2017-11-28,蔬菜,元/斤
华中,1.10,none,2018-08-25,湖北省洪湖农贸市场,1.30,0.90,黄豆芽,湖北,none,2017-11-27,蔬菜,元/斤
华中,1.10,none,2018-08-25,湖北省洪湖农贸市场,1.30,0.90,黄豆芽,湖北,none,2017-11-23,蔬菜,元/斤
华中,1.10,none,2018-08-25,湖北省洪湖农贸市场,1.30,0.90,黄豆芽,湖北,none,2017-11-22,蔬菜,元/斤
华中,1.10,none,2018-08-25,湖北省洪湖农贸市场,1.30,0.90,黄豆芽,湖北,none,2017-11-21,蔬菜,元/斤
华中,1.10,none,2018-08-25,湖北省洪湖农贸市场,1.30,0.90,黄豆芽,湖北,none,2017-11-20,蔬菜,元/斤
华中,1.10,none,2018-08-25,湖北省洪湖农贸市场,1.30,0.90,黄豆芽,湖北,none,2017-11-16,蔬菜,元/斤
华中,1.10,none,2018-08-25,湖北省洪湖农贸市场,1.30,0.90,黄豆芽,湖北,none,2017-11-14,蔬菜,元/斤
华中,1.10,none,2018-08-25,湖北省洪湖农贸市场,1.30,0.90,黄豆芽,湖北,none,2017-11-10,蔬菜,元/斤
华中,1.10,none,2018-08-25,湖北省洪湖农贸市场,1.30,0.90,黄豆芽,湖北,none,2017-11-09,蔬菜,元/斤
华中,1.10,none,2018-08-25,湖北省洪湖农贸市场,1.30,0.90,黄豆芽,湖北,none,2017-11-08,蔬菜,元/斤
华中,1.10,none,2018-08-25,湖北省洪湖农贸市场,1.30,0.90,黄豆芽,湖北,none,2017-11-07,蔬菜,元/斤
华中,1.10,none,2018-08-25,湖北省洪湖农贸市场,1.30,0.90,黄豆芽,湖北,none,2017-11-06,蔬菜,元/斤
华中,1.10,none,2018-08-25,湖北省洪湖农贸市场,1.30,0.90,黄豆芽,湖北,none,2017-11-03,蔬菜,元/斤
华中,1.10,none,2018-08-25,湖北省洪湖农贸市场,1.30,0.90,黄豆芽,湖北,none,2017-11-02,蔬菜,元/斤
华中,1.10,none,2018-08-25,湖北省洪湖农贸市场,1.30,0.90,黄豆芽,湖北,none,2017-11-01,蔬菜,元/斤
华中,1.10,none,2018-08-25,湖北省洪湖农贸市场,1.30,0.90,黄豆芽,湖北,none,2017-10-26,蔬菜,元/斤
华中,1.10,none,2018-08-25,湖北省洪湖农贸市场,1.30,0.90,黄豆芽,湖北,none,2017-10-25,蔬菜,元/斤
华中,1.10,none,2018-08-25,湖北省洪湖农贸市场,1.30,0.90,黄豆芽,湖北,none,2017-10-24,蔬菜,元/斤
华中,1.10,none,2018-08-25,湖北省洪湖农贸市场,1.30,0.90,黄豆芽,湖北,none,2018-02-02,蔬菜,元/斤
华中,1.10,none,2018-08-25,湖北省洪湖农贸市场,1.30,0.90,黄豆芽,湖北,none,2018-02-01,蔬菜,元/斤
华中,1.10,none,2018-08-25,湖北省洪湖农贸市场,1.30,0.90,黄豆芽,湖北,none,2018-01-31,蔬菜,元/斤
华中,1.10,none,2018-08-25,湖北省洪湖农贸市场,1.30,0.90,黄豆芽,湖北,none,2018-01-30,蔬菜,元/斤
华中,1.10,none,2018-08-25,湖北省洪湖农贸市场,1.30,0.90,黄豆芽,湖北,none,2018-01-28,蔬菜,元/斤
华中,1.10,none,2018-08-25,湖北省洪湖农贸市场,1.30,0.90,黄豆芽,湖北,none,2018-01-27,蔬菜,元/斤
华中,1.10,none,2018-08-25,湖北省洪湖农贸市场,1.30,0.90,黄豆芽,湖北,none,2018-01-26,蔬菜,元/斤
华中,1.10,none,2018-08-25,湖北省洪湖农贸市场,1.30,0.90,黄豆芽,湖北,none,2018-01-24,蔬菜,元/斤
华中,1.10,none,2018-08-25,湖北省洪湖农贸市场,1.30,0.90,黄豆芽,湖北,none,2018-01-23,蔬菜,元/斤
华中,1.10,none,2018-08-25,湖北省洪湖农贸市场,1.30,0.90,黄豆芽,湖北,none,2018-01-19,蔬菜,元/斤
华中,1.10,none,2018-08-25,湖北省洪湖农贸市场,1.30,0.90,黄豆芽,湖北,none,2018-01-17,蔬菜,元/斤
华中,1.10,none,2018-08-25,湖北省洪湖农贸市场,1.30,0.90,黄豆芽,湖北,none,2018-01-15,蔬菜,元/斤
华中,1.10,none,2018-08-25,湖北省洪湖农贸市场,1.30,0.90,黄豆芽,湖北,none,2018-01-11,蔬菜,元/斤
华中,1.10,none,2018-08-25,湖北省洪湖农贸市场,1.30,0.90,黄豆芽,湖北,none,2018-01-10,蔬菜,元/斤
华中,1.10,none,2018-08-25,湖北省洪湖农贸市场,1.30,0.90,黄豆芽,湖北,none,2018-01-05,蔬菜,元/斤
华中,1.10,none,2018-08-25,湖北省洪湖农贸市场,1.30,0.90,黄豆芽,湖北,none,2018-01-04,蔬菜,元/斤
华中,1.10,none,2018-08-25,湖北省洪湖农贸市场,1.30,0.90,黄豆芽,湖北,none,2017-12-28,蔬菜,元/斤
华中,1.10,none,2018-08-25,湖北省洪湖农贸市场,1.30,0.90,黄豆芽,湖北,none,2017-12-26,蔬菜,元/斤
华中,1.10,none,2018-08-25,湖北省洪湖农贸市场,1.30,0.90,黄豆芽,湖北,none,2017-12-22,蔬菜,元/斤
华中,1.10,none,2018-08-25,湖北省洪湖农贸市场,1.30,0.90,黄豆芽,湖北,none,2017-12-20,蔬菜,元/斤
华中,1.10,none,2018-08-25,湖北省洪湖农贸市场,1.30,0.90,黄豆芽,湖北,none,2017-12-19,蔬菜,元/斤
华中,1.10,none,2018-08-25,湖北省洪湖农贸市场,1.30,0.90,黄豆芽,湖北,none,2017-12-13,蔬菜,元/斤
华中,1.10,none,2018-08-25,湖北省洪湖农贸市场,1.30,0.90,黄豆芽,湖北,none,2017-12-12,蔬菜,元/斤
华中,1.10,none,2018-08-25,湖北省洪湖农贸市场,1.30,0.90,黄豆芽,湖北,none,2017-12-11,蔬菜,元/斤
华中,1.10,none,2018-08-25,湖北省洪湖农贸市场,1.30,0.90,黄豆芽,湖北,none,2017-12-08,蔬菜,元/斤
华中,1.10,none,2018-08-25,湖北省洪湖农贸市场,1.30,0.90,黄豆芽,湖北,none,2018-04-17,蔬菜,元/斤
华中,1.10,none,2018-08-25,湖北省洪湖农贸市场,1.30,0.90,黄豆芽,湖北,none,2018-04-16,蔬菜,元/斤
华中,1.10,none,2018-08-25,湖北省洪湖农贸市场,1.30,0.90,黄豆芽,湖北,none,2018-04-13,蔬菜,元/斤
华中,1.10,none,2018-08-25,湖北省洪湖农贸市场,1.30,0.90,黄豆芽,湖北,none,2018-04-12,蔬菜,元/斤
华中,1.10,none,2018-08-25,湖北省洪湖农贸市场,1.30,0.90,黄豆芽,湖北,none,2018-04-08,蔬菜,元/斤
华中,1.10,none,2018-08-25,湖北省洪湖农贸市场,1.30,0.90,黄豆芽,湖北,none,2018-03-28,蔬菜,元/斤
华中,1.10,none,2018-08-25,湖北省洪湖农贸市场,1.30,0.90,黄豆芽,湖北,none,2018-03-27,蔬菜,元/斤
华中,1.10,none,2018-08-25,湖北省洪湖农贸市场,1.30,0.90,黄豆芽,湖北,none,2018-03-23,蔬菜,元/斤
华中,1.10,none,2018-08-25,湖北省洪湖农贸市场,1.30,0.90,黄豆芽,湖北,none,2018-03-22,蔬菜,元/斤
华中,1.10,none,2018-08-25,湖北省洪湖农贸市场,1.30,0.90,黄豆芽,湖北,none,2018-03-19,蔬菜,元/斤
华中,1.10,none,2018-08-25,湖北省洪湖农贸市场,1.30,0.90,黄豆芽,湖北,none,2018-03-15,蔬菜,元/斤
华中,1.10,none,2018-08-25,湖北省洪湖农贸市场,1.30,0.90,黄豆芽,湖北,none,2018-03-14,蔬菜,元/斤
华中,1.10,none,2018-08-25,湖北省洪湖农贸市场,1.30,0.90,黄豆芽,湖北,none,2018-03-13,蔬菜,元/斤
华中,1.10,none,2018-08-25,湖北省洪湖农贸市场,1.30,0.90,黄豆芽,湖北,none,2018-03-09,蔬菜,元/斤
华中,1.10,none,2018-08-25,湖北省洪湖农贸市场,1.30,0.90,黄豆芽,湖北,none,2018-03-08,蔬菜,元/斤
华中,1.10,none,2018-08-25,湖北省洪湖农贸市场,1.30,0.90,黄豆芽,湖北,none,2018-03-06,蔬菜,元/斤
华中,1.10,none,2018-08-25,湖北省洪湖农贸市场,1.30,0.90,黄豆芽,湖北,none,2018-03-05,蔬菜,元/斤
华中,1.10,none,2018-08-25,湖北省洪湖农贸市场,1.30,0.90,黄豆芽,湖北,none,2018-02-28,蔬菜,元/斤
华中,1.10,none,2018-08-25,湖北省洪湖农贸市场,1.30,0.90,黄豆芽,湖北,none,2018-02-22,蔬菜,元/斤
华中,1.10,none,2018-08-25,湖北省洪湖农贸市场,1.30,0.90,黄豆芽,湖北,none,2018-02-14,蔬菜,元/斤
华中,1.10,none,2018-08-25,湖北省洪湖农贸市场,1.30,0.90,黄豆芽,湖北,none,2018-02-13,蔬菜,元/斤
华中,1.10,none,2018-08-25,湖北省洪湖农贸市场,1.30,0.90,黄豆芽,湖北,none,2018-02-11,蔬菜,元/斤
华中,1.10,none,2018-08-25,湖北省洪湖农贸市场,1.30,0.90,黄豆芽,湖北,none,2018-02-08,蔬菜,元/斤
华中,1.10,none,2018-08-25,湖北省洪湖农贸市场,1.30,0.90,黄豆芽,湖北,none,2018-02-06,蔬菜,元/斤
华中,1.10,none,2018-08-25,湖北省洪湖农贸市场,1.30,0.90,黄豆芽,湖北,none,2018-02-05,蔬菜,元/斤
华中,3.00,none,2018-08-25,湖北省洪湖农贸市场,3.50,2.50,豇豆,湖北,none,2017-03-31,蔬菜,元/斤
华中,3.00,none,2018-08-25,湖北省洪湖农贸市场,3.50,2.50,豇豆,湖北,none,2017-03-30,蔬菜,元/斤
华中,3.00,none,2018-08-25,湖北省洪湖农贸市场,3.50,2.50,豇豆,湖北,none,2017-03-29,蔬菜,元/斤
华中,3.00,none,2018-08-25,湖北省洪湖农贸市场,3.50,2.50,豇豆,湖北,none,2017-03-28,蔬菜,元/斤
华中,3.80,none,2018-08-25,湖北省洪湖农贸市场,4.30,3.30,豇豆,湖北,none,2017-03-22,蔬菜,元/斤
华中,3.80,none,2018-08-25,湖北省洪湖农贸市场,4.30,3.30,豇豆,湖北,none,2017-03-21,蔬菜,元/斤
华中,3.80,none,2018-08-25,湖北省洪湖农贸市场,4.30,3.30,豇豆,湖北,none,2017-03-20,蔬菜,元/斤
华中,3.80,none,2018-08-25,湖北省洪湖农贸市场,4.30,3.30,豇豆,湖北,none,2017-03-17,蔬菜,元/斤
华中,3.40,none,2018-08-25,湖北省洪湖农贸市场,4.10,3.10,豇豆,湖北,none,2017-03-07,蔬菜,元/斤
华中,3.40,none,2018-08-25,湖北省洪湖农贸市场,3.90,3.00,豇豆,湖北,none,2017-03-04,蔬菜,元/斤
华中,3.40,none,2018-08-25,湖北省洪湖农贸市场,3.90,3.00,豇豆,湖北,none,2017-03-03,蔬菜,元/斤
华中,3.40,none,2018-08-25,湖北省洪湖农贸市场,3.90,3.00,豇豆,湖北,none,2017-03-02,蔬菜,元/斤
华中,3.40,none,2018-08-25,湖北省洪湖农贸市场,3.90,3.00,豇豆,湖北,none,2017-03-01,蔬菜,元/斤
华中,3.40,none,2018-08-25,湖北省洪湖农贸市场,3.90,3.00,豇豆,湖北,none,2017-02-28,蔬菜,元/斤
华中,3.40,none,2018-08-25,湖北省洪湖农贸市场,3.90,3.00,豇豆,湖北,none,2017-02-27,蔬菜,元/斤
华中,3.40,none,2018-08-25,湖北省洪湖农贸市场,3.90,3.00,豇豆,湖北,none,2017-02-24,蔬菜,元/斤
华中,3.40,none,2018-08-25,湖北省洪湖农贸市场,3.90,3.00,豇豆,湖北,none,2017-02-23,蔬菜,元/斤
华中,3.40,none,2018-08-25,湖北省洪湖农贸市场,3.90,3.00,豇豆,湖北,none,2017-02-22,蔬菜,元/斤
华中,3.50,none,2018-08-25,湖北省洪湖农贸市场,4.00,3.00,豇豆,湖北,none,2017-02-21,蔬菜,元/斤
华中,3.50,none,2018-08-25,湖北省洪湖农贸市场,4.00,3.00,豇豆,湖北,none,2017-02-20,蔬菜,元/斤
华中,3.50,none,2018-08-25,湖北省洪湖农贸市场,4.00,3.00,豇豆,湖北,none,2017-02-17,蔬菜,元/斤
华中,3.50,none,2018-08-25,湖北省洪湖农贸市场,4.00,3.00,豇豆,湖北,none,2017-02-16,蔬菜,元/斤
华中,3.70,none,2018-08-25,湖北省洪湖农贸市场,4.20,3.20,豇豆,湖北,none,2017-02-15,蔬菜,元/斤
华中,3.70,none,2018-08-25,湖北省洪湖农贸市场,4.20,3.20,豇豆,湖北,none,2017-02-14,蔬菜,元/斤
华中,3.70,none,2018-08-25,湖北省洪湖农贸市场,4.20,3.20,豇豆,湖北,none,2017-02-13,蔬菜,元/斤
华中,2.30,none,2018-08-25,湖北省洪湖农贸市场,2.50,2.00,豇豆,湖北,none,2017-05-24,蔬菜,元/斤
华中,2.30,none,2018-08-25,湖北省洪湖农贸市场,2.50,2.00,豇豆,湖北,none,2017-05-23,蔬菜,元/斤
华中,2.30,none,2018-08-25,湖北省洪湖农贸市场,2.50,2.00,豇豆,湖北,none,2017-05-22,蔬菜,元/斤
华中,2.20,none,2018-08-25,湖北省洪湖农贸市场,2.40,1.90,豇豆,湖北,none,2017-05-17,蔬菜,元/斤
华中,1.80,none,2018-08-25,湖北省洪湖农贸市场,2.00,1.50,豇豆,湖北,none,2017-05-15,蔬菜,元/斤
华中,1.80,none,2018-08-25,湖北省洪湖农贸市场,2.00,1.50,豇豆,湖北,none,2017-05-12,蔬菜,元/斤
华中,1.80,none,2018-08-25,湖北省洪湖农贸市场,2.00,1.50,豇豆,湖北,none,2017-05-09,蔬菜,元/斤
华中,1.80,none,2018-08-25,湖北省洪湖农贸市场,2.00,1.50,豇豆,湖北,none,2017-05-08,蔬菜,元/斤
华中,2.20,none,2018-08-25,湖北省洪湖农贸市场,2.50,2.00,豇豆,湖北,none,2017-05-05,蔬菜,元/斤
华中,2.00,none,2018-08-25,湖北省洪湖农贸市场,2.40,1.80,豇豆,湖北,none,2017-05-04,蔬菜,元/斤
华中,2.00,none,2018-08-25,湖北省洪湖农贸市场,2.40,1.80,豇豆,湖北,none,2017-05-03,蔬菜,元/斤
华中,2.00,none,2018-08-25,湖北省洪湖农贸市场,2.40,1.80,豇豆,湖北,none,2017-05-02,蔬菜,元/斤
华中,2.00,none,2018-08-25,湖北省洪湖农贸市场,2.40,1.80,豇豆,湖北,none,2017-04-27,蔬菜,元/斤
华中,2.10,none,2018-08-25,湖北省洪湖农贸市场,2.50,1.80,豇豆,湖北,none,2017-04-26,蔬菜,元/斤
华中,2.40,none,2018-08-25,湖北省洪湖农贸市场,2.70,2.00,豇豆,湖北,none,2017-04-25,蔬菜,元/斤
华中,3.00,none,2018-08-25,湖北省洪湖农贸市场,3.50,2.50,豇豆,湖北,none,2017-04-18,蔬菜,元/斤
华中,3.30,none,2018-08-25,湖北省洪湖农贸市场,3.80,2.80,豇豆,湖北,none,2017-04-17,蔬菜,元/斤
华中,3.40,none,2018-08-25,湖北省洪湖农贸市场,3.90,2.90,豇豆,湖北,none,2017-04-14,蔬菜,元/斤
华中,3.40,none,2018-08-25,湖北省洪湖农贸市场,3.90,2.90,豇豆,湖北,none,2017-04-13,蔬菜,元/斤
华中,3.40,none,2018-08-25,湖北省洪湖农贸市场,3.90,2.90,豇豆,湖北,none,2017-04-12,蔬菜,元/斤
华中,3.40,none,2018-08-25,湖北省洪湖农贸市场,3.90,2.90,豇豆,湖北,none,2017-04-11,蔬菜,元/斤
华中,3.40,none,2018-08-25,湖北省洪湖农贸市场,3.90,2.90,豇豆,湖北,none,2017-04-10,蔬菜,元/斤
华中,3.20,none,2018-08-25,湖北省洪湖农贸市场,3.70,2.70,豇豆,湖北,none,2017-04-06,蔬菜,元/斤
华中,3.10,none,2018-08-25,湖北省洪湖农贸市场,3.60,2.60,豇豆,湖北,none,2017-04-05,蔬菜,元/斤
华中,2.90,none,2018-08-25,湖北省洪湖农贸市场,3.40,2.40,豇豆,湖北,none,2017-04-01,蔬菜,元/斤
华中,1.70,none,2018-08-25,湖北省洪湖农贸市场,1.90,1.40,豇豆,湖北,none,2017-08-31,蔬菜,元/斤
华中,1.80,none,2018-08-25,湖北省洪湖农贸市场,2.00,1.50,豇豆,湖北,none,2017-08-29,蔬菜,元/斤
华中,2.10,none,2018-08-25,湖北省洪湖农贸市场,2.40,1.90,豇豆,湖北,none,2017-08-21,蔬菜,元/斤
华中,1.50,none,2018-08-25,湖北省洪湖农贸市场,1.80,1.30,豇豆,湖北,none,2017-07-28,蔬菜,元/斤
华中,1.50,none,2018-08-25,湖北省洪湖农贸市场,1.80,1.30,豇豆,湖北,none,2017-07-27,蔬菜,元/斤
华中,1.50,none,2018-08-25,湖北省洪湖农贸市场,1.80,1.30,豇豆,湖北,none,2017-07-26,蔬菜,元/斤
华中,1.50,none,2018-08-25,湖北省洪湖农贸市场,1.80,1.30,豇豆,湖北,none,2017-07-24,蔬菜,元/斤
华中,1.30,none,2018-08-25,湖北省洪湖农贸市场,1.50,1.00,豇豆,湖北,none,2017-07-21,蔬菜,元/斤
华中,1.30,none,2018-08-25,湖北省洪湖农贸市场,1.50,1.00,豇豆,湖北,none,2017-07-20,蔬菜,元/斤
华中,1.30,none,2018-08-25,湖北省洪湖农贸市场,1.50,1.00,豇豆,湖北,none,2017-07-19,蔬菜,元/斤
华中,1.30,none,2018-08-25,湖北省洪湖农贸市场,1.50,1.00,豇豆,湖北,none,2017-07-12,蔬菜,元/斤
华中,1.30,none,2018-08-25,湖北省洪湖农贸市场,1.50,1.00,豇豆,湖北,none,2017-07-08,蔬菜,元/斤
华中,1.30,none,2018-08-25,湖北省洪湖农贸市场,1.50,1.00,豇豆,湖北,none,2017-07-04,蔬菜,元/斤
华中,1.30,none,2018-08-25,湖北省洪湖农贸市场,1.50,1.00,豇豆,湖北,none,2017-07-03,蔬菜,元/斤
华中,1.30,none,2018-08-25,湖北省洪湖农贸市场,1.50,1.00,豇豆,湖北,none,2017-06-30,蔬菜,元/斤
华中,1.30,none,2018-08-25,湖北省洪湖农贸市场,1.50,1.00,豇豆,湖北,none,2017-06-29,蔬菜,元/斤
华中,1.80,none,2018-08-25,湖北省洪湖农贸市场,2.00,1.50,豇豆,湖北,none,2017-06-23,蔬菜,元/斤
华中,1.80,none,2018-08-25,湖北省洪湖农贸市场,2.00,1.50,豇豆,湖北,none,2017-06-21,蔬菜,元/斤
华中,1.80,none,2018-08-25,湖北省洪湖农贸市场,2.00,1.50,豇豆,湖北,none,2017-06-20,蔬菜,元/斤
华中,2.10,none,2018-08-25,湖北省洪湖农贸市场,2.30,1.80,豇豆,湖北,none,2017-06-15,蔬菜,元/斤
华中,2.10,none,2018-08-25,湖北省洪湖农贸市场,2.30,1.80,豇豆,湖北,none,2017-06-13,蔬菜,元/斤
华中,2.10,none,2018-08-25,湖北省洪湖农贸市场,2.30,1.80,豇豆,湖北,none,2017-06-12,蔬菜,元/斤
华中,2.10,none,2018-08-25,湖北省洪湖农贸市场,2.30,1.80,豇豆,湖北,none,2017-06-08,蔬菜,元/斤
华中,2.30,none,2018-08-25,湖北省洪湖农贸市场,2.50,2.00,豇豆,湖北,none,2017-06-01,蔬菜,元/斤
华中,2.30,none,2018-08-25,湖北省洪湖农贸市场,2.50,2.00,豇豆,湖北,none,2017-05-31,蔬菜,元/斤
华中,2.20,none,2018-08-25,湖北省洪湖农贸市场,2.40,2.00,豇豆,湖北,none,2017-11-10,蔬菜,元/斤
华中,2.20,none,2018-08-25,湖北省洪湖农贸市场,2.40,2.00,豇豆,湖北,none,2017-11-09,蔬菜,元/斤
华中,2.20,none,2018-08-25,湖北省洪湖农贸市场,2.40,2.00,豇豆,湖北,none,2017-11-08,蔬菜,元/斤
华中,2.20,none,2018-08-25,湖北省洪湖农贸市场,2.40,2.00,豇豆,湖北,none,2017-11-07,蔬菜,元/斤
华中,2.30,none,2018-08-25,湖北省洪湖农贸市场,2.50,2.00,豇豆,湖北,none,2017-11-06,蔬菜,元/斤
华中,2.80,none,2018-08-25,湖北省洪湖农贸市场,3.10,2.60,豇豆,湖北,none,2017-11-03,蔬菜,元/斤
华中,2.80,none,2018-08-25,湖北省洪湖农贸市场,3.10,2.60,豇豆,湖北,none,2017-11-02,蔬菜,元/斤
华中,2.70,none,2018-08-25,湖北省洪湖农贸市场,3.00,2.50,豇豆,湖北,none,2017-11-01,蔬菜,元/斤
华中,2.70,none,2018-08-25,湖北省洪湖农贸市场,3.00,2.50,豇豆,湖北,none,2017-10-26,蔬菜,元/斤
华中,2.70,none,2018-08-25,湖北省洪湖农贸市场,3.00,2.50,豇豆,湖北,none,2017-10-25,蔬菜,元/斤
华中,2.70,none,2018-08-25,湖北省洪湖农贸市场,3.00,2.50,豇豆,湖北,none,2017-10-24,蔬菜,元/斤
华中,2.20,none,2018-08-25,湖北省洪湖农贸市场,2.40,2.00,豇豆,湖北,none,2017-10-20,蔬菜,元/斤
华中,2.20,none,2018-08-25,湖北省洪湖农贸市场,2.40,2.00,豇豆,湖北,none,2017-10-18,蔬菜,元/斤
华中,2.20,none,2018-08-25,湖北省洪湖农贸市场,2.40,2.00,豇豆,湖北,none,2017-10-16,蔬菜,元/斤
华中,2.20,none,2018-08-25,湖北省洪湖农贸市场,2.40,2.00,豇豆,湖北,none,2017-10-12,蔬菜,元/斤
华中,2.20,none,2018-08-25,湖北省洪湖农贸市场,2.40,2.00,豇豆,湖北,none,2017-10-09,蔬菜,元/斤
华中,1.80,none,2018-08-25,湖北省洪湖农贸市场,2.00,1.50,豇豆,湖北,none,2017-09-30,蔬菜,元/斤
华中,1.80,none,2018-08-25,湖北省洪湖农贸市场,2.00,1.50,豇豆,湖北,none,2017-09-27,蔬菜,元/斤
华中,1.80,none,2018-08-25,湖北省洪湖农贸市场,2.00,1.50,豇豆,湖北,none,2017-09-26,蔬菜,元/斤
华中,1.80,none,2018-08-25,湖北省洪湖农贸市场,2.00,1.50,豇豆,湖北,none,2017-09-22,蔬菜,元/斤
华中,1.80,none,2018-08-25,湖北省洪湖农贸市场,2.00,1.50,豇豆,湖北,none,2017-09-21,蔬菜,元/斤
华中,1.80,none,2018-08-25,湖北省洪湖农贸市场,2.00,1.50,豇豆,湖北,none,2017-09-20,蔬菜,元/斤
华中,2.00,none,2018-08-25,湖北省洪湖农贸市场,2.30,1.80,豇豆,湖北,none,2017-09-19,蔬菜,元/斤
华中,1.80,none,2018-08-25,湖北省洪湖农贸市场,2.10,1.40,豇豆,湖北,none,2017-09-08,蔬菜,元/斤
华中,1.70,none,2018-08-25,湖北省洪湖农贸市场,1.90,1.40,豇豆,湖北,none,2017-09-01,蔬菜,元/斤
华中,3.80,none,2018-08-25,湖北省洪湖农贸市场,4.00,3.50,豇豆,湖北,none,2018-01-11,蔬菜,元/斤
华中,3.80,none,2018-08-25,湖北省洪湖农贸市场,4.00,3.50,豇豆,湖北,none,2018-01-10,蔬菜,元/斤
华中,3.80,none,2018-08-25,湖北省洪湖农贸市场,4.00,3.50,豇豆,湖北,none,2018-01-05,蔬菜,元/斤
华中,3.80,none,2018-08-25,湖北省洪湖农贸市场,4.00,3.50,豇豆,湖北,none,2018-01-04,蔬菜,元/斤
华中,4.30,none,2018-08-25,湖北省洪湖农贸市场,4.50,4.00,豇豆,湖北,none,2017-12-28,蔬菜,元/斤
华中,4.30,none,2018-08-25,湖北省洪湖农贸市场,4.50,4.00,豇豆,湖北,none,2017-12-26,蔬菜,元/斤
华中,4.30,none,2018-08-25,湖北省洪湖农贸市场,4.50,4.00,豇豆,湖北,none,2017-12-20,蔬菜,元/斤
华中,4.30,none,2018-08-25,湖北省洪湖农贸市场,4.50,4.00,豇豆,湖北,none,2017-12-19,蔬菜,元/斤
华中,4.30,none,2018-08-25,湖北省洪湖农贸市场,4.50,4.00,豇豆,湖北,none,2017-12-13,蔬菜,元/斤
华中,3.80,none,2018-08-25,湖北省洪湖农贸市场,4.00,3.50,豇豆,湖北,none,2017-12-12,蔬菜,元/斤
华中,3.30,none,2018-08-25,湖北省洪湖农贸市场,3.50,3.00,豇豆,湖北,none,2017-12-11,蔬菜,元/斤
华中,2.30,none,2018-08-25,湖北省洪湖农贸市场,2.50,2.00,豇豆,湖北,none,2017-12-08,蔬菜,元/斤
华中,2.30,none,2018-08-25,湖北省洪湖农贸市场,2.50,2.00,豇豆,湖北,none,2017-12-07,蔬菜,元/斤
华中,2.30,none,2018-08-25,湖北省洪湖农贸市场,2.50,2.00,豇豆,湖北,none,2017-12-05,蔬菜,元/斤
华中,2.30,none,2018-08-25,湖北省洪湖农贸市场,2.50,2.00,豇豆,湖北,none,2017-12-01,蔬菜,元/斤
华中,2.30,none,2018-08-25,湖北省洪湖农贸市场,2.50,2.00,豇豆,湖北,none,2017-11-30,蔬菜,元/斤
华中,2.30,none,2018-08-25,湖北省洪湖农贸市场,2.50,2.00,豇豆,湖北,none,2017-11-29,蔬菜,元/斤
华中,2.30,none,2018-08-25,湖北省洪湖农贸市场,2.50,2.00,豇豆,湖北,none,2017-11-28,蔬菜,元/斤
华中,2.30,none,2018-08-25,湖北省洪湖农贸市场,2.50,2.00,豇豆,湖北,none,2017-11-27,蔬菜,元/斤
华中,2.20,none,2018-08-25,湖北省洪湖农贸市场,2.40,2.00,豇豆,湖北,none,2017-11-23,蔬菜,元/斤
华中,2.20,none,2018-08-25,湖北省洪湖农贸市场,2.40,2.00,豇豆,湖北,none,2017-11-22,蔬菜,元/斤
华中,2.20,none,2018-08-25,湖北省洪湖农贸市场,2.40,2.00,豇豆,湖北,none,2017-11-21,蔬菜,元/斤
华中,2.20,none,2018-08-25,湖北省洪湖农贸市场,2.40,2.00,豇豆,湖北,none,2017-11-20,蔬菜,元/斤
华中,2.20,none,2018-08-25,湖北省洪湖农贸市场,2.40,2.00,豇豆,湖北,none,2017-11-16,蔬菜,元/斤
华中,2.20,none,2018-08-25,湖北省洪湖农贸市场,2.40,2.00,豇豆,湖北,none,2017-11-14,蔬菜,元/斤
华中,3.50,none,2018-08-25,湖北省洪湖农贸市场,3.90,3.00,豇豆,湖北,none,2018-03-28,蔬菜,元/斤
华中,3.50,none,2018-08-25,湖北省洪湖农贸市场,4.00,3.00,豇豆,湖北,none,2018-03-27,蔬菜,元/斤
华中,5.10,none,2018-08-25,湖北省洪湖农贸市场,5.30,4.80,豇豆,湖北,none,2018-03-23,蔬菜,元/斤
华中,5.10,none,2018-08-25,湖北省洪湖农贸市场,5.30,4.80,豇豆,湖北,none,2018-03-22,蔬菜,元/斤
华中,5.00,none,2018-08-25,湖北省洪湖农贸市场,5.30,4.80,豇豆,湖北,none,2018-03-19,蔬菜,元/斤
华中,4.20,none,2018-08-25,湖北省洪湖农贸市场,4.50,4.00,豇豆,湖北,none,2018-03-13,蔬菜,元/斤
华中,3.90,none,2018-08-25,湖北省洪湖农贸市场,4.20,3.70,豇豆,湖北,none,2018-03-08,蔬菜,元/斤
华中,3.90,none,2018-08-25,湖北省洪湖农贸市场,4.20,3.70,豇豆,湖北,none,2018-03-06,蔬菜,元/斤
华中,3.90,none,2018-08-25,湖北省洪湖农贸市场,4.20,3.70,豇豆,湖北,none,2018-03-05,蔬菜,元/斤
华中,4.30,none,2018-08-25,湖北省洪湖农贸市场,4.50,4.00,豇豆,湖北,none,2018-02-28,蔬菜,元/斤
华中,4.80,none,2018-08-25,湖北省洪湖农贸市场,5.30,4.30,豇豆,湖北,none,2018-02-22,蔬菜,元/斤
华中,5.50,none,2018-08-25,湖北省洪湖农贸市场,6.00,5.00,豇豆,湖北,none,2018-02-14,蔬菜,元/斤
华中,5.00,none,2018-08-25,湖北省洪湖农贸市场,5.50,4.50,豇豆,湖北,none,2018-02-13,蔬菜,元/斤
华中,4.50,none,2018-08-25,湖北省洪湖农贸市场,4.70,4.30,豇豆,湖北,none,2018-02-11,蔬菜,元/斤
华中,4.50,none,2018-08-25,湖北省洪湖农贸市场,4.70,4.30,豇豆,湖北,none,2018-02-06,蔬菜,元/斤
华中,4.50,none,2018-08-25,湖北省洪湖农贸市场,4.70,4.30,豇豆,湖北,none,2018-02-05,蔬菜,元/斤
华中,4.40,none,2018-08-25,湖北省洪湖农贸市场,4.60,4.20,豇豆,湖北,none,2018-02-02,蔬菜,元/斤
华中,4.40,none,2018-08-25,湖北省洪湖农贸市场,4.60,4.20,豇豆,湖北,none,2018-02-01,蔬菜,元/斤
华中,4.30,none,2018-08-25,湖北省洪湖农贸市场,4.50,4.00,豇豆,湖北,none,2018-01-31,蔬菜,元/斤
华中,4.30,none,2018-08-25,湖北省洪湖农贸市场,4.50,4.00,豇豆,湖北,none,2018-01-28,蔬菜,元/斤
华中,4.30,none,2018-08-25,湖北省洪湖农贸市场,4.50,4.00,豇豆,湖北,none,2018-01-27,蔬菜,元/斤
华中,4.30,none,2018-08-25,湖北省洪湖农贸市场,4.50,4.00,豇豆,湖北,none,2018-01-26,蔬菜,元/斤
华中,3.80,none,2018-08-25,湖北省洪湖农贸市场,4.00,3.50,豇豆,湖北,none,2018-01-24,蔬菜,元/斤
华中,3.80,none,2018-08-25,湖北省洪湖农贸市场,4.00,3.50,豇豆,湖北,none,2018-01-19,蔬菜,元/斤
华中,3.80,none,2018-08-25,湖北省洪湖农贸市场,4.00,3.50,豇豆,湖北,none,2018-01-15,蔬菜,元/斤
华中,0.90,none,2018-08-25,湖北省洪湖农贸市场,1.00,0.70,莴笋,湖北,none,2017-03-17,蔬菜,元/斤
华中,1.00,none,2018-08-25,湖北省洪湖农贸市场,1.10,0.80,莴笋,湖北,none,2017-03-07,蔬菜,元/斤
华中,1.00,none,2018-08-25,湖北省洪湖农贸市场,1.10,0.80,莴笋,湖北,none,2017-03-04,蔬菜,元/斤
华中,1.00,none,2018-08-25,湖北省洪湖农贸市场,1.10,0.80,莴笋,湖北,none,2017-03-03,蔬菜,元/斤
华中,1.00,none,2018-08-25,湖北省洪湖农贸市场,1.10,0.80,莴笋,湖北,none,2017-03-02,蔬菜,元/斤
华中,1.00,none,2018-08-25,湖北省洪湖农贸市场,1.10,0.80,莴笋,湖北,none,2017-03-01,蔬菜,元/斤
华中,1.00,none,2018-08-25,湖北省洪湖农贸市场,1.10,0.80,莴笋,湖北,none,2017-02-28,蔬菜,元/斤
华中,1.00,none,2018-08-25,湖北省洪湖农贸市场,1.10,0.80,莴笋,湖北,none,2017-02-27,蔬菜,元/斤
华中,1.00,none,2018-08-25,湖北省洪湖农贸市场,1.10,0.80,莴笋,湖北,none,2017-02-23,蔬菜,元/斤
华中,1.00,none,2018-08-25,湖北省洪湖农贸市场,1.10,0.80,莴笋,湖北,none,2017-02-22,蔬菜,元/斤
华中,1.00,none,2018-08-25,湖北省洪湖农贸市场,1.10,0.80,莴笋,湖北,none,2017-02-21,蔬菜,元/斤
华中,1.00,none,2018-08-25,湖北省洪湖农贸市场,1.10,0.80,莴笋,湖北,none,2017-02-20,蔬菜,元/斤
华中,1.00,none,2018-08-25,湖北省洪湖农贸市场,1.10,0.80,莴笋,湖北,none,2017-02-17,蔬菜,元/斤
华中,1.00,none,2018-08-25,湖北省洪湖农贸市场,1.10,0.80,莴笋,湖北,none,2017-02-16,蔬菜,元/斤
华中,1.00,none,2018-08-25,湖北省洪湖农贸市场,1.10,0.80,莴笋,湖北,none,2017-02-15,蔬菜,元/斤
华中,1.00,none,2018-08-25,湖北省洪湖农贸市场,1.10,0.80,莴笋,湖北,none,2017-02-14,蔬菜,元/斤
华中,1.00,none,2018-08-25,湖北省洪湖农贸市场,1.10,0.80,莴笋,湖北,none,2017-02-13,蔬菜,元/斤
华中,1.00,none,2018-08-25,湖北省洪湖农贸市场,1.10,0.80,莴笋,湖北,none,2017-02-10,蔬菜,元/斤
华中,1.00,none,2018-08-25,湖北省洪湖农贸市场,1.10,0.80,莴笋,湖北,none,2017-02-08,蔬菜,元/斤
华中,1.00,none,2018-08-25,湖北省洪湖农贸市场,1.10,0.80,莴笋,湖北,none,2017-02-07,蔬菜,元/斤
华中,1.00,none,2018-08-25,湖北省洪湖农贸市场,1.10,0.80,莴笋,湖北,none,2017-02-06,蔬菜,元/斤
华中,1.00,none,2018-08-25,湖北省洪湖农贸市场,1.10,0.80,莴笋,湖北,none,2017-01-30,蔬菜,元/斤
华中,1.00,none,2018-08-25,湖北省洪湖农贸市场,1.10,0.80,莴笋,湖北,none,2017-01-26,蔬菜,元/斤
华中,1.00,none,2018-08-25,湖北省洪湖农贸市场,1.10,0.80,莴笋,湖北,none,2017-01-22,蔬菜,元/斤
华中,1.00,none,2018-08-25,湖北省洪湖农贸市场,1.10,0.80,莴笋,湖北,none,2017-01-20,蔬菜,元/斤
华中,0.50,none,2018-08-25,湖北省洪湖农贸市场,0.70,0.40,莴笋,湖北,none,2017-05-03,蔬菜,元/斤
华中,0.50,none,2018-08-25,湖北省洪湖农贸市场,0.70,0.40,莴笋,湖北,none,2017-05-02,蔬菜,元/斤
华中,0.50,none,2018-08-25,湖北省洪湖农贸市场,0.70,0.40,莴笋,湖北,none,2017-04-28,蔬菜,元/斤
华中,0.50,none,2018-08-25,湖北省洪湖农贸市场,0.70,0.40,莴笋,湖北,none,2017-04-27,蔬菜,元/斤
华中,0.50,none,2018-08-25,湖北省洪湖农贸市场,0.70,0.40,莴笋,湖北,none,2017-04-26,蔬菜,元/斤
华中,0.50,none,2018-08-25,湖北省洪湖农贸市场,0.70,0.40,莴笋,湖北,none,2017-04-25,蔬菜,元/斤
华中,0.50,none,2018-08-25,湖北省洪湖农贸市场,0.60,0.40,莴笋,湖北,none,2017-04-20,蔬菜,元/斤
华中,0.50,none,2018-08-25,湖北省洪湖农贸市场,0.60,0.40,莴笋,湖北,none,2017-04-18,蔬菜,元/斤
华中,0.50,none,2018-08-25,湖北省洪湖农贸市场,0.60,0.40,莴笋,湖北,none,2017-04-17,蔬菜,元/斤
华中,0.50,none,2018-08-25,湖北省洪湖农贸市场,0.70,0.40,莴笋,湖北,none,2017-04-14,蔬菜,元/斤
华中,0.50,none,2018-08-25,湖北省洪湖农贸市场,0.70,0.40,莴笋,湖北,none,2017-04-13,蔬菜,元/斤
华中,0.50,none,2018-08-25,湖北省洪湖农贸市场,0.70,0.40,莴笋,湖北,none,2017-04-12,蔬菜,元/斤
华中,0.50,none,2018-08-25,湖北省洪湖农贸市场,0.70,0.40,莴笋,湖北,none,2017-04-11,蔬菜,元/斤
华中,0.50,none,2018-08-25,湖北省洪湖农贸市场,0.70,0.40,莴笋,湖北,none,2017-04-10,蔬菜,元/斤
华中,0.50,none,2018-08-25,湖北省洪湖农贸市场,0.70,0.40,莴笋,湖北,none,2017-04-06,蔬菜,元/斤
华中,0.50,none,2018-08-25,湖北省洪湖农贸市场,0.70,0.40,莴笋,湖北,none,2017-04-05,蔬菜,元/斤
华中,0.70,none,2018-08-25,湖北省洪湖农贸市场,0.90,0.50,莴笋,湖北,none,2017-04-01,蔬菜,元/斤
华中,0.70,none,2018-08-25,湖北省洪湖农贸市场,0.90,0.50,莴笋,湖北,none,2017-03-31,蔬菜,元/斤
华中,0.70,none,2018-08-25,湖北省洪湖农贸市场,0.90,0.50,莴笋,湖北,none,2017-03-30,蔬菜,元/斤
华中,0.70,none,2018-08-25,湖北省洪湖农贸市场,0.90,0.50,莴笋,湖北,none,2017-03-29,蔬菜,元/斤
华中,0.70,none,2018-08-25,湖北省洪湖农贸市场,0.90,0.50,莴笋,湖北,none,2017-03-28,蔬菜,元/斤
华中,0.90,none,2018-08-25,湖北省洪湖农贸市场,1.00,0.70,莴笋,湖北,none,2017-03-23,蔬菜,元/斤
华中,0.90,none,2018-08-25,湖北省洪湖农贸市场,1.00,0.70,莴笋,湖北,none,2017-03-22,蔬菜,元/斤
华中,0.90,none,2018-08-25,湖北省洪湖农贸市场,1.00,0.70,莴笋,湖北,none,2017-03-21,蔬菜,元/斤
华中,0.90,none,2018-08-25,湖北省洪湖农贸市场,1.00,0.70,莴笋,湖北,none,2017-03-20,蔬菜,元/斤
华中,5.00,none,2018-08-25,湖北省洪湖农贸市场,5.50,4.50,蒜薹,湖北,none,2017-02-27,蔬菜,元/斤
华中,5.00,none,2018-08-25,湖北省洪湖农贸市场,5.50,4.50,蒜薹,湖北,none,2017-02-24,蔬菜,元/斤
华中,5.00,none,2018-08-25,湖北省洪湖农贸市场,5.50,4.50,蒜薹,湖北,none,2017-02-23,蔬菜,元/斤
华中,5.00,none,2018-08-25,湖北省洪湖农贸市场,5.50,4.50,蒜薹,湖北,none,2017-02-22,蔬菜,元/斤
华中,5.00,none,2018-08-25,湖北省洪湖农贸市场,5.50,4.50,蒜薹,湖北,none,2017-02-21,蔬菜,元/斤
华中,5.00,none,2018-08-25,湖北省洪湖农贸市场,5.50,4.50,蒜薹,湖北,none,2017-02-20,蔬菜,元/斤
华中,5.00,none,2018-08-25,湖北省洪湖农贸市场,5.50,4.50,蒜薹,湖北,none,2017-02-17,蔬菜,元/斤
华中,5.00,none,2018-08-25,湖北省洪湖农贸市场,5.50,4.50,蒜薹,湖北,none,2017-02-16,蔬菜,元/斤
华中,5.00,none,2018-08-25,湖北省洪湖农贸市场,5.50,4.50,蒜薹,湖北,none,2017-02-15,蔬菜,元/斤
华中,5.00,none,2018-08-25,湖北省洪湖农贸市场,5.50,4.50,蒜薹,湖北,none,2017-02-14,蔬菜,元/斤
华中,5.00,none,2018-08-25,湖北省洪湖农贸市场,5.50,4.50,蒜薹,湖北,none,2017-02-13,蔬菜,元/斤
华中,5.00,none,2018-08-25,湖北省洪湖农贸市场,5.50,4.50,蒜薹,湖北,none,2017-02-10,蔬菜,元/斤
华中,5.00,none,2018-08-25,湖北省洪湖农贸市场,5.50,4.50,蒜薹,湖北,none,2017-02-08,蔬菜,元/斤
华中,5.00,none,2018-08-25,湖北省洪湖农贸市场,5.50,4.50,蒜薹,湖北,none,2017-02-07,蔬菜,元/斤
华中,5.00,none,2018-08-25,湖北省洪湖农贸市场,5.50,4.50,蒜薹,湖北,none,2017-02-06,蔬菜,元/斤
华中,3.80,none,2018-08-25,湖北省洪湖农贸市场,4.00,3.60,蒜薹,湖北,none,2017-01-30,蔬菜,元/斤
华中,3.80,none,2018-08-25,湖北省洪湖农贸市场,4.00,3.60,蒜薹,湖北,none,2017-01-26,蔬菜,元/斤
华中,3.80,none,2018-08-25,湖北省洪湖农贸市场,4.00,3.60,蒜薹,湖北,none,2017-01-22,蔬菜,元/斤
华中,3.80,none,2018-08-25,湖北省洪湖农贸市场,4.00,3.60,蒜薹,湖北,none,2017-01-20,蔬菜,元/斤
华中,3.80,none,2018-08-25,湖北省洪湖农贸市场,4.00,3.60,蒜薹,湖北,none,2017-01-19,蔬菜,元/斤
华中,3.80,none,2018-08-25,湖北省洪湖农贸市场,4.00,3.60,蒜薹,湖北,none,2017-01-18,蔬菜,元/斤
华中,3.80,none,2018-08-25,湖北省洪湖农贸市场,4.00,3.60,蒜薹,湖北,none,2017-01-17,蔬菜,元/斤
华中,3.80,none,2018-08-25,湖北省洪湖农贸市场,4.00,3.60,蒜薹,湖北,none,2017-01-16,蔬菜,元/斤
华中,3.80,none,2018-08-25,湖北省洪湖农贸市场,4.10,3.60,蒜薹,湖北,none,2017-01-13,蔬菜,元/斤
华中,3.80,none,2018-08-25,湖北省洪湖农贸市场,4.10,3.60,蒜薹,湖北,none,2017-01-12,蔬菜,元/斤
华中,4.20,none,2018-08-25,湖北省洪湖农贸市场,4.50,3.80,蒜薹,湖北,none,2017-04-18,蔬菜,元/斤
华中,4.40,none,2018-08-25,湖北省洪湖农贸市场,4.70,4.00,蒜薹,湖北,none,2017-04-17,蔬菜,元/斤
华中,4.40,none,2018-08-25,湖北省洪湖农贸市场,4.80,4.00,蒜薹,湖北,none,2017-04-14,蔬菜,元/斤
华中,4.40,none,2018-08-25,湖北省洪湖农贸市场,4.80,4.00,蒜薹,湖北,none,2017-04-13,蔬菜,元/斤
华中,4.40,none,2018-08-25,湖北省洪湖农贸市场,4.80,4.00,蒜薹,湖北,none,2017-04-12,蔬菜,元/斤
华中,4.40,none,2018-08-25,湖北省洪湖农贸市场,4.80,4.00,蒜薹,湖北,none,2017-04-11,蔬菜,元/斤
华中,4.40,none,2018-08-25,湖北省洪湖农贸市场,4.80,4.00,蒜薹,湖北,none,2017-04-10,蔬菜,元/斤
华中,4.40,none,2018-08-25,湖北省洪湖农贸市场,4.80,4.00,蒜薹,湖北,none,2017-04-06,蔬菜,元/斤
华中,4.50,none,2018-08-25,湖北省洪湖农贸市场,5.00,4.00,蒜薹,湖北,none,2017-04-05,蔬菜,元/斤
华中,5.50,none,2018-08-25,湖北省洪湖农贸市场,6.00,5.00,蒜薹,湖北,none,2017-04-01,蔬菜,元/斤
华中,5.50,none,2018-08-25,湖北省洪湖农贸市场,6.00,5.00,蒜薹,湖北,none,2017-03-31,蔬菜,元/斤
华中,5.50,none,2018-08-25,湖北省洪湖农贸市场,6.00,5.00,蒜薹,湖北,none,2017-03-30,蔬菜,元/斤
华中,5.50,none,2018-08-25,湖北省洪湖农贸市场,6.00,5.00,蒜薹,湖北,none,2017-03-29,蔬菜,元/斤
华中,5.50,none,2018-08-25,湖北省洪湖农贸市场,6.00,5.00,蒜薹,湖北,none,2017-03-28,蔬菜,元/斤
华中,5.50,none,2018-08-25,湖北省洪湖农贸市场,6.00,5.00,蒜薹,湖北,none,2017-03-23,蔬菜,元/斤
华中,5.50,none,2018-08-25,湖北省洪湖农贸市场,6.00,5.00,蒜薹,湖北,none,2017-03-22,蔬菜,元/斤
华中,5.50,none,2018-08-25,湖北省洪湖农贸市场,6.00,5.00,蒜薹,湖北,none,2017-03-21,蔬菜,元/斤
华中,5.50,none,2018-08-25,湖北省洪湖农贸市场,6.00,5.00,蒜薹,湖北,none,2017-03-20,蔬菜,元/斤
华中,5.30,none,2018-08-25,湖北省洪湖农贸市场,5.80,4.80,蒜薹,湖北,none,2017-03-17,蔬菜,元/斤
华中,5.00,none,2018-08-25,湖北省洪湖农贸市场,5.50,4.50,蒜薹,湖北,none,2017-03-07,蔬菜,元/斤
华中,5.00,none,2018-08-25,湖北省洪湖农贸市场,5.50,4.50,蒜薹,湖北,none,2017-03-04,蔬菜,元/斤
华中,5.00,none,2018-08-25,湖北省洪湖农贸市场,5.50,4.50,蒜薹,湖北,none,2017-03-03,蔬菜,元/斤
华中,5.00,none,2018-08-25,湖北省洪湖农贸市场,5.50,4.50,蒜薹,湖北,none,2017-03-02,蔬菜,元/斤
华中,5.00,none,2018-08-25,湖北省洪湖农贸市场,5.50,4.50,蒜薹,湖北,none,2017-03-01,蔬菜,元/斤
华中,5.00,none,2018-08-25,湖北省洪湖农贸市场,5.50,4.50,蒜薹,湖北,none,2017-02-28,蔬菜,元/斤
华中,1.72,none,2018-08-25,湖北省洪湖农贸市场,2.00,1.22,蒜薹,湖北,none,2017-06-15,蔬菜,元/斤
华中,1.72,none,2018-08-25,湖北省洪湖农贸市场,2.00,1.22,蒜薹,湖北,none,2017-06-13,蔬菜,元/斤
华中,1.72,none,2018-08-25,湖北省洪湖农贸市场,2.00,1.22,蒜薹,湖北,none,2017-06-12,蔬菜,元/斤
华中,1.72,none,2018-08-25,湖北省洪湖农贸市场,2.00,1.22,蒜薹,湖北,none,2017-06-08,蔬菜,元/斤
华中,1.72,none,2018-08-25,湖北省洪湖农贸市场,2.00,1.22,蒜薹,湖北,none,2017-06-05,蔬菜,元/斤
华中,1.72,none,2018-08-25,湖北省洪湖农贸市场,2.17,1.22,蒜薹,湖北,none,2017-06-01,蔬菜,元/斤
华中,1.82,none,2018-08-25,湖北省洪湖农贸市场,2.27,1.32,蒜薹,湖北,none,2017-05-31,蔬菜,元/斤
华中,1.92,none,2018-08-25,湖北省洪湖农贸市场,2.42,1.42,蒜薹,湖北,none,2017-05-24,蔬菜,元/斤
华中,1.92,none,2018-08-25,湖北省洪湖农贸市场,2.42,1.42,蒜薹,湖北,none,2017-05-23,蔬菜,元/斤
华中,1.92,none,2018-08-25,湖北省洪湖农贸市场,2.42,1.42,蒜薹,湖北,none,2017-05-22,蔬菜,元/斤
华中,1.92,none,2018-08-25,湖北省洪湖农贸市场,2.42,1.42,蒜薹,湖北,none,2017-05-17,蔬菜,元/斤
华中,1.92,none,2018-08-25,湖北省洪湖农贸市场,2.42,1.42,蒜薹,湖北,none,2017-05-15,蔬菜,元/斤
华中,1.92,none,2018-08-25,湖北省洪湖农贸市场,2.42,1.42,蒜薹,湖北,none,2017-05-12,蔬菜,元/斤
华中,1.92,none,2018-08-25,湖北省洪湖农贸市场,2.42,1.42,蒜薹,湖北,none,2017-05-10,蔬菜,元/斤
华中,1.92,none,2018-08-25,湖北省洪湖农贸市场,2.42,1.42,蒜薹,湖北,none,2017-05-09,蔬菜,元/斤
华中,1.92,none,2018-08-25,湖北省洪湖农贸市场,2.42,1.42,蒜薹,湖北,none,2017-05-08,蔬菜,元/斤
华中,2.17,none,2018-08-25,湖北省洪湖农贸市场,2.67,1.67,蒜薹,湖北,none,2017-05-05,蔬菜,元/斤
华中,2.17,none,2018-08-25,湖北省洪湖农贸市场,2.67,1.67,蒜薹,湖北,none,2017-05-04,蔬菜,元/斤
华中,2.20,none,2018-08-25,湖北省洪湖农贸市场,2.70,1.70,蒜薹,湖北,none,2017-05-03,蔬菜,元/斤
华中,2.40,none,2018-08-25,湖北省洪湖农贸市场,2.90,1.90,蒜薹,湖北,none,2017-05-02,蔬菜,元/斤
华中,2.40,none,2018-08-25,湖北省洪湖农贸市场,2.90,1.90,蒜薹,湖北,none,2017-04-28,蔬菜,元/斤
华中,2.50,none,2018-08-25,湖北省洪湖农贸市场,3.00,2.00,蒜薹,湖北,none,2017-04-27,蔬菜,元/斤
华中,2.80,none,2018-08-25,湖北省洪湖农贸市场,3.30,2.30,蒜薹,湖北,none,2017-04-26,蔬菜,元/斤
华中,3.00,none,2018-08-25,湖北省洪湖农贸市场,3.50,2.50,蒜薹,湖北,none,2017-04-25,蔬菜,元/斤
华中,4.10,none,2018-08-25,湖北省洪湖农贸市场,4.40,3.70,蒜薹,湖北,none,2017-04-20,蔬菜,元/斤
华中,1.30,none,2018-08-25,湖北省洪湖农贸市场,1.50,1.22,蒜薹,湖北,none,2017-08-21,蔬菜,元/斤
华中,1.30,none,2018-08-25,湖北省洪湖农贸市场,1.50,1.22,蒜薹,湖北,none,2017-08-15,蔬菜,元/斤
华中,1.30,none,2018-08-25,湖北省洪湖农贸市场,1.50,1.22,蒜薹,湖北,none,2017-08-14,蔬菜,元/斤
华中,1.30,none,2018-08-25,湖北省洪湖农贸市场,1.50,1.22,蒜薹,湖北,none,2017-08-10,蔬菜,元/斤
华中,1.30,none,2018-08-25,湖北省洪湖农贸市场,1.50,1.22,蒜薹,湖北,none,2017-08-08,蔬菜,元/斤
华中,1.30,none,2018-08-25,湖北省洪湖农贸市场,1.50,1.22,蒜薹,湖北,none,2017-08-03,蔬菜,元/斤
华中,1.30,none,2018-08-25,湖北省洪湖农贸市场,1.50,1.22,蒜薹,湖北,none,2017-07-28,蔬菜,元/斤
华中,1.30,none,2018-08-25,湖北省洪湖农贸市场,1.50,1.22,蒜薹,湖北,none,2017-07-27,蔬菜,元/斤
华中,1.30,none,2018-08-25,湖北省洪湖农贸市场,1.50,1.22,蒜薹,湖北,none,2017-07-26,蔬菜,元/斤
华中,1.30,none,2018-08-25,湖北省洪湖农贸市场,1.50,1.22,蒜薹,湖北,none,2017-07-25,蔬菜,元/斤
华中,1.30,none,2018-08-25,湖北省洪湖农贸市场,1.50,1.22,蒜薹,湖北,none,2017-07-24,蔬菜,元/斤
华中,1.72,none,2018-08-25,湖北省洪湖农贸市场,2.00,1.22,蒜薹,湖北,none,2017-07-21,蔬菜,元/斤
华中,1.72,none,2018-08-25,湖北省洪湖农贸市场,2.00,1.22,蒜薹,湖北,none,2017-07-20,蔬菜,元/斤
华中,1.72,none,2018-08-25,湖北省洪湖农贸市场,2.00,1.22,蒜薹,湖北,none,2017-07-19,蔬菜,元/斤
华中,1.72,none,2018-08-25,湖北省洪湖农贸市场,2.00,1.22,蒜薹,湖北,none,2017-07-13,蔬菜,元/斤
华中,1.72,none,2018-08-25,湖北省洪湖农贸市场,2.00,1.22,蒜薹,湖北,none,2017-07-08,蔬菜,元/斤
华中,1.72,none,2018-08-25,湖北省洪湖农贸市场,2.00,1.22,蒜薹,湖北,none,2017-07-07,蔬菜,元/斤
华中,1.72,none,2018-08-25,湖北省洪湖农贸市场,2.00,1.22,蒜薹,湖北,none,2017-07-04,蔬菜,元/斤
华中,1.72,none,2018-08-25,湖北省洪湖农贸市场,2.00,1.22,蒜薹,湖北,none,2017-07-03,蔬菜,元/斤
华中,1.72,none,2018-08-25,湖北省洪湖农贸市场,2.00,1.22,蒜薹,湖北,none,2017-06-30,蔬菜,元/斤
华中,1.72,none,2018-08-25,湖北省洪湖农贸市场,2.00,1.22,蒜薹,湖北,none,2017-06-29,蔬菜,元/斤
华中,1.72,none,2018-08-25,湖北省洪湖农贸市场,2.00,1.22,蒜薹,湖北,none,2017-06-27,蔬菜,元/斤
华中,1.72,none,2018-08-25,湖北省洪湖农贸市场,2.00,1.22,蒜薹,湖北,none,2017-06-23,蔬菜,元/斤
华中,1.72,none,2018-08-25,湖北省洪湖农贸市场,2.00,1.22,蒜薹,湖北,none,2017-06-21,蔬菜,元/斤
华中,1.72,none,2018-08-25,湖北省洪湖农贸市场,2.00,1.22,蒜薹,湖北,none,2017-06-20,蔬菜,元/斤
华中,2.30,none,2018-08-25,湖北省洪湖农贸市场,2.50,2.00,蒜薹,湖北,none,2017-11-01,蔬菜,元/斤
华中,2.30,none,2018-08-25,湖北省洪湖农贸市场,2.50,2.00,蒜薹,湖北,none,2017-10-26,蔬菜,元/斤
华中,2.30,none,2018-08-25,湖北省洪湖农贸市场,2.50,2.00,蒜薹,湖北,none,2017-10-25,蔬菜,元/斤
华中,2.30,none,2018-08-25,湖北省洪湖农贸市场,2.50,2.00,蒜薹,湖北,none,2017-10-24,蔬菜,元/斤
华中,2.50,none,2018-08-25,湖北省洪湖农贸市场,3.00,2.00,蒜薹,湖北,none,2017-10-20,蔬菜,元/斤
华中,2.50,none,2018-08-25,湖北省洪湖农贸市场,3.00,2.00,蒜薹,湖北,none,2017-10-18,蔬菜,元/斤
华中,2.50,none,2018-08-25,湖北省洪湖农贸市场,3.00,2.00,蒜薹,湖北,none,2017-10-16,蔬菜,元/斤
华中,3.00,none,2018-08-25,湖北省洪湖农贸市场,3.50,2.50,蒜薹,湖北,none,2017-10-12,蔬菜,元/斤
华中,4.00,none,2018-08-25,湖北省洪湖农贸市场,4.50,3.50,蒜薹,湖北,none,2017-10-11,蔬菜,元/斤
华中,4.00,none,2018-08-25,湖北省洪湖农贸市场,4.50,3.50,蒜薹,湖北,none,2017-10-09,蔬菜,元/斤
华中,1.60,none,2018-08-25,湖北省洪湖农贸市场,1.80,1.40,蒜薹,湖北,none,2017-09-30,蔬菜,元/斤
华中,1.60,none,2018-08-25,湖北省洪湖农贸市场,1.80,1.40,蒜薹,湖北,none,2017-09-29,蔬菜,元/斤
华中,1.60,none,2018-08-25,湖北省洪湖农贸市场,1.80,1.40,蒜薹,湖北,none,2017-09-28,蔬菜,元/斤
华中,1.60,none,2018-08-25,湖北省洪湖农贸市场,1.80,1.40,蒜薹,湖北,none,2017-09-27,蔬菜,元/斤
华中,1.60,none,2018-08-25,湖北省洪湖农贸市场,1.80,1.40,蒜薹,湖北,none,2017-09-26,蔬菜,元/斤
华中,1.60,none,2018-08-25,湖北省洪湖农贸市场,1.80,1.40,蒜薹,湖北,none,2017-09-22,蔬菜,元/斤
华中,1.60,none,2018-08-25,湖北省洪湖农贸市场,1.80,1.40,蒜薹,湖北,none,2017-09-21,蔬菜,元/斤
华中,1.60,none,2018-08-25,湖北省洪湖农贸市场,1.80,1.40,蒜薹,湖北,none,2017-09-20,蔬菜,元/斤
华中,1.60,none,2018-08-25,湖北省洪湖农贸市场,1.80,1.40,蒜薹,湖北,none,2017-09-19,蔬菜,元/斤
华中,1.60,none,2018-08-25,湖北省洪湖农贸市场,1.80,1.40,蒜薹,湖北,none,2017-09-08,蔬菜,元/斤
华中,1.60,none,2018-08-25,湖北省洪湖农贸市场,1.80,1.40,蒜薹,湖北,none,2017-09-07,蔬菜,元/斤
华中,1.60,none,2018-08-25,湖北省洪湖农贸市场,1.80,1.40,蒜薹,湖北,none,2017-09-04,蔬菜,元/斤
华中,1.60,none,2018-08-25,湖北省洪湖农贸市场,1.80,1.40,蒜薹,湖北,none,2017-09-01,蔬菜,元/斤
华中,1.60,none,2018-08-25,湖北省洪湖农贸市场,1.80,1.40,蒜薹,湖北,none,2017-08-31,蔬菜,元/斤
华中,1.30,none,2018-08-25,湖北省洪湖农贸市场,1.50,1.22,蒜薹,湖北,none,2017-08-29,蔬菜,元/斤
华中,1.70,none,2018-08-25,湖北省洪湖农贸市场,1.90,1.50,蒜薹,湖北,none,2017-12-12,蔬菜,元/斤
华中,1.70,none,2018-08-25,湖北省洪湖农贸市场,1.90,1.50,蒜薹,湖北,none,2017-12-11,蔬菜,元/斤
华中,1.70,none,2018-08-25,湖北省洪湖农贸市场,1.90,1.50,蒜薹,湖北,none,2017-12-08,蔬菜,元/斤
华中,1.70,none,2018-08-25,湖北省洪湖农贸市场,1.90,1.50,蒜薹,湖北,none,2017-12-07,蔬菜,元/斤
华中,1.70,none,2018-08-25,湖北省洪湖农贸市场,1.90,1.50,蒜薹,湖北,none,2017-12-05,蔬菜,元/斤
华中,1.70,none,2018-08-25,湖北省洪湖农贸市场,1.90,1.50,蒜薹,湖北,none,2017-12-04,蔬菜,元/斤
华中,1.70,none,2018-08-25,湖北省洪湖农贸市场,1.90,1.50,蒜薹,湖北,none,2017-12-01,蔬菜,元/斤
华中,1.70,none,2018-08-25,湖北省洪湖农贸市场,1.90,1.50,蒜薹,湖北,none,2017-11-30,蔬菜,元/斤
华中,1.70,none,2018-08-25,湖北省洪湖农贸市场,1.90,1.50,蒜薹,湖北,none,2017-11-29,蔬菜,元/斤
华中,1.70,none,2018-08-25,湖北省洪湖农贸市场,1.90,1.50,蒜薹,湖北,none,2017-11-28,蔬菜,元/斤
华中,1.70,none,2018-08-25,湖北省洪湖农贸市场,1.90,1.50,蒜薹,湖北,none,2017-11-27,蔬菜,元/斤
华中,1.70,none,2018-08-25,湖北省洪湖农贸市场,1.90,1.50,蒜薹,湖北,none,2017-11-23,蔬菜,元/斤
华中,1.70,none,2018-08-25,湖北省洪湖农贸市场,1.90,1.50,蒜薹,湖北,none,2017-11-22,蔬菜,元/斤
华中,1.70,none,2018-08-25,湖北省洪湖农贸市场,1.90,1.50,蒜薹,湖北,none,2017-11-21,蔬菜,元/斤
华中,1.70,none,2018-08-25,湖北省洪湖农贸市场,1.90,1.50,蒜薹,湖北,none,2017-11-20,蔬菜,元/斤
华中,1.70,none,2018-08-25,湖北省洪湖农贸市场,1.90,1.50,蒜薹,湖北,none,2017-11-16,蔬菜,元/斤
华中,1.70,none,2018-08-25,湖北省洪湖农贸市场,1.90,1.50,蒜薹,湖北,none,2017-11-14,蔬菜,元/斤
华中,1.70,none,2018-08-25,湖北省洪湖农贸市场,1.90,1.50,蒜薹,湖北,none,2017-11-13,蔬菜,元/斤
华中,1.70,none,2018-08-25,湖北省洪湖农贸市场,1.90,1.50,蒜薹,湖北,none,2017-11-10,蔬菜,元/斤
华中,1.70,none,2018-08-25,湖北省洪湖农贸市场,1.90,1.50,蒜薹,湖北,none,2017-11-09,蔬菜,元/斤
华中,1.70,none,2018-08-25,湖北省洪湖农贸市场,1.90,1.50,蒜薹,湖北,none,2017-11-08,蔬菜,元/斤
华中,1.70,none,2018-08-25,湖北省洪湖农贸市场,1.90,1.50,蒜薹,湖北,none,2017-11-07,蔬菜,元/斤
华中,1.80,none,2018-08-25,湖北省洪湖农贸市场,2.00,1.60,蒜薹,湖北,none,2017-11-06,蔬菜,元/斤
华中,2.00,none,2018-08-25,湖北省洪湖农贸市场,2.20,1.80,蒜薹,湖北,none,2017-11-03,蔬菜,元/斤
华中,2.30,none,2018-08-25,湖北省洪湖农贸市场,2.40,2.00,蒜薹,湖北,none,2017-11-02,蔬菜,元/斤
华中,2.20,none,2018-08-25,湖北省洪湖农贸市场,2.50,2.00,蒜薹,湖北,none,2018-02-08,蔬菜,元/斤
华中,2.20,none,2018-08-25,湖北省洪湖农贸市场,2.50,2.00,蒜薹,湖北,none,2018-02-06,蔬菜,元/斤
华中,2.20,none,2018-08-25,湖北省洪湖农贸市场,2.50,2.00,蒜薹,湖北,none,2018-02-05,蔬菜,元/斤
华中,2.20,none,2018-08-25,湖北省洪湖农贸市场,2.50,2.00,蒜薹,湖北,none,2018-02-02,蔬菜,元/斤
华中,2.20,none,2018-08-25,湖北省洪湖农贸市场,2.50,2.00,蒜薹,湖北,none,2018-02-01,蔬菜,元/斤
华中,2.20,none,2018-08-25,湖北省洪湖农贸市场,2.50,2.00,蒜薹,湖北,none,2018-01-31,蔬菜,元/斤
华中,2.20,none,2018-08-25,湖北省洪湖农贸市场,2.50,2.00,蒜薹,湖北,none,2018-01-30,蔬菜,元/斤
华中,2.20,none,2018-08-25,湖北省洪湖农贸市场,2.50,2.00,蒜薹,湖北,none,2018-01-28,蔬菜,元/斤
华中,2.20,none,2018-08-25,湖北省洪湖农贸市场,2.50,2.00,蒜薹,湖北,none,2018-01-27,蔬菜,元/斤
华中,2.20,none,2018-08-25,湖北省洪湖农贸市场,2.50,2.00,蒜薹,湖北,none,2018-01-26,蔬菜,元/斤
华中,2.20,none,2018-08-25,湖北省洪湖农贸市场,2.50,2.00,蒜薹,湖北,none,2018-01-24,蔬菜,元/斤
华中,2.20,none,2018-08-25,湖北省洪湖农贸市场,2.50,2.00,蒜薹,湖北,none,2018-01-23,蔬菜,元/斤
华中,2.20,none,2018-08-25,湖北省洪湖农贸市场,2.50,2.00,蒜薹,湖北,none,2018-01-19,蔬菜,元/斤
华中,2.20,none,2018-08-25,湖北省洪湖农贸市场,2.50,2.00,蒜薹,湖北,none,2018-01-17,蔬菜,元/斤
华中,2.20,none,2018-08-25,湖北省洪湖农贸市场,2.50,2.00,蒜薹,湖北,none,2018-01-15,蔬菜,元/斤
华中,2.20,none,2018-08-25,湖北省洪湖农贸市场,2.50,2.00,蒜薹,湖北,none,2018-01-11,蔬菜,元/斤
华中,2.20,none,2018-08-25,湖北省洪湖农贸市场,2.50,2.00,蒜薹,湖北,none,2018-01-10,蔬菜,元/斤
华中,1.70,none,2018-08-25,湖北省洪湖农贸市场,2.00,1.50,蒜薹,湖北,none,2018-01-05,蔬菜,元/斤
华中,1.70,none,2018-08-25,湖北省洪湖农贸市场,1.90,1.50,蒜薹,湖北,none,2018-01-04,蔬菜,元/斤
华中,1.70,none,2018-08-25,湖北省洪湖农贸市场,1.90,1.50,蒜薹,湖北,none,2017-12-28,蔬菜,元/斤
华中,1.70,none,2018-08-25,湖北省洪湖农贸市场,1.90,1.50,蒜薹,湖北,none,2017-12-26,蔬菜,元/斤
华中,1.70,none,2018-08-25,湖北省洪湖农贸市场,1.90,1.50,蒜薹,湖北,none,2017-12-22,蔬菜,元/斤
华中,1.70,none,2018-08-25,湖北省洪湖农贸市场,1.90,1.50,蒜薹,湖北,none,2017-12-20,蔬菜,元/斤
华中,1.70,none,2018-08-25,湖北省洪湖农贸市场,1.90,1.50,蒜薹,湖北,none,2017-12-19,蔬菜,元/斤
华中,1.70,none,2018-08-25,湖北省洪湖农贸市场,1.90,1.50,蒜薹,湖北,none,2017-12-13,蔬菜,元/斤
华中,2.40,none,2018-08-25,湖北省洪湖农贸市场,2.60,2.20,蒜薹,湖北,none,2018-04-19,蔬菜,元/斤
华中,2.30,none,2018-08-25,湖北省洪湖农贸市场,2.50,2.10,蒜薹,湖北,none,2018-04-17,蔬菜,元/斤
华中,2.20,none,2018-08-25,湖北省洪湖农贸市场,2.40,2.00,蒜薹,湖北,none,2018-04-16,蔬菜,元/斤
华中,1.40,none,2018-08-25,湖北省洪湖农贸市场,1.70,1.10,蒜薹,湖北,none,2018-04-13,蔬菜,元/斤
华中,1.40,none,2018-08-25,湖北省洪湖农贸市场,1.70,1.10,蒜薹,湖北,none,2018-04-12,蔬菜,元/斤
华中,1.50,none,2018-08-25,湖北省洪湖农贸市场,2.00,1.30,蒜薹,湖北,none,2018-04-08,蔬菜,元/斤
华中,2.60,none,2018-08-25,湖北省洪湖农贸市场,3.10,2.10,蒜薹,湖北,none,2018-03-28,蔬菜,元/斤
华中,2.60,none,2018-08-25,湖北省洪湖农贸市场,3.10,2.10,蒜薹,湖北,none,2018-03-27,蔬菜,元/斤
华中,2.60,none,2018-08-25,湖北省洪湖农贸市场,3.10,2.10,蒜薹,湖北,none,2018-03-23,蔬菜,元/斤
华中,2.60,none,2018-08-25,湖北省洪湖农贸市场,3.10,2.10,蒜薹,湖北,none,2018-03-22,蔬菜,元/斤
华中,2.90,none,2018-08-25,湖北省洪湖农贸市场,3.40,2.40,蒜薹,湖北,none,2018-03-19,蔬菜,元/斤
华中,3.30,none,2018-08-25,湖北省洪湖农贸市场,3.80,2.80,蒜薹,湖北,none,2018-03-15,蔬菜,元/斤
华中,3.30,none,2018-08-25,湖北省洪湖农贸市场,3.80,2.80,蒜薹,湖北,none,2018-03-14,蔬菜,元/斤
华中,3.30,none,2018-08-25,湖北省洪湖农贸市场,3.80,2.80,蒜薹,湖北,none,2018-03-13,蔬菜,元/斤
华中,3.30,none,2018-08-25,湖北省洪湖农贸市场,3.80,2.80,蒜薹,湖北,none,2018-03-09,蔬菜,元/斤
华中,3.30,none,2018-08-25,湖北省洪湖农贸市场,3.80,2.80,蒜薹,湖北,none,2018-03-08,蔬菜,元/斤
华中,3.30,none,2018-08-25,湖北省洪湖农贸市场,3.80,2.80,蒜薹,湖北,none,2018-03-06,蔬菜,元/斤
华中,3.50,none,2018-08-25,湖北省洪湖农贸市场,4.00,3.00,蒜薹,湖北,none,2018-03-05,蔬菜,元/斤
华中,4.50,none,2018-08-25,湖北省洪湖农贸市场,5.20,4.00,蒜薹,湖北,none,2018-03-02,蔬菜,元/斤
华中,4.50,none,2018-08-25,湖北省洪湖农贸市场,5.20,4.00,蒜薹,湖北,none,2018-02-28,蔬菜,元/斤
华中,4.50,none,2018-08-25,湖北省洪湖农贸市场,5.20,4.00,蒜薹,湖北,none,2018-02-26,蔬菜,元/斤
华中,4.50,none,2018-08-25,湖北省洪湖农贸市场,5.00,4.00,蒜薹,湖北,none,2018-02-22,蔬菜,元/斤
华中,3.00,none,2018-08-25,湖北省洪湖农贸市场,3.20,2.70,蒜薹,湖北,none,2018-02-14,蔬菜,元/斤
华中,2.70,none,2018-08-25,湖北省洪湖农贸市场,3.00,2.50,蒜薹,湖北,none,2018-02-13,蔬菜,元/斤
华中,2.20,none,2018-08-25,湖北省洪湖农贸市场,2.50,2.00,蒜薹,湖北,none,2018-02-11,蔬菜,元/斤
华中,0.30,none,2018-08-25,湖北省洪湖农贸市场,0.40,0.20,洋白菜,湖北,none,2017-08-03,蔬菜,元/斤
华中,0.30,none,2018-08-25,湖北省洪湖农贸市场,0.40,0.20,洋白菜,湖北,none,2017-08-02,蔬菜,元/斤
华中,0.30,none,2018-08-25,湖北省洪湖农贸市场,0.40,0.20,洋白菜,湖北,none,2017-07-31,蔬菜,元/斤
华中,0.30,none,2018-08-25,湖北省洪湖农贸市场,0.40,0.20,洋白菜,湖北,none,2017-07-28,蔬菜,元/斤
华中,0.30,none,2018-08-25,湖北省洪湖农贸市场,0.40,0.20,洋白菜,湖北,none,2017-07-27,蔬菜,元/斤
华中,0.30,none,2018-08-25,湖北省洪湖农贸市场,0.40,0.20,洋白菜,湖北,none,2017-07-26,蔬菜,元/斤
华中,0.30,none,2018-08-25,湖北省洪湖农贸市场,0.40,0.20,洋白菜,湖北,none,2017-07-25,蔬菜,元/斤
华中,0.30,none,2018-08-25,湖北省洪湖农贸市场,0.40,0.20,洋白菜,湖北,none,2017-07-24,蔬菜,元/斤
华中,0.30,none,2018-08-25,湖北省洪湖农贸市场,0.40,0.20,洋白菜,湖北,none,2017-07-21,蔬菜,元/斤
华中,0.30,none,2018-08-25,湖北省洪湖农贸市场,0.40,0.20,洋白菜,湖北,none,2017-07-20,蔬菜,元/斤
华中,0.30,none,2018-08-25,湖北省洪湖农贸市场,0.40,0.20,洋白菜,湖北,none,2017-07-19,蔬菜,元/斤
华中,0.30,none,2018-08-25,湖北省洪湖农贸市场,0.40,0.20,洋白菜,湖北,none,2017-07-13,蔬菜,元/斤
华中,0.30,none,2018-08-25,湖北省洪湖农贸市场,0.40,0.20,洋白菜,湖北,none,2017-07-12,蔬菜,元/斤
华中,0.30,none,2018-08-25,湖北省洪湖农贸市场,0.40,0.20,洋白菜,湖北,none,2017-07-11,蔬菜,元/斤
华中,0.30,none,2018-08-25,湖北省洪湖农贸市场,0.40,0.20,洋白菜,湖北,none,2017-07-10,蔬菜,元/斤
华中,0.30,none,2018-08-25,湖北省洪湖农贸市场,0.40,0.20,洋白菜,湖北,none,2017-07-08,蔬菜,元/斤
华中,0.30,none,2018-08-25,湖北省洪湖农贸市场,0.40,0.20,洋白菜,湖北,none,2017-07-07,蔬菜,元/斤
华中,0.30,none,2018-08-25,湖北省洪湖农贸市场,0.40,0.20,洋白菜,湖北,none,2017-07-06,蔬菜,元/斤
华中,0.30,none,2018-08-25,湖北省洪湖农贸市场,0.40,0.20,洋白菜,湖北,none,2017-07-05,蔬菜,元/斤
华中,0.30,none,2018-08-25,湖北省洪湖农贸市场,0.40,0.20,洋白菜,湖北,none,2017-07-04,蔬菜,元/斤
华中,0.30,none,2018-08-25,湖北省洪湖农贸市场,0.40,0.20,洋白菜,湖北,none,2017-07-03,蔬菜,元/斤
华中,0.30,none,2018-08-25,湖北省洪湖农贸市场,0.40,0.20,洋白菜,湖北,none,2017-06-30,蔬菜,元/斤
华中,0.30,none,2018-08-25,湖北省洪湖农贸市场,0.40,0.20,洋白菜,湖北,none,2017-06-29,蔬菜,元/斤
华中,0.30,none,2018-08-25,湖北省洪湖农贸市场,0.40,0.20,洋白菜,湖北,none,2017-06-28,蔬菜,元/斤
华中,0.30,none,2018-08-25,湖北省洪湖农贸市场,0.40,0.20,洋白菜,湖北,none,2017-06-27,蔬菜,元/斤
华中,0.30,none,2018-08-25,湖北省洪湖农贸市场,0.40,0.20,洋白菜,湖北,none,2017-06-26,蔬菜,元/斤
华中,0.30,none,2018-08-25,湖北省洪湖农贸市场,0.40,0.20,洋白菜,湖北,none,2017-06-23,蔬菜,元/斤
华中,0.30,none,2018-08-25,湖北省洪湖农贸市场,0.40,0.20,洋白菜,湖北,none,2017-06-21,蔬菜,元/斤
华中,0.30,none,2018-08-25,湖北省洪湖农贸市场,0.40,0.20,洋白菜,湖北,none,2017-06-19,蔬菜,元/斤
华中,0.30,none,2018-08-25,湖北省洪湖农贸市场,0.40,0.20,洋白菜,湖北,none,2017-06-15,蔬菜,元/斤
华中,0.30,none,2018-08-25,湖北省洪湖农贸市场,0.40,0.20,洋白菜,湖北,none,2017-06-14,蔬菜,元/斤
华中,0.30,none,2018-08-25,湖北省洪湖农贸市场,0.40,0.20,洋白菜,湖北,none,2017-06-13,蔬菜,元/斤
华中,0.30,none,2018-08-25,湖北省洪湖农贸市场,0.40,0.20,洋白菜,湖北,none,2017-06-12,蔬菜,元/斤
华中,0.30,none,2018-08-25,湖北省洪湖农贸市场,0.40,0.20,洋白菜,湖北,none,2017-06-09,蔬菜,元/斤
华中,0.30,none,2018-08-25,湖北省洪湖农贸市场,0.40,0.20,洋白菜,湖北,none,2017-06-08,蔬菜,元/斤
华中,0.30,none,2018-08-25,湖北省洪湖农贸市场,0.40,0.20,洋白菜,湖北,none,2017-06-06,蔬菜,元/斤
华中,0.30,none,2018-08-25,湖北省洪湖农贸市场,0.40,0.20,洋白菜,湖北,none,2017-06-05,蔬菜,元/斤
华中,0.30,none,2018-08-25,湖北省洪湖农贸市场,0.40,0.20,洋白菜,湖北,none,2017-06-01,蔬菜,元/斤
华中,0.30,none,2018-08-25,湖北省洪湖农贸市场,0.40,0.20,洋白菜,湖北,none,2017-05-31,蔬菜,元/斤
华中,0.30,none,2018-08-25,湖北省洪湖农贸市场,0.40,0.20,洋白菜,湖北,none,2017-05-24,蔬菜,元/斤
华中,0.30,none,2018-08-25,湖北省洪湖农贸市场,0.40,0.20,洋白菜,湖北,none,2017-05-23,蔬菜,元/斤
华中,0.30,none,2018-08-25,湖北省洪湖农贸市场,0.40,0.20,洋白菜,湖北,none,2017-05-22,蔬菜,元/斤
华中,0.30,none,2018-08-25,湖北省洪湖农贸市场,0.40,0.20,洋白菜,湖北,none,2017-05-17,蔬菜,元/斤
华中,0.30,none,2018-08-25,湖北省洪湖农贸市场,0.40,0.20,洋白菜,湖北,none,2017-05-15,蔬菜,元/斤
华中,0.30,none,2018-08-25,湖北省洪湖农贸市场,0.40,0.20,洋白菜,湖北,none,2017-05-12,蔬菜,元/斤
华中,0.30,none,2018-08-25,湖北省洪湖农贸市场,0.40,0.20,洋白菜,湖北,none,2017-05-10,蔬菜,元/斤
华中,0.30,none,2018-08-25,湖北省洪湖农贸市场,0.40,0.20,洋白菜,湖北,none,2017-05-09,蔬菜,元/斤
华中,0.30,none,2018-08-25,湖北省洪湖农贸市场,0.40,0.20,洋白菜,湖北,none,2017-05-08,蔬菜,元/斤
华中,0.30,none,2018-08-25,湖北省洪湖农贸市场,0.40,0.20,洋白菜,湖北,none,2017-05-05,蔬菜,元/斤
华中,0.30,none,2018-08-25,湖北省洪湖农贸市场,0.40,0.20,洋白菜,湖北,none,2017-05-04,蔬菜,元/斤
华中,0.60,none,2018-08-25,湖北省洪湖农贸市场,0.60,0.40,洋白菜,湖北,none,2017-11-13,蔬菜,元/斤
华中,0.60,none,2018-08-25,湖北省洪湖农贸市场,0.70,0.40,洋白菜,湖北,none,2017-11-10,蔬菜,元/斤
华中,0.60,none,2018-08-25,湖北省洪湖农贸市场,0.70,0.40,洋白菜,湖北,none,2017-11-09,蔬菜,元/斤
华中,0.60,none,2018-08-25,湖北省洪湖农贸市场,0.70,0.40,洋白菜,湖北,none,2017-11-08,蔬菜,元/斤
华中,0.60,none,2018-08-25,湖北省洪湖农贸市场,0.70,0.40,洋白菜,湖北,none,2017-11-07,蔬菜,元/斤
华中,0.60,none,2018-08-25,湖北省洪湖农贸市场,0.70,0.40,洋白菜,湖北,none,2017-11-06,蔬菜,元/斤
华中,0.80,none,2018-08-25,湖北省洪湖农贸市场,0.90,0.70,洋白菜,湖北,none,2017-11-03,蔬菜,元/斤
华中,0.80,none,2018-08-25,湖北省洪湖农贸市场,0.90,0.70,洋白菜,湖北,none,2017-11-02,蔬菜,元/斤
华中,0.80,none,2018-08-25,湖北省洪湖农贸市场,0.90,0.70,洋白菜,湖北,none,2017-11-01,蔬菜,元/斤
华中,0.80,none,2018-08-25,湖北省洪湖农贸市场,0.90,0.70,洋白菜,湖北,none,2017-10-31,蔬菜,元/斤
华中,0.80,none,2018-08-25,湖北省洪湖农贸市场,0.90,0.70,洋白菜,湖北,none,2017-10-27,蔬菜,元/斤
华中,0.80,none,2018-08-25,湖北省洪湖农贸市场,0.90,0.70,洋白菜,湖北,none,2017-10-26,蔬菜,元/斤
华中,0.80,none,2018-08-25,湖北省洪湖农贸市场,0.90,0.70,洋白菜,湖北,none,2017-10-25,蔬菜,元/斤
华中,0.80,none,2018-08-25,湖北省洪湖农贸市场,0.90,0.70,洋白菜,湖北,none,2017-10-24,蔬菜,元/斤
华中,0.80,none,2018-08-25,湖北省洪湖农贸市场,0.90,0.70,洋白菜,湖北,none,2017-10-23,蔬菜,元/斤
华中,0.80,none,2018-08-25,湖北省洪湖农贸市场,0.90,0.70,洋白菜,湖北,none,2017-10-20,蔬菜,元/斤
华中,0.80,none,2018-08-25,湖北省洪湖农贸市场,0.90,0.70,洋白菜,湖北,none,2017-10-19,蔬菜,元/斤
华中,0.80,none,2018-08-25,湖北省洪湖农贸市场,0.90,0.70,洋白菜,湖北,none,2017-10-18,蔬菜,元/斤
华中,0.80,none,2018-08-25,湖北省洪湖农贸市场,0.90,0.70,洋白菜,湖北,none,2017-10-17,蔬菜,元/斤
华中,0.80,none,2018-08-25,湖北省洪湖农贸市场,0.90,0.70,洋白菜,湖北,none,2017-10-16,蔬菜,元/斤
华中,0.60,none,2018-08-25,湖北省洪湖农贸市场,0.70,0.50,洋白菜,湖北,none,2017-10-13,蔬菜,元/斤
华中,0.60,none,2018-08-25,湖北省洪湖农贸市场,0.70,0.50,洋白菜,湖北,none,2017-10-12,蔬菜,元/斤
华中,0.60,none,2018-08-25,湖北省洪湖农贸市场,0.70,0.50,洋白菜,湖北,none,2017-10-11,蔬菜,元/斤
华中,0.60,none,2018-08-25,湖北省洪湖农贸市场,0.70,0.50,洋白菜,湖北,none,2017-10-09,蔬菜,元/斤
华中,0.60,none,2018-08-25,湖北省洪湖农贸市场,0.90,0.50,洋白菜,湖北,none,2017-09-30,蔬菜,元/斤
华中,0.60,none,2018-08-25,湖北省洪湖农贸市场,0.90,0.50,洋白菜,湖北,none,2017-09-29,蔬菜,元/斤
华中,0.60,none,2018-08-25,湖北省洪湖农贸市场,0.90,0.50,洋白菜,湖北,none,2017-09-28,蔬菜,元/斤
华中,0.60,none,2018-08-25,湖北省洪湖农贸市场,0.90,0.50,洋白菜,湖北,none,2017-09-27,蔬菜,元/斤
华中,0.60,none,2018-08-25,湖北省洪湖农贸市场,0.90,0.50,洋白菜,湖北,none,2017-09-26,蔬菜,元/斤
华中,0.60,none,2018-08-25,湖北省洪湖农贸市场,0.90,0.50,洋白菜,湖北,none,2017-09-22,蔬菜,元/斤
华中,0.60,none,2018-08-25,湖北省洪湖农贸市场,0.90,0.50,洋白菜,湖北,none,2017-09-21,蔬菜,元/斤
华中,0.60,none,2018-08-25,湖北省洪湖农贸市场,0.90,0.50,洋白菜,湖北,none,2017-09-20,蔬菜,元/斤
华中,0.60,none,2018-08-25,湖北省洪湖农贸市场,0.90,0.50,洋白菜,湖北,none,2017-09-19,蔬菜,元/斤
华中,0.60,none,2018-08-25,湖北省洪湖农贸市场,0.90,0.50,洋白菜,湖北,none,2017-09-08,蔬菜,元/斤
华中,0.60,none,2018-08-25,湖北省洪湖农贸市场,0.90,0.50,洋白菜,湖北,none,2017-09-07,蔬菜,元/斤
华中,0.60,none,2018-08-25,湖北省洪湖农贸市场,0.90,0.50,洋白菜,湖北,none,2017-09-04,蔬菜,元/斤
华中,0.60,none,2018-08-25,湖北省洪湖农贸市场,0.90,0.50,洋白菜,湖北,none,2017-09-01,蔬菜,元/斤
华中,0.60,none,2018-08-25,湖北省洪湖农贸市场,0.90,0.50,洋白菜,湖北,none,2017-08-31,蔬菜,元/斤
华中,0.60,none,2018-08-25,湖北省洪湖农贸市场,0.90,0.50,洋白菜,湖北,none,2017-08-30,蔬菜,元/斤
华中,0.60,none,2018-08-25,湖北省洪湖农贸市场,0.90,0.50,洋白菜,湖北,none,2017-08-29,蔬菜,元/斤
华中,0.60,none,2018-08-25,湖北省洪湖农贸市场,0.90,0.50,洋白菜,湖北,none,2017-08-24,蔬菜,元/斤
华中,0.60,none,2018-08-25,湖北省洪湖农贸市场,0.90,0.50,洋白菜,湖北,none,2017-08-23,蔬菜,元/斤
华中,0.60,none,2018-08-25,湖北省洪湖农贸市场,0.90,0.50,洋白菜,湖北,none,2017-08-22,蔬菜,元/斤
华中,0.60,none,2018-08-25,湖北省洪湖农贸市场,0.90,0.50,洋白菜,湖北,none,2017-08-21,蔬菜,元/斤
华中,0.60,none,2018-08-25,湖北省洪湖农贸市场,0.90,0.50,洋白菜,湖北,none,2017-08-18,蔬菜,元/斤
华中,0.60,none,2018-08-25,湖北省洪湖农贸市场,0.90,0.50,洋白菜,湖北,none,2017-08-16,蔬菜,元/斤
华中,0.60,none,2018-08-25,湖北省洪湖农贸市场,0.90,0.50,洋白菜,湖北,none,2017-08-15,蔬菜,元/斤
华中,0.60,none,2018-08-25,湖北省洪湖农贸市场,0.90,0.50,洋白菜,湖北,none,2017-08-14,蔬菜,元/斤
华中,0.60,none,2018-08-25,湖北省洪湖农贸市场,0.70,0.50,洋白菜,湖北,none,2017-08-10,蔬菜,元/斤
华中,0.60,none,2018-08-25,湖北省洪湖农贸市场,0.70,0.50,洋白菜,湖北,none,2017-08-08,蔬菜,元/斤
华中,0.60,none,2018-08-25,湖北省洪湖农贸市场,0.60,0.40,洋白菜,湖北,none,2017-12-19,蔬菜,元/斤
华中,0.60,none,2018-08-25,湖北省洪湖农贸市场,0.60,0.40,洋白菜,湖北,none,2017-12-18,蔬菜,元/斤
华中,0.60,none,2018-08-25,湖北省洪湖农贸市场,0.60,0.40,洋白菜,湖北,none,2017-12-14,蔬菜,元/斤
华中,0.60,none,2018-08-25,湖北省洪湖农贸市场,0.60,0.40,洋白菜,湖北,none,2017-12-13,蔬菜,元/斤
华中,0.60,none,2018-08-25,湖北省洪湖农贸市场,0.60,0.40,洋白菜,湖北,none,2017-12-12,蔬菜,元/斤
华中,0.60,none,2018-08-25,湖北省洪湖农贸市场,0.60,0.40,洋白菜,湖北,none,2017-12-11,蔬菜,元/斤
华中,0.60,none,2018-08-25,湖北省洪湖农贸市场,0.60,0.40,洋白菜,湖北,none,2017-12-08,蔬菜,元/斤
华中,0.60,none,2018-08-25,湖北省洪湖农贸市场,0.60,0.40,洋白菜,湖北,none,2017-12-07,蔬菜,元/斤
华中,0.60,none,2018-08-25,湖北省洪湖农贸市场,0.60,0.40,洋白菜,湖北,none,2017-12-06,蔬菜,元/斤
华中,0.60,none,2018-08-25,湖北省洪湖农贸市场,0.60,0.40,洋白菜,湖北,none,2017-12-05,蔬菜,元/斤
华中,0.60,none,2018-08-25,湖北省洪湖农贸市场,0.60,0.40,洋白菜,湖北,none,2017-12-04,蔬菜,元/斤
华中,0.60,none,2018-08-25,湖北省洪湖农贸市场,0.60,0.40,洋白菜,湖北,none,2017-12-01,蔬菜,元/斤
华中,0.60,none,2018-08-25,湖北省洪湖农贸市场,0.60,0.40,洋白菜,湖北,none,2017-11-30,蔬菜,元/斤
华中,0.60,none,2018-08-25,湖北省洪湖农贸市场,0.60,0.40,洋白菜,湖北,none,2017-11-29,蔬菜,元/斤
华中,0.60,none,2018-08-25,湖北省洪湖农贸市场,0.60,0.40,洋白菜,湖北,none,2017-11-28,蔬菜,元/斤
华中,0.60,none,2018-08-25,湖北省洪湖农贸市场,0.60,0.40,洋白菜,湖北,none,2017-11-27,蔬菜,元/斤
华中,0.60,none,2018-08-25,湖北省洪湖农贸市场,0.60,0.40,洋白菜,湖北,none,2017-11-24,蔬菜,元/斤
华中,0.60,none,2018-08-25,湖北省洪湖农贸市场,0.60,0.40,洋白菜,湖北,none,2017-11-23,蔬菜,元/斤
华中,0.60,none,2018-08-25,湖北省洪湖农贸市场,0.60,0.40,洋白菜,湖北,none,2017-11-22,蔬菜,元/斤
华中,0.60,none,2018-08-25,湖北省洪湖农贸市场,0.60,0.40,洋白菜,湖北,none,2017-11-21,蔬菜,元/斤
华中,0.60,none,2018-08-25,湖北省洪湖农贸市场,0.60,0.40,洋白菜,湖北,none,2017-11-20,蔬菜,元/斤
华中,0.60,none,2018-08-25,湖北省洪湖农贸市场,0.60,0.40,洋白菜,湖北,none,2017-11-17,蔬菜,元/斤
华中,0.60,none,2018-08-25,湖北省洪湖农贸市场,0.60,0.40,洋白菜,湖北,none,2017-11-16,蔬菜,元/斤
华中,0.60,none,2018-08-25,湖北省洪湖农贸市场,0.60,0.40,洋白菜,湖北,none,2017-11-15,蔬菜,元/斤
华中,0.60,none,2018-08-25,湖北省洪湖农贸市场,0.60,0.40,洋白菜,湖北,none,2017-11-14,蔬菜,元/斤
华中,0.60,none,2018-08-25,湖北省洪湖农贸市场,0.60,0.40,洋白菜,湖北,none,2018-01-28,蔬菜,元/斤
华中,0.60,none,2018-08-25,湖北省洪湖农贸市场,0.60,0.40,洋白菜,湖北,none,2018-01-27,蔬菜,元/斤
华中,0.60,none,2018-08-25,湖北省洪湖农贸市场,0.60,0.40,洋白菜,湖北,none,2018-01-26,蔬菜,元/斤
华中,0.60,none,2018-08-25,湖北省洪湖农贸市场,0.60,0.40,洋白菜,湖北,none,2018-01-25,蔬菜,元/斤
华中,0.60,none,2018-08-25,湖北省洪湖农贸市场,0.60,0.40,洋白菜,湖北,none,2018-01-24,蔬菜,元/斤
华中,0.60,none,2018-08-25,湖北省洪湖农贸市场,0.60,0.40,洋白菜,湖北,none,2018-01-23,蔬菜,元/斤
华中,0.60,none,2018-08-25,湖北省洪湖农贸市场,0.60,0.40,洋白菜,湖北,none,2018-01-19,蔬菜,元/斤
华中,0.60,none,2018-08-25,湖北省洪湖农贸市场,0.60,0.40,洋白菜,湖北,none,2018-01-18,蔬菜,元/斤
华中,0.60,none,2018-08-25,湖北省洪湖农贸市场,0.60,0.40,洋白菜,湖北,none,2018-01-17,蔬菜,元/斤
华中,0.60,none,2018-08-25,湖北省洪湖农贸市场,0.60,0.40,洋白菜,湖北,none,2018-01-16,蔬菜,元/斤
华中,0.60,none,2018-08-25,湖北省洪湖农贸市场,0.60,0.40,洋白菜,湖北,none,2018-01-15,蔬菜,元/斤
华中,0.60,none,2018-08-25,湖北省洪湖农贸市场,0.60,0.40,洋白菜,湖北,none,2018-01-12,蔬菜,元/斤
华中,0.60,none,2018-08-25,湖北省洪湖农贸市场,0.60,0.40,洋白菜,湖北,none,2018-01-11,蔬菜,元/斤
华中,0.60,none,2018-08-25,湖北省洪湖农贸市场,0.60,0.40,洋白菜,湖北,none,2018-01-10,蔬菜,元/斤
华中,0.60,none,2018-08-25,湖北省洪湖农贸市场,0.60,0.40,洋白菜,湖北,none,2018-01-09,蔬菜,元/斤
华中,0.60,none,2018-08-25,湖北省洪湖农贸市场,0.60,0.40,洋白菜,湖北,none,2018-01-05,蔬菜,元/斤
华中,0.60,none,2018-08-25,湖北省洪湖农贸市场,0.60,0.40,洋白菜,湖北,none,2018-01-04,蔬菜,元/斤
华中,0.60,none,2018-08-25,湖北省洪湖农贸市场,0.60,0.40,洋白菜,湖北,none,2018-01-03,蔬菜,元/斤
华中,0.60,none,2018-08-25,湖北省洪湖农贸市场,0.60,0.40,洋白菜,湖北,none,2017-12-29,蔬菜,元/斤
华中,0.60,none,2018-08-25,湖北省洪湖农贸市场,0.60,0.40,洋白菜,湖北,none,2017-12-28,蔬菜,元/斤
华中,0.60,none,2018-08-25,湖北省洪湖农贸市场,0.60,0.40,洋白菜,湖北,none,2017-12-27,蔬菜,元/斤
华中,0.60,none,2018-08-25,湖北省洪湖农贸市场,0.60,0.40,洋白菜,湖北,none,2017-12-26,蔬菜,元/斤
华中,0.60,none,2018-08-25,湖北省洪湖农贸市场,0.60,0.40,洋白菜,湖北,none,2017-12-22,蔬菜,元/斤
华中,0.60,none,2018-08-25,湖北省洪湖农贸市场,0.60,0.40,洋白菜,湖北,none,2017-12-21,蔬菜,元/斤
华中,0.60,none,2018-08-25,湖北省洪湖农贸市场,0.60,0.40,洋白菜,湖北,none,2017-12-20,蔬菜,元/斤
华中,0.50,none,2018-08-25,湖北省洪湖农贸市场,0.60,0.40,洋白菜,湖北,none,2018-03-15,蔬菜,元/斤
华中,0.50,none,2018-08-25,湖北省洪湖农贸市场,0.60,0.40,洋白菜,湖北,none,2018-03-14,蔬菜,元/斤
华中,0.50,none,2018-08-25,湖北省洪湖农贸市场,0.60,0.40,洋白菜,湖北,none,2018-03-13,蔬菜,元/斤
华中,0.50,none,2018-08-25,湖北省洪湖农贸市场,0.60,0.40,洋白菜,湖北,none,2018-03-12,蔬菜,元/斤
华中,0.50,none,2018-08-25,湖北省洪湖农贸市场,0.60,0.40,洋白菜,湖北,none,2018-03-09,蔬菜,元/斤
华中,0.50,none,2018-08-25,湖北省洪湖农贸市场,0.60,0.40,洋白菜,湖北,none,2018-03-08,蔬菜,元/斤
华中,0.50,none,2018-08-25,湖北省洪湖农贸市场,0.60,0.40,洋白菜,湖北,none,2018-03-07,蔬菜,元/斤
华中,0.50,none,2018-08-25,湖北省洪湖农贸市场,0.60,0.40,洋白菜,湖北,none,2018-03-06,蔬菜,元/斤
华中,0.50,none,2018-08-25,湖北省洪湖农贸市场,0.60,0.40,洋白菜,湖北,none,2018-03-05,蔬菜,元/斤
华中,0.70,none,2018-08-25,湖北省洪湖农贸市场,0.80,0.50,洋白菜,湖北,none,2018-03-02,蔬菜,元/斤
华中,0.70,none,2018-08-25,湖北省洪湖农贸市场,0.80,0.50,洋白菜,湖北,none,2018-02-28,蔬菜,元/斤
华中,0.70,none,2018-08-25,湖北省洪湖农贸市场,0.80,0.50,洋白菜,湖北,none,2018-02-26,蔬菜,元/斤
华中,0.70,none,2018-08-25,湖北省洪湖农贸市场,0.80,0.50,洋白菜,湖北,none,2018-02-22,蔬菜,元/斤
华中,0.70,none,2018-08-25,湖北省洪湖农贸市场,0.80,0.50,洋白菜,湖北,none,2018-02-14,蔬菜,元/斤
华中,0.70,none,2018-08-25,湖北省洪湖农贸市场,0.80,0.50,洋白菜,湖北,none,2018-02-13,蔬菜,元/斤
华中,0.70,none,2018-08-25,湖北省洪湖农贸市场,0.80,0.50,洋白菜,湖北,none,2018-02-11,蔬菜,元/斤
华中,0.70,none,2018-08-25,湖北省洪湖农贸市场,0.80,0.50,洋白菜,湖北,none,2018-02-08,蔬菜,元/斤
华中,0.70,none,2018-08-25,湖北省洪湖农贸市场,0.80,0.50,洋白菜,湖北,none,2018-02-07,蔬菜,元/斤
华中,0.70,none,2018-08-25,湖北省洪湖农贸市场,0.80,0.50,洋白菜,湖北,none,2018-02-06,蔬菜,元/斤
华中,0.70,none,2018-08-25,湖北省洪湖农贸市场,0.80,0.50,洋白菜,湖北,none,2018-02-05,蔬菜,元/斤
华中,0.70,none,2018-08-25,湖北省洪湖农贸市场,0.80,0.50,洋白菜,湖北,none,2018-02-02,蔬菜,元/斤
华中,0.70,none,2018-08-25,湖北省洪湖农贸市场,0.80,0.50,洋白菜,湖北,none,2018-02-01,蔬菜,元/斤
华中,0.60,none,2018-08-25,湖北省洪湖农贸市场,0.70,0.50,洋白菜,湖北,none,2018-01-31,蔬菜,元/斤
华中,0.60,none,2018-08-25,湖北省洪湖农贸市场,0.60,0.40,洋白菜,湖北,none,2018-01-30,蔬菜,元/斤
华中,0.60,none,2018-08-25,湖北省洪湖农贸市场,0.60,0.40,洋白菜,湖北,none,2018-01-29,蔬菜,元/斤
华中,0.50,none,2018-08-25,湖北省洪湖农贸市场,0.55,0.35,洋白菜,湖北,none,2018-05-03,蔬菜,元/斤
华中,0.50,none,2018-08-25,湖北省洪湖农贸市场,0.55,0.35,洋白菜,湖北,none,2018-05-02,蔬菜,元/斤
华中,0.50,none,2018-08-25,湖北省洪湖农贸市场,0.55,0.35,洋白菜,湖北,none,2018-04-28,蔬菜,元/斤
华中,0.50,none,2018-08-25,湖北省洪湖农贸市场,0.55,0.35,洋白菜,湖北,none,2018-04-27,蔬菜,元/斤
华中,0.50,none,2018-08-25,湖北省洪湖农贸市场,0.55,0.35,洋白菜,湖北,none,2018-04-26,蔬菜,元/斤
华中,0.50,none,2018-08-25,湖北省洪湖农贸市场,0.55,0.35,洋白菜,湖北,none,2018-04-25,蔬菜,元/斤
华中,0.50,none,2018-08-25,湖北省洪湖农贸市场,0.55,0.35,洋白菜,湖北,none,2018-04-24,蔬菜,元/斤
华中,0.50,none,2018-08-25,湖北省洪湖农贸市场,0.55,0.35,洋白菜,湖北,none,2018-04-20,蔬菜,元/斤
华中,0.50,none,2018-08-25,湖北省洪湖农贸市场,0.55,0.35,洋白菜,湖北,none,2018-04-19,蔬菜,元/斤
华中,0.50,none,2018-08-25,湖北省洪湖农贸市场,0.55,0.35,洋白菜,湖北,none,2018-04-18,蔬菜,元/斤
华中,0.50,none,2018-08-25,湖北省洪湖农贸市场,0.55,0.35,洋白菜,湖北,none,2018-04-17,蔬菜,元/斤
华中,0.50,none,2018-08-25,湖北省洪湖农贸市场,0.55,0.35,洋白菜,湖北,none,2018-04-16,蔬菜,元/斤
华中,0.50,none,2018-08-25,湖北省洪湖农贸市场,0.55,0.35,洋白菜,湖北,none,2018-04-13,蔬菜,元/斤
华中,0.50,none,2018-08-25,湖北省洪湖农贸市场,0.55,0.35,洋白菜,湖北,none,2018-04-12,蔬菜,元/斤
华中,0.50,none,2018-08-25,湖北省洪湖农贸市场,0.55,0.35,洋白菜,湖北,none,2018-04-09,蔬菜,元/斤
华中,0.50,none,2018-08-25,湖北省洪湖农贸市场,0.55,0.35,洋白菜,湖北,none,2018-04-08,蔬菜,元/斤
华中,0.50,none,2018-08-25,湖北省洪湖农贸市场,0.55,0.35,洋白菜,湖北,none,2018-03-30,蔬菜,元/斤
华中,0.50,none,2018-08-25,湖北省洪湖农贸市场,0.55,0.35,洋白菜,湖北,none,2018-03-29,蔬菜,元/斤
华中,0.50,none,2018-08-25,湖北省洪湖农贸市场,0.55,0.35,洋白菜,湖北,none,2018-03-28,蔬菜,元/斤
华中,0.50,none,2018-08-25,湖北省洪湖农贸市场,0.60,0.40,洋白菜,湖北,none,2018-03-27,蔬菜,元/斤
华中,0.50,none,2018-08-25,湖北省洪湖农贸市场,0.60,0.40,洋白菜,湖北,none,2018-03-26,蔬菜,元/斤
华中,0.50,none,2018-08-25,湖北省洪湖农贸市场,0.60,0.40,洋白菜,湖北,none,2018-03-23,蔬菜,元/斤
华中,0.50,none,2018-08-25,湖北省洪湖农贸市场,0.60,0.40,洋白菜,湖北,none,2018-03-22,蔬菜,元/斤
华中,0.50,none,2018-08-25,湖北省洪湖农贸市场,0.60,0.40,洋白菜,湖北,none,2018-03-21,蔬菜,元/斤
华中,0.50,none,2018-08-25,湖北省洪湖农贸市场,0.60,0.40,洋白菜,湖北,none,2018-03-19,蔬菜,元/斤
华中,1.00,none,2018-08-25,湖北省洪湖农贸市场,1.20,0.80,胡萝卜,湖北,none,2017-04-20,蔬菜,元/斤
华中,1.00,none,2018-08-25,湖北省洪湖农贸市场,1.20,0.80,胡萝卜,湖北,none,2017-04-18,蔬菜,元/斤
华中,1.10,none,2018-08-25,湖北省洪湖农贸市场,1.30,0.90,胡萝卜,湖北,none,2017-04-17,蔬菜,元/斤
华中,1.20,none,2018-08-25,湖北省洪湖农贸市场,1.40,1.00,胡萝卜,湖北,none,2017-04-14,蔬菜,元/斤
华中,1.20,none,2018-08-25,湖北省洪湖农贸市场,1.40,1.00,胡萝卜,湖北,none,2017-04-13,蔬菜,元/斤
华中,1.20,none,2018-08-25,湖北省洪湖农贸市场,1.40,1.00,胡萝卜,湖北,none,2017-04-12,蔬菜,元/斤
华中,1.20,none,2018-08-25,湖北省洪湖农贸市场,1.40,1.00,胡萝卜,湖北,none,2017-04-11,蔬菜,元/斤
华中,1.20,none,2018-08-25,湖北省洪湖农贸市场,1.40,1.00,胡萝卜,湖北,none,2017-04-10,蔬菜,元/斤
华中,1.20,none,2018-08-25,湖北省洪湖农贸市场,1.40,1.00,胡萝卜,湖北,none,2017-04-06,蔬菜,元/斤
华中,1.20,none,2018-08-25,湖北省洪湖农贸市场,1.40,1.00,胡萝卜,湖北,none,2017-04-05,蔬菜,元/斤
华中,1.20,none,2018-08-25,湖北省洪湖农贸市场,1.40,1.00,胡萝卜,湖北,none,2017-04-01,蔬菜,元/斤
华中,1.20,none,2018-08-25,湖北省洪湖农贸市场,1.40,1.00,胡萝卜,湖北,none,2017-03-31,蔬菜,元/斤
华中,1.20,none,2018-08-25,湖北省洪湖农贸市场,1.40,1.00,胡萝卜,湖北,none,2017-03-30,蔬菜,元/斤
华中,1.20,none,2018-08-25,湖北省洪湖农贸市场,1.40,1.00,胡萝卜,湖北,none,2017-03-29,蔬菜,元/斤
华中,1.20,none,2018-08-25,湖北省洪湖农贸市场,1.40,1.00,胡萝卜,湖北,none,2017-03-28,蔬菜,元/斤
华中,1.20,none,2018-08-25,湖北省洪湖农贸市场,1.40,1.00,胡萝卜,湖北,none,2017-03-23,蔬菜,元/斤
华中,1.20,none,2018-08-25,湖北省洪湖农贸市场,1.40,1.00,胡萝卜,湖北,none,2017-03-22,蔬菜,元/斤
华中,1.20,none,2018-08-25,湖北省洪湖农贸市场,1.40,1.00,胡萝卜,湖北,none,2017-03-21,蔬菜,元/斤
华中,1.20,none,2018-08-25,湖北省洪湖农贸市场,1.40,1.00,胡萝卜,湖北,none,2017-03-20,蔬菜,元/斤
华中,1.20,none,2018-08-25,湖北省洪湖农贸市场,1.40,1.00,胡萝卜,湖北,none,2017-03-17,蔬菜,元/斤
华中,1.20,none,2018-08-25,湖北省洪湖农贸市场,1.40,1.00,胡萝卜,湖北,none,2017-03-07,蔬菜,元/斤
华中,1.20,none,2018-08-25,湖北省洪湖农贸市场,1.40,1.00,胡萝卜,湖北,none,2017-03-04,蔬菜,元/斤
华中,1.20,none,2018-08-25,湖北省洪湖农贸市场,1.40,1.00,胡萝卜,湖北,none,2017-03-03,蔬菜,元/斤
华中,1.20,none,2018-08-25,湖北省洪湖农贸市场,1.40,1.00,胡萝卜,湖北,none,2017-03-02,蔬菜,元/斤
华中,1.20,none,2018-08-25,湖北省洪湖农贸市场,1.40,1.00,胡萝卜,湖北,none,2017-03-01,蔬菜,元/斤
华中,1.10,none,2018-08-25,湖北省洪湖农贸市场,1.40,0.90,胡萝卜,湖北,none,2017-06-14,蔬菜,元/斤
华中,1.10,none,2018-08-25,湖北省洪湖农贸市场,1.40,0.90,胡萝卜,湖北,none,2017-06-13,蔬菜,元/斤
华中,1.10,none,2018-08-25,湖北省洪湖农贸市场,1.40,0.90,胡萝卜,湖北,none,2017-06-12,蔬菜,元/斤
华中,1.10,none,2018-08-25,湖北省洪湖农贸市场,1.40,0.90,胡萝卜,湖北,none,2017-06-08,蔬菜,元/斤
华中,1.10,none,2018-08-25,湖北省洪湖农贸市场,1.40,0.90,胡萝卜,湖北,none,2017-06-06,蔬菜,元/斤
华中,1.10,none,2018-08-25,湖北省洪湖农贸市场,1.40,0.90,胡萝卜,湖北,none,2017-06-05,蔬菜,元/斤
华中,1.10,none,2018-08-25,湖北省洪湖农贸市场,1.40,0.90,胡萝卜,湖北,none,2017-06-01,蔬菜,元/斤
华中,1.10,none,2018-08-25,湖北省洪湖农贸市场,1.40,0.90,胡萝卜,湖北,none,2017-05-31,蔬菜,元/斤
华中,1.00,none,2018-08-25,湖北省洪湖农贸市场,1.20,0.80,胡萝卜,湖北,none,2017-05-24,蔬菜,元/斤
华中,1.00,none,2018-08-25,湖北省洪湖农贸市场,1.20,0.80,胡萝卜,湖北,none,2017-05-23,蔬菜,元/斤
华中,1.00,none,2018-08-25,湖北省洪湖农贸市场,1.20,0.80,胡萝卜,湖北,none,2017-05-22,蔬菜,元/斤
华中,1.00,none,2018-08-25,湖北省洪湖农贸市场,1.20,0.80,胡萝卜,湖北,none,2017-05-17,蔬菜,元/斤
华中,1.00,none,2018-08-25,湖北省洪湖农贸市场,1.20,0.80,胡萝卜,湖北,none,2017-05-15,蔬菜,元/斤
华中,1.00,none,2018-08-25,湖北省洪湖农贸市场,1.20,0.80,胡萝卜,湖北,none,2017-05-12,蔬菜,元/斤
华中,1.00,none,2018-08-25,湖北省洪湖农贸市场,1.20,0.80,胡萝卜,湖北,none,2017-05-10,蔬菜,元/斤
华中,1.00,none,2018-08-25,湖北省洪湖农贸市场,1.20,0.80,胡萝卜,湖北,none,2017-05-09,蔬菜,元/斤
华中,1.00,none,2018-08-25,湖北省洪湖农贸市场,1.20,0.80,胡萝卜,湖北,none,2017-05-08,蔬菜,元/斤
华中,1.00,none,2018-08-25,湖北省洪湖农贸市场,1.20,0.80,胡萝卜,湖北,none,2017-05-05,蔬菜,元/斤
华中,1.00,none,2018-08-25,湖北省洪湖农贸市场,1.20,0.80,胡萝卜,湖北,none,2017-05-04,蔬菜,元/斤
华中,1.00,none,2018-08-25,湖北省洪湖农贸市场,1.20,0.80,胡萝卜,湖北,none,2017-05-03,蔬菜,元/斤
华中,1.00,none,2018-08-25,湖北省洪湖农贸市场,1.20,0.80,胡萝卜,湖北,none,2017-05-02,蔬菜,元/斤
华中,1.00,none,2018-08-25,湖北省洪湖农贸市场,1.20,0.80,胡萝卜,湖北,none,2017-04-28,蔬菜,元/斤
华中,1.00,none,2018-08-25,湖北省洪湖农贸市场,1.20,0.80,胡萝卜,湖北,none,2017-04-27,蔬菜,元/斤
华中,1.00,none,2018-08-25,湖北省洪湖农贸市场,1.20,0.80,胡萝卜,湖北,none,2017-04-26,蔬菜,元/斤
华中,1.00,none,2018-08-25,湖北省洪湖农贸市场,1.20,0.80,胡萝卜,湖北,none,2017-04-25,蔬菜,元/斤
华中,1.10,none,2018-08-25,湖北省洪湖农贸市场,1.40,0.90,胡萝卜,湖北,none,2017-07-28,蔬菜,元/斤
华中,1.10,none,2018-08-25,湖北省洪湖农贸市场,1.40,0.90,胡萝卜,湖北,none,2017-07-27,蔬菜,元/斤
华中,1.10,none,2018-08-25,湖北省洪湖农贸市场,1.40,0.90,胡萝卜,湖北,none,2017-07-26,蔬菜,元/斤
华中,1.10,none,2018-08-25,湖北省洪湖农贸市场,1.40,0.90,胡萝卜,湖北,none,2017-07-25,蔬菜,元/斤
华中,1.10,none,2018-08-25,湖北省洪湖农贸市场,1.40,0.90,胡萝卜,湖北,none,2017-07-24,蔬菜,元/斤
华中,1.10,none,2018-08-25,湖北省洪湖农贸市场,1.40,0.90,胡萝卜,湖北,none,2017-07-21,蔬菜,元/斤
华中,1.10,none,2018-08-25,湖北省洪湖农贸市场,1.40,0.90,胡萝卜,湖北,none,2017-07-20,蔬菜,元/斤
华中,1.10,none,2018-08-25,湖北省洪湖农贸市场,1.40,0.90,胡萝卜,湖北,none,2017-07-19,蔬菜,元/斤
华中,1.10,none,2018-08-25,湖北省洪湖农贸市场,1.40,0.90,胡萝卜,湖北,none,2017-07-13,蔬菜,元/斤
华中,1.10,none,2018-08-25,湖北省洪湖农贸市场,1.40,0.90,胡萝卜,湖北,none,2017-07-12,蔬菜,元/斤
华中,1.10,none,2018-08-25,湖北省洪湖农贸市场,1.40,0.90,胡萝卜,湖北,none,2017-07-11,蔬菜,元/斤
华中,1.10,none,2018-08-25,湖北省洪湖农贸市场,1.40,0.90,胡萝卜,湖北,none,2017-07-10,蔬菜,元/斤
华中,1.10,none,2018-08-25,湖北省洪湖农贸市场,1.40,0.90,胡萝卜,湖北,none,2017-07-08,蔬菜,元/斤
华中,1.10,none,2018-08-25,湖北省洪湖农贸市场,1.40,0.90,胡萝卜,湖北,none,2017-07-07,蔬菜,元/斤
华中,1.10,none,2018-08-25,湖北省洪湖农贸市场,1.40,0.90,胡萝卜,湖北,none,2017-07-06,蔬菜,元/斤
华中,1.10,none,2018-08-25,湖北省洪湖农贸市场,1.40,0.90,胡萝卜,湖北,none,2017-07-05,蔬菜,元/斤
华中,1.10,none,2018-08-25,湖北省洪湖农贸市场,1.40,0.90,胡萝卜,湖北,none,2017-07-04,蔬菜,元/斤
华中,1.10,none,2018-08-25,湖北省洪湖农贸市场,1.40,0.90,胡萝卜,湖北,none,2017-07-03,蔬菜,元/斤
华中,1.10,none,2018-08-25,湖北省洪湖农贸市场,1.40,0.90,胡萝卜,湖北,none,2017-06-30,蔬菜,元/斤
华中,1.10,none,2018-08-25,湖北省洪湖农贸市场,1.40,0.90,胡萝卜,湖北,none,2017-06-29,蔬菜,元/斤
华中,1.10,none,2018-08-25,湖北省洪湖农贸市场,1.40,0.90,胡萝卜,湖北,none,2017-06-27,蔬菜,元/斤
华中,1.10,none,2018-08-25,湖北省洪湖农贸市场,1.40,0.90,胡萝卜,湖北,none,2017-06-23,蔬菜,元/斤
华中,1.10,none,2018-08-25,湖北省洪湖农贸市场,1.40,0.90,胡萝卜,湖北,none,2017-06-21,蔬菜,元/斤
华中,1.10,none,2018-08-25,湖北省洪湖农贸市场,1.40,0.90,胡萝卜,湖北,none,2017-06-20,蔬菜,元/斤
华中,1.10,none,2018-08-25,湖北省洪湖农贸市场,1.40,0.90,胡萝卜,湖北,none,2017-06-15,蔬菜,元/斤
华中,0.90,none,2018-08-25,湖北省洪湖农贸市场,1.10,0.70,胡萝卜,湖北,none,2017-10-09,蔬菜,元/斤
华中,1.00,none,2018-08-25,湖北省洪湖农贸市场,1.30,0.80,胡萝卜,湖北,none,2017-09-30,蔬菜,元/斤
华中,1.00,none,2018-08-25,湖北省洪湖农贸市场,1.30,0.80,胡萝卜,湖北,none,2017-09-29,蔬菜,元/斤
华中,1.00,none,2018-08-25,湖北省洪湖农贸市场,1.30,0.80,胡萝卜,湖北,none,2017-09-28,蔬菜,元/斤
华中,1.00,none,2018-08-25,湖北省洪湖农贸市场,1.30,0.80,胡萝卜,湖北,none,2017-09-27,蔬菜,元/斤
华中,1.00,none,2018-08-25,湖北省洪湖农贸市场,1.30,0.80,胡萝卜,湖北,none,2017-09-26,蔬菜,元/斤
华中,1.00,none,2018-08-25,湖北省洪湖农贸市场,1.30,0.80,胡萝卜,湖北,none,2017-09-22,蔬菜,元/斤
华中,1.00,none,2018-08-25,湖北省洪湖农贸市场,1.30,0.80,胡萝卜,湖北,none,2017-09-21,蔬菜,元/斤
华中,1.00,none,2018-08-25,湖北省洪湖农贸市场,1.30,0.80,胡萝卜,湖北,none,2017-09-20,蔬菜,元/斤
华中,1.00,none,2018-08-25,湖北省洪湖农贸市场,1.30,0.80,胡萝卜,湖北,none,2017-09-19,蔬菜,元/斤
华中,1.10,none,2018-08-25,湖北省洪湖农贸市场,1.40,0.90,胡萝卜,湖北,none,2017-09-08,蔬菜,元/斤
华中,1.10,none,2018-08-25,湖北省洪湖农贸市场,1.40,0.90,胡萝卜,湖北,none,2017-09-07,蔬菜,元/斤
华中,1.10,none,2018-08-25,湖北省洪湖农贸市场,1.40,0.90,胡萝卜,湖北,none,2017-09-04,蔬菜,元/斤
华中,1.10,none,2018-08-25,湖北省洪湖农贸市场,1.40,0.90,胡萝卜,湖北,none,2017-09-01,蔬菜,元/斤
华中,1.10,none,2018-08-25,湖北省洪湖农贸市场,1.40,0.90,胡萝卜,湖北,none,2017-08-31,蔬菜,元/斤
华中,1.10,none,2018-08-25,湖北省洪湖农贸市场,1.40,0.90,胡萝卜,湖北,none,2017-08-30,蔬菜,元/斤
华中,1.10,none,2018-08-25,湖北省洪湖农贸市场,1.40,0.90,胡萝卜,湖北,none,2017-08-29,蔬菜,元/斤
华中,1.10,none,2018-08-25,湖北省洪湖农贸市场,1.40,0.90,胡萝卜,湖北,none,2017-08-21,蔬菜,元/斤
华中,1.10,none,2018-08-25,湖北省洪湖农贸市场,1.40,0.90,胡萝卜,湖北,none,2017-08-16,蔬菜,元/斤
华中,1.10,none,2018-08-25,湖北省洪湖农贸市场,1.40,0.90,胡萝卜,湖北,none,2017-08-15,蔬菜,元/斤
华中,1.10,none,2018-08-25,湖北省洪湖农贸市场,1.40,0.90,胡萝卜,湖北,none,2017-08-14,蔬菜,元/斤
华中,1.10,none,2018-08-25,湖北省洪湖农贸市场,1.40,0.90,胡萝卜,湖北,none,2017-08-10,蔬菜,元/斤
华中,1.10,none,2018-08-25,湖北省洪湖农贸市场,1.40,0.90,胡萝卜,湖北,none,2017-08-08,蔬菜,元/斤
华中,1.10,none,2018-08-25,湖北省洪湖农贸市场,1.40,0.90,胡萝卜,湖北,none,2017-08-03,蔬菜,元/斤
华中,1.10,none,2018-08-25,湖北省洪湖农贸市场,1.40,0.90,胡萝卜,湖北,none,2017-08-02,蔬菜,元/斤
华中,0.80,none,2018-08-25,湖北省洪湖农贸市场,1.00,0.50,胡萝卜,湖北,none,2017-11-23,蔬菜,元/斤
华中,0.80,none,2018-08-25,湖北省洪湖农贸市场,1.00,0.50,胡萝卜,湖北,none,2017-11-22,蔬菜,元/斤
华中,0.80,none,2018-08-25,湖北省洪湖农贸市场,1.00,0.50,胡萝卜,湖北,none,2017-11-21,蔬菜,元/斤
华中,0.80,none,2018-08-25,湖北省洪湖农贸市场,1.00,0.50,胡萝卜,湖北,none,2017-11-20,蔬菜,元/斤
华中,0.80,none,2018-08-25,湖北省洪湖农贸市场,1.00,0.50,胡萝卜,湖北,none,2017-11-16,蔬菜,元/斤
华中,0.80,none,2018-08-25,湖北省洪湖农贸市场,1.00,0.50,胡萝卜,湖北,none,2017-11-14,蔬菜,元/斤
华中,0.80,none,2018-08-25,湖北省洪湖农贸市场,1.00,0.50,胡萝卜,湖北,none,2017-11-13,蔬菜,元/斤
华中,0.80,none,2018-08-25,湖北省洪湖农贸市场,1.00,0.50,胡萝卜,湖北,none,2017-11-10,蔬菜,元/斤
华中,0.80,none,2018-08-25,湖北省洪湖农贸市场,1.00,0.50,胡萝卜,湖北,none,2017-11-09,蔬菜,元/斤
华中,0.80,none,2018-08-25,湖北省洪湖农贸市场,1.00,0.50,胡萝卜,湖北,none,2017-11-08,蔬菜,元/斤
华中,0.80,none,2018-08-25,湖北省洪湖农贸市场,1.00,0.50,胡萝卜,湖北,none,2017-11-07,蔬菜,元/斤
华中,0.80,none,2018-08-25,湖北省洪湖农贸市场,1.00,0.50,胡萝卜,湖北,none,2017-11-06,蔬菜,元/斤
华中,0.90,none,2018-08-25,湖北省洪湖农贸市场,1.20,0.70,胡萝卜,湖北,none,2017-11-03,蔬菜,元/斤
华中,0.90,none,2018-08-25,湖北省洪湖农贸市场,1.20,0.70,胡萝卜,湖北,none,2017-11-02,蔬菜,元/斤
华中,0.90,none,2018-08-25,湖北省洪湖农贸市场,1.20,0.70,胡萝卜,湖北,none,2017-11-01,蔬菜,元/斤
华中,0.90,none,2018-08-25,湖北省洪湖农贸市场,1.20,0.70,胡萝卜,湖北,none,2017-10-26,蔬菜,元/斤
华中,0.90,none,2018-08-25,湖北省洪湖农贸市场,1.20,0.70,胡萝卜,湖北,none,2017-10-25,蔬菜,元/斤
华中,0.90,none,2018-08-25,湖北省洪湖农贸市场,1.20,0.70,胡萝卜,湖北,none,2017-10-24,蔬菜,元/斤
华中,0.90,none,2018-08-25,湖北省洪湖农贸市场,1.20,0.70,胡萝卜,湖北,none,2017-10-20,蔬菜,元/斤
华中,0.90,none,2018-08-25,湖北省洪湖农贸市场,1.20,0.70,胡萝卜,湖北,none,2017-10-19,蔬菜,元/斤
华中,0.90,none,2018-08-25,湖北省洪湖农贸市场,1.20,0.70,胡萝卜,湖北,none,2017-10-18,蔬菜,元/斤
华中,0.90,none,2018-08-25,湖北省洪湖农贸市场,1.20,0.70,胡萝卜,湖北,none,2017-10-16,蔬菜,元/斤
华中,0.90,none,2018-08-25,湖北省洪湖农贸市场,1.20,0.70,胡萝卜,湖北,none,2017-10-13,蔬菜,元/斤
华中,0.90,none,2018-08-25,湖北省洪湖农贸市场,1.20,0.70,胡萝卜,湖北,none,2017-10-12,蔬菜,元/斤
华中,0.90,none,2018-08-25,湖北省洪湖农贸市场,1.10,0.70,胡萝卜,湖北,none,2017-10-11,蔬菜,元/斤
华中,1.00,none,2018-08-25,湖北省洪湖农贸市场,1.30,0.80,胡萝卜,湖北,none,2018-01-12,蔬菜,元/斤
华中,1.00,none,2018-08-25,湖北省洪湖农贸市场,1.30,0.80,胡萝卜,湖北,none,2018-01-11,蔬菜,元/斤
华中,1.00,none,2018-08-25,湖北省洪湖农贸市场,1.30,0.80,胡萝卜,湖北,none,2018-01-10,蔬菜,元/斤
华中,1.00,none,2018-08-25,湖北省洪湖农贸市场,1.30,0.80,胡萝卜,湖北,none,2018-01-09,蔬菜,元/斤
华中,1.00,none,2018-08-25,湖北省洪湖农贸市场,1.30,0.80,胡萝卜,湖北,none,2018-01-05,蔬菜,元/斤
华中,1.00,none,2018-08-25,湖北省洪湖农贸市场,1.30,0.80,胡萝卜,湖北,none,2018-01-04,蔬菜,元/斤
华中,1.00,none,2018-08-25,湖北省洪湖农贸市场,1.30,0.80,胡萝卜,湖北,none,2018-01-03,蔬菜,元/斤
华中,1.00,none,2018-08-25,湖北省洪湖农贸市场,1.30,0.80,胡萝卜,湖北,none,2017-12-28,蔬菜,元/斤
华中,1.00,none,2018-08-25,湖北省洪湖农贸市场,1.30,0.80,胡萝卜,湖北,none,2017-12-26,蔬菜,元/斤
华中,1.00,none,2018-08-25,湖北省洪湖农贸市场,1.30,0.80,胡萝卜,湖北,none,2017-12-22,蔬菜,元/斤
华中,1.00,none,2018-08-25,湖北省洪湖农贸市场,1.30,0.80,胡萝卜,湖北,none,2017-12-20,蔬菜,元/斤
华中,1.00,none,2018-08-25,湖北省洪湖农贸市场,1.30,0.80,胡萝卜,湖北,none,2017-12-19,蔬菜,元/斤
华中,1.00,none,2018-08-25,湖北省洪湖农贸市场,1.30,0.80,胡萝卜,湖北,none,2017-12-13,蔬菜,元/斤
华中,1.00,none,2018-08-25,湖北省洪湖农贸市场,1.30,0.80,胡萝卜,湖北,none,2017-12-12,蔬菜,元/斤
华中,1.00,none,2018-08-25,湖北省洪湖农贸市场,1.30,0.80,胡萝卜,湖北,none,2017-12-11,蔬菜,元/斤
华中,1.00,none,2018-08-25,湖北省洪湖农贸市场,1.30,0.80,胡萝卜,湖北,none,2017-12-08,蔬菜,元/斤
华中,1.00,none,2018-08-25,湖北省洪湖农贸市场,1.30,0.80,胡萝卜,湖北,none,2017-12-07,蔬菜,元/斤
华中,1.00,none,2018-08-25,湖北省洪湖农贸市场,1.30,0.80,胡萝卜,湖北,none,2017-12-06,蔬菜,元/斤
华中,1.00,none,2018-08-25,湖北省洪湖农贸市场,1.30,0.80,胡萝卜,湖北,none,2017-12-05,蔬菜,元/斤
华中,1.00,none,2018-08-25,湖北省洪湖农贸市场,1.30,0.80,胡萝卜,湖北,none,2017-12-04,蔬菜,元/斤
华中,1.00,none,2018-08-25,湖北省洪湖农贸市场,1.30,0.80,胡萝卜,湖北,none,2017-12-01,蔬菜,元/斤
华中,1.00,none,2018-08-25,湖北省洪湖农贸市场,1.30,0.80,胡萝卜,湖北,none,2017-11-30,蔬菜,元/斤
华中,1.00,none,2018-08-25,湖北省洪湖农贸市场,1.30,0.80,胡萝卜,湖北,none,2017-11-29,蔬菜,元/斤
华中,1.00,none,2018-08-25,湖北省洪湖农贸市场,1.30,0.80,胡萝卜,湖北,none,2017-11-28,蔬菜,元/斤
华中,1.00,none,2018-08-25,湖北省洪湖农贸市场,1.30,0.80,胡萝卜,湖北,none,2017-11-27,蔬菜,元/斤
华中,1.50,none,2018-08-25,湖北省洪湖农贸市场,1.80,1.00,胡萝卜,湖北,none,2018-03-05,蔬菜,元/斤
华中,1.60,none,2018-08-25,湖北省洪湖农贸市场,2.00,1.20,胡萝卜,湖北,none,2018-03-02,蔬菜,元/斤
华中,1.60,none,2018-08-25,湖北省洪湖农贸市场,2.00,1.20,胡萝卜,湖北,none,2018-02-28,蔬菜,元/斤
华中,1.60,none,2018-08-25,湖北省洪湖农贸市场,2.00,1.20,胡萝卜,湖北,none,2018-02-26,蔬菜,元/斤
华中,1.60,none,2018-08-25,湖北省洪湖农贸市场,2.00,1.20,胡萝卜,湖北,none,2018-02-22,蔬菜,元/斤
华中,1.10,none,2018-08-25,湖北省洪湖农贸市场,1.50,0.90,胡萝卜,湖北,none,2018-02-14,蔬菜,元/斤
华中,1.10,none,2018-08-25,湖北省洪湖农贸市场,1.50,0.90,胡萝卜,湖北,none,2018-02-13,蔬菜,元/斤
华中,1.10,none,2018-08-25,湖北省洪湖农贸市场,1.50,0.90,胡萝卜,湖北,none,2018-02-11,蔬菜,元/斤
华中,1.10,none,2018-08-25,湖北省洪湖农贸市场,1.50,0.90,胡萝卜,湖北,none,2018-02-08,蔬菜,元/斤
华中,1.10,none,2018-08-25,湖北省洪湖农贸市场,1.50,0.90,胡萝卜,湖北,none,2018-02-06,蔬菜,元/斤
华中,1.10,none,2018-08-25,湖北省洪湖农贸市场,1.50,0.90,胡萝卜,湖北,none,2018-02-05,蔬菜,元/斤
华中,1.10,none,2018-08-25,湖北省洪湖农贸市场,1.50,0.90,胡萝卜,湖北,none,2018-02-02,蔬菜,元/斤
华中,1.10,none,2018-08-25,湖北省洪湖农贸市场,1.50,0.90,胡萝卜,湖北,none,2018-02-01,蔬菜,元/斤
华中,1.10,none,2018-08-25,湖北省洪湖农贸市场,1.50,0.90,胡萝卜,湖北,none,2018-01-31,蔬菜,元/斤
华中,1.00,none,2018-08-25,湖北省洪湖农贸市场,1.30,0.80,胡萝卜,湖北,none,2018-01-30,蔬菜,元/斤
华中,1.00,none,2018-08-25,湖北省洪湖农贸市场,1.30,0.80,胡萝卜,湖北,none,2018-01-29,蔬菜,元/斤
华中,1.00,none,2018-08-25,湖北省洪湖农贸市场,1.30,0.80,胡萝卜,湖北,none,2018-01-28,蔬菜,元/斤
华中,1.00,none,2018-08-25,湖北省洪湖农贸市场,1.30,0.80,胡萝卜,湖北,none,2018-01-27,蔬菜,元/斤
华中,1.00,none,2018-08-25,湖北省洪湖农贸市场,1.30,0.80,胡萝卜,湖北,none,2018-01-26,蔬菜,元/斤
华中,1.00,none,2018-08-25,湖北省洪湖农贸市场,1.30,0.80,胡萝卜,湖北,none,2018-01-25,蔬菜,元/斤
华中,1.00,none,2018-08-25,湖北省洪湖农贸市场,1.30,0.80,胡萝卜,湖北,none,2018-01-24,蔬菜,元/斤
华中,1.00,none,2018-08-25,湖北省洪湖农贸市场,1.30,0.80,胡萝卜,湖北,none,2018-01-23,蔬菜,元/斤
华中,1.00,none,2018-08-25,湖北省洪湖农贸市场,1.30,0.80,胡萝卜,湖北,none,2018-01-19,蔬菜,元/斤
华中,1.00,none,2018-08-25,湖北省洪湖农贸市场,1.30,0.80,胡萝卜,湖北,none,2018-01-17,蔬菜,元/斤
华中,1.00,none,2018-08-25,湖北省洪湖农贸市场,1.30,0.80,胡萝卜,湖北,none,2018-01-15,蔬菜,元/斤
华中,1.30,none,2018-08-25,湖北省洪湖农贸市场,1.50,1.00,胡萝卜,湖北,none,2018-04-24,蔬菜,元/斤
华中,1.30,none,2018-08-25,湖北省洪湖农贸市场,1.50,1.00,胡萝卜,湖北,none,2018-04-20,蔬菜,元/斤
华中,1.30,none,2018-08-25,湖北省洪湖农贸市场,1.50,1.00,胡萝卜,湖北,none,2018-04-19,蔬菜,元/斤
华中,1.30,none,2018-08-25,湖北省洪湖农贸市场,1.50,1.00,胡萝卜,湖北,none,2018-04-17,蔬菜,元/斤
华中,1.30,none,2018-08-25,湖北省洪湖农贸市场,1.50,1.00,胡萝卜,湖北,none,2018-04-16,蔬菜,元/斤
华中,1.00,none,2018-08-25,湖北省洪湖农贸市场,1.20,0.70,胡萝卜,湖北,none,2018-04-13,蔬菜,元/斤
华中,1.00,none,2018-08-25,湖北省洪湖农贸市场,1.20,0.70,胡萝卜,湖北,none,2018-04-12,蔬菜,元/斤
华中,1.00,none,2018-08-25,湖北省洪湖农贸市场,1.20,0.70,胡萝卜,湖北,none,2018-04-08,蔬菜,元/斤
华中,1.30,none,2018-08-25,湖北省洪湖农贸市场,1.50,0.90,胡萝卜,湖北,none,2018-03-30,蔬菜,元/斤
华中,1.30,none,2018-08-25,湖北省洪湖农贸市场,1.50,0.90,胡萝卜,湖北,none,2018-03-29,蔬菜,元/斤
华中,1.30,none,2018-08-25,湖北省洪湖农贸市场,1.50,0.90,胡萝卜,湖北,none,2018-03-28,蔬菜,元/斤
华中,1.30,none,2018-08-25,湖北省洪湖农贸市场,1.50,0.90,胡萝卜,湖北,none,2018-03-27,蔬菜,元/斤
华中,1.30,none,2018-08-25,湖北省洪湖农贸市场,1.50,0.90,胡萝卜,湖北,none,2018-03-26,蔬菜,元/斤
华中,1.30,none,2018-08-25,湖北省洪湖农贸市场,1.50,0.90,胡萝卜,湖北,none,2018-03-23,蔬菜,元/斤
华中,1.30,none,2018-08-25,湖北省洪湖农贸市场,1.50,0.90,胡萝卜,湖北,none,2018-03-22,蔬菜,元/斤
华中,1.30,none,2018-08-25,湖北省洪湖农贸市场,1.50,0.90,胡萝卜,湖北,none,2018-03-21,蔬菜,元/斤
华中,1.30,none,2018-08-25,湖北省洪湖农贸市场,1.60,0.90,胡萝卜,湖北,none,2018-03-19,蔬菜,元/斤
华中,1.50,none,2018-08-25,湖北省洪湖农贸市场,1.80,1.00,胡萝卜,湖北,none,2018-03-15,蔬菜,元/斤
华中,1.50,none,2018-08-25,湖北省洪湖农贸市场,1.80,1.00,胡萝卜,湖北,none,2018-03-14,蔬菜,元/斤
华中,1.50,none,2018-08-25,湖北省洪湖农贸市场,1.80,1.00,胡萝卜,湖北,none,2018-03-13,蔬菜,元/斤
华中,1.50,none,2018-08-25,湖北省洪湖农贸市场,1.80,1.00,胡萝卜,湖北,none,2018-03-12,蔬菜,元/斤
华中,1.50,none,2018-08-25,湖北省洪湖农贸市场,1.80,1.00,胡萝卜,湖北,none,2018-03-09,蔬菜,元/斤
华中,1.50,none,2018-08-25,湖北省洪湖农贸市场,1.80,1.00,胡萝卜,湖北,none,2018-03-08,蔬菜,元/斤
华中,1.50,none,2018-08-25,湖北省洪湖农贸市场,1.80,1.00,胡萝卜,湖北,none,2018-03-07,蔬菜,元/斤
华中,1.50,none,2018-08-25,湖北省洪湖农贸市场,1.80,1.00,胡萝卜,湖北,none,2018-03-06,蔬菜,元/斤
华中,0.90,none,2018-08-25,湖北省洪湖农贸市场,1.10,0.70,葱头,湖北,none,2017-04-14,蔬菜,元/斤
华中,0.90,none,2018-08-25,湖北省洪湖农贸市场,1.10,0.70,葱头,湖北,none,2017-04-12,蔬菜,元/斤
华中,0.90,none,2018-08-25,湖北省洪湖农贸市场,1.10,0.70,葱头,湖北,none,2017-04-11,蔬菜,元/斤
华中,0.90,none,2018-08-25,湖北省洪湖农贸市场,1.10,0.70,葱头,湖北,none,2017-04-10,蔬菜,元/斤
华中,0.90,none,2018-08-25,湖北省洪湖农贸市场,1.10,0.70,葱头,湖北,none,2017-04-06,蔬菜,元/斤
华中,0.90,none,2018-08-25,湖北省洪湖农贸市场,1.10,0.70,葱头,湖北,none,2017-04-05,蔬菜,元/斤
华中,1.10,none,2018-08-25,湖北省洪湖农贸市场,1.30,0.90,葱头,湖北,none,2017-04-01,蔬菜,元/斤
华中,1.10,none,2018-08-25,湖北省洪湖农贸市场,1.30,0.90,葱头,湖北,none,2017-03-31,蔬菜,元/斤
华中,1.10,none,2018-08-25,湖北省洪湖农贸市场,1.30,0.90,葱头,湖北,none,2017-03-30,蔬菜,元/斤
华中,1.10,none,2018-08-25,湖北省洪湖农贸市场,1.30,0.90,葱头,湖北,none,2017-03-29,蔬菜,元/斤
华中,1.10,none,2018-08-25,湖北省洪湖农贸市场,1.30,0.90,葱头,湖北,none,2017-03-28,蔬菜,元/斤
华中,1.10,none,2018-08-25,湖北省洪湖农贸市场,1.30,0.90,葱头,湖北,none,2017-03-23,蔬菜,元/斤
华中,1.10,none,2018-08-25,湖北省洪湖农贸市场,1.30,0.90,葱头,湖北,none,2017-03-22,蔬菜,元/斤
华中,1.10,none,2018-08-25,湖北省洪湖农贸市场,1.30,0.90,葱头,湖北,none,2017-03-21,蔬菜,元/斤
华中,1.10,none,2018-08-25,湖北省洪湖农贸市场,1.30,0.90,葱头,湖北,none,2017-03-20,蔬菜,元/斤
华中,1.10,none,2018-08-25,湖北省洪湖农贸市场,1.30,0.90,葱头,湖北,none,2017-03-17,蔬菜,元/斤
华中,1.10,none,2018-08-25,湖北省洪湖农贸市场,1.30,0.90,葱头,湖北,none,2017-03-07,蔬菜,元/斤
华中,1.10,none,2018-08-25,湖北省洪湖农贸市场,1.30,0.90,葱头,湖北,none,2017-03-04,蔬菜,元/斤
华中,1.10,none,2018-08-25,湖北省洪湖农贸市场,1.30,0.90,葱头,湖北,none,2017-03-03,蔬菜,元/斤
华中,1.10,none,2018-08-25,湖北省洪湖农贸市场,1.30,0.90,葱头,湖北,none,2017-03-02,蔬菜,元/斤
华中,1.10,none,2018-08-25,湖北省洪湖农贸市场,1.30,0.90,葱头,湖北,none,2017-03-01,蔬菜,元/斤
华中,1.10,none,2018-08-25,湖北省洪湖农贸市场,1.30,0.90,葱头,湖北,none,2017-02-28,蔬菜,元/斤
华中,1.10,none,2018-08-25,湖北省洪湖农贸市场,1.30,0.90,葱头,湖北,none,2017-02-27,蔬菜,元/斤
华中,1.10,none,2018-08-25,湖北省洪湖农贸市场,1.30,0.90,葱头,湖北,none,2017-02-24,蔬菜,元/斤
华中,1.10,none,2018-08-25,湖北省洪湖农贸市场,1.30,0.90,葱头,湖北,none,2017-02-23,蔬菜,元/斤
华中,0.90,none,2018-08-25,湖北省洪湖农贸市场,1.10,0.70,葱头,湖北,none,2017-06-08,蔬菜,元/斤
华中,0.90,none,2018-08-25,湖北省洪湖农贸市场,1.10,0.70,葱头,湖北,none,2017-06-06,蔬菜,元/斤
华中,0.90,none,2018-08-25,湖北省洪湖农贸市场,1.10,0.70,葱头,湖北,none,2017-06-05,蔬菜,元/斤
华中,0.90,none,2018-08-25,湖北省洪湖农贸市场,1.10,0.70,葱头,湖北,none,2017-06-01,蔬菜,元/斤
华中,0.90,none,2018-08-25,湖北省洪湖农贸市场,1.10,0.70,葱头,湖北,none,2017-05-31,蔬菜,元/斤
华中,0.90,none,2018-08-25,湖北省洪湖农贸市场,1.10,0.70,葱头,湖北,none,2017-05-24,蔬菜,元/斤
华中,0.90,none,2018-08-25,湖北省洪湖农贸市场,1.10,0.70,葱头,湖北,none,2017-05-23,蔬菜,元/斤
华中,0.90,none,2018-08-25,湖北省洪湖农贸市场,1.10,0.70,葱头,湖北,none,2017-05-22,蔬菜,元/斤
华中,0.90,none,2018-08-25,湖北省洪湖农贸市场,1.10,0.70,葱头,湖北,none,2017-05-17,蔬菜,元/斤
华中,0.90,none,2018-08-25,湖北省洪湖农贸市场,1.10,0.70,葱头,湖北,none,2017-05-15,蔬菜,元/斤
华中,0.90,none,2018-08-25,湖北省洪湖农贸市场,1.10,0.70,葱头,湖北,none,2017-05-12,蔬菜,元/斤
华中,0.90,none,2018-08-25,湖北省洪湖农贸市场,1.10,0.70,葱头,湖北,none,2017-05-10,蔬菜,元/斤
华中,0.90,none,2018-08-25,湖北省洪湖农贸市场,1.10,0.70,葱头,湖北,none,2017-05-09,蔬菜,元/斤
华中,0.90,none,2018-08-25,湖北省洪湖农贸市场,1.10,0.70,葱头,湖北,none,2017-05-08,蔬菜,元/斤
华中,0.90,none,2018-08-25,湖北省洪湖农贸市场,1.10,0.70,葱头,湖北,none,2017-05-05,蔬菜,元/斤
华中,0.90,none,2018-08-25,湖北省洪湖农贸市场,1.10,0.70,葱头,湖北,none,2017-05-04,蔬菜,元/斤
华中,0.90,none,2018-08-25,湖北省洪湖农贸市场,1.10,0.70,葱头,湖北,none,2017-05-03,蔬菜,元/斤
华中,0.90,none,2018-08-25,湖北省洪湖农贸市场,1.10,0.70,葱头,湖北,none,2017-05-02,蔬菜,元/斤
华中,0.90,none,2018-08-25,湖北省洪湖农贸市场,1.10,0.70,葱头,湖北,none,2017-04-28,蔬菜,元/斤
华中,0.90,none,2018-08-25,湖北省洪湖农贸市场,1.10,0.70,葱头,湖北,none,2017-04-27,蔬菜,元/斤
华中,0.90,none,2018-08-25,湖北省洪湖农贸市场,1.10,0.70,葱头,湖北,none,2017-04-26,蔬菜,元/斤
华中,0.90,none,2018-08-25,湖北省洪湖农贸市场,1.10,0.70,葱头,湖北,none,2017-04-25,蔬菜,元/斤
华中,0.90,none,2018-08-25,湖北省洪湖农贸市场,1.10,0.70,葱头,湖北,none,2017-04-20,蔬菜,元/斤
华中,0.90,none,2018-08-25,湖北省洪湖农贸市场,1.10,0.70,葱头,湖北,none,2017-04-18,蔬菜,元/斤
华中,0.90,none,2018-08-25,湖北省洪湖农贸市场,1.10,0.70,葱头,湖北,none,2017-04-17,蔬菜,元/斤
华中,0.70,none,2018-08-25,湖北省洪湖农贸市场,0.90,0.40,葱头,湖北,none,2017-07-26,蔬菜,元/斤
华中,0.70,none,2018-08-25,湖北省洪湖农贸市场,0.90,0.40,葱头,湖北,none,2017-07-25,蔬菜,元/斤
华中,0.90,none,2018-08-25,湖北省洪湖农贸市场,1.10,0.70,葱头,湖北,none,2017-07-21,蔬菜,元/斤
华中,0.90,none,2018-08-25,湖北省洪湖农贸市场,1.10,0.70,葱头,湖北,none,2017-07-20,蔬菜,元/斤
华中,0.90,none,2018-08-25,湖北省洪湖农贸市场,1.10,0.70,葱头,湖北,none,2017-07-19,蔬菜,元/斤
华中,0.90,none,2018-08-25,湖北省洪湖农贸市场,1.10,0.70,葱头,湖北,none,2017-07-13,蔬菜,元/斤
华中,0.90,none,2018-08-25,湖北省洪湖农贸市场,1.10,0.70,葱头,湖北,none,2017-07-12,蔬菜,元/斤
华中,0.90,none,2018-08-25,湖北省洪湖农贸市场,1.10,0.70,葱头,湖北,none,2017-07-11,蔬菜,元/斤
华中,0.90,none,2018-08-25,湖北省洪湖农贸市场,1.10,0.70,葱头,湖北,none,2017-07-10,蔬菜,元/斤
华中,0.90,none,2018-08-25,湖北省洪湖农贸市场,1.10,0.70,葱头,湖北,none,2017-07-08,蔬菜,元/斤
华中,0.90,none,2018-08-25,湖北省洪湖农贸市场,1.10,0.70,葱头,湖北,none,2017-07-07,蔬菜,元/斤
华中,0.90,none,2018-08-25,湖北省洪湖农贸市场,1.10,0.70,葱头,湖北,none,2017-07-06,蔬菜,元/斤
华中,0.90,none,2018-08-25,湖北省洪湖农贸市场,1.10,0.70,葱头,湖北,none,2017-07-05,蔬菜,元/斤
华中,0.90,none,2018-08-25,湖北省洪湖农贸市场,1.10,0.70,葱头,湖北,none,2017-07-04,蔬菜,元/斤
华中,0.90,none,2018-08-25,湖北省洪湖农贸市场,1.10,0.70,葱头,湖北,none,2017-07-03,蔬菜,元/斤
华中,0.90,none,2018-08-25,湖北省洪湖农贸市场,1.10,0.70,葱头,湖北,none,2017-06-30,蔬菜,元/斤
华中,0.90,none,2018-08-25,湖北省洪湖农贸市场,1.10,0.70,葱头,湖北,none,2017-06-29,蔬菜,元/斤
华中,0.90,none,2018-08-25,湖北省洪湖农贸市场,1.10,0.70,葱头,湖北,none,2017-06-27,蔬菜,元/斤
华中,0.90,none,2018-08-25,湖北省洪湖农贸市场,1.10,0.70,葱头,湖北,none,2017-06-23,蔬菜,元/斤
华中,0.90,none,2018-08-25,湖北省洪湖农贸市场,1.10,0.70,葱头,湖北,none,2017-06-21,蔬菜,元/斤
华中,0.90,none,2018-08-25,湖北省洪湖农贸市场,1.10,0.70,葱头,湖北,none,2017-06-20,蔬菜,元/斤
华中,0.90,none,2018-08-25,湖北省洪湖农贸市场,1.10,0.70,葱头,湖北,none,2017-06-15,蔬菜,元/斤
华中,0.90,none,2018-08-25,湖北省洪湖农贸市场,1.10,0.70,葱头,湖北,none,2017-06-14,蔬菜,元/斤
华中,0.90,none,2018-08-25,湖北省洪湖农贸市场,1.10,0.70,葱头,湖北,none,2017-06-13,蔬菜,元/斤
华中,0.90,none,2018-08-25,湖北省洪湖农贸市场,1.10,0.70,葱头,湖北,none,2017-06-12,蔬菜,元/斤
华中,0.60,none,2018-08-25,湖北省洪湖农贸市场,0.70,0.40,葱头,湖北,none,2017-09-30,蔬菜,元/斤
华中,0.60,none,2018-08-25,湖北省洪湖农贸市场,0.70,0.40,葱头,湖北,none,2017-09-29,蔬菜,元/斤
华中,0.60,none,2018-08-25,湖北省洪湖农贸市场,0.70,0.40,葱头,湖北,none,2017-09-28,蔬菜,元/斤
华中,0.60,none,2018-08-25,湖北省洪湖农贸市场,0.70,0.40,葱头,湖北,none,2017-09-27,蔬菜,元/斤
华中,0.60,none,2018-08-25,湖北省洪湖农贸市场,0.70,0.40,葱头,湖北,none,2017-09-26,蔬菜,元/斤
华中,0.60,none,2018-08-25,湖北省洪湖农贸市场,0.70,0.40,葱头,湖北,none,2017-09-22,蔬菜,元/斤
华中,0.60,none,2018-08-25,湖北省洪湖农贸市场,0.70,0.40,葱头,湖北,none,2017-09-21,蔬菜,元/斤
华中,0.60,none,2018-08-25,湖北省洪湖农贸市场,0.70,0.40,葱头,湖北,none,2017-09-20,蔬菜,元/斤
华中,0.60,none,2018-08-25,湖北省洪湖农贸市场,0.70,0.40,葱头,湖北,none,2017-09-19,蔬菜,元/斤
华中,0.60,none,2018-08-25,湖北省洪湖农贸市场,0.70,0.40,葱头,湖北,none,2017-09-08,蔬菜,元/斤
华中,0.60,none,2018-08-25,湖北省洪湖农贸市场,0.70,0.40,葱头,湖北,none,2017-09-07,蔬菜,元/斤
华中,0.60,none,2018-08-25,湖北省洪湖农贸市场,0.70,0.40,葱头,湖北,none,2017-09-04,蔬菜,元/斤
华中,0.60,none,2018-08-25,湖北省洪湖农贸市场,0.70,0.40,葱头,湖北,none,2017-09-01,蔬菜,元/斤
华中,0.60,none,2018-08-25,湖北省洪湖农贸市场,0.70,0.40,葱头,湖北,none,2017-08-31,蔬菜,元/斤
华中,0.60,none,2018-08-25,湖北省洪湖农贸市场,0.70,0.40,葱头,湖北,none,2017-08-30,蔬菜,元/斤
华中,0.60,none,2018-08-25,湖北省洪湖农贸市场,0.70,0.40,葱头,湖北,none,2017-08-29,蔬菜,元/斤
华中,0.60,none,2018-08-25,湖北省洪湖农贸市场,0.70,0.40,葱头,湖北,none,2017-08-21,蔬菜,元/斤
华中,0.60,none,2018-08-25,湖北省洪湖农贸市场,0.70,0.40,葱头,湖北,none,2017-08-16,蔬菜,元/斤
华中,0.60,none,2018-08-25,湖北省洪湖农贸市场,0.70,0.40,葱头,湖北,none,2017-08-15,蔬菜,元/斤
华中,0.60,none,2018-08-25,湖北省洪湖农贸市场,0.70,0.40,葱头,湖北,none,2017-08-14,蔬菜,元/斤
华中,0.60,none,2018-08-25,湖北省洪湖农贸市场,0.70,0.40,葱头,湖北,none,2017-08-10,蔬菜,元/斤
华中,0.60,none,2018-08-25,湖北省洪湖农贸市场,0.70,0.40,葱头,湖北,none,2017-08-08,蔬菜,元/斤
华中,0.70,none,2018-08-25,湖北省洪湖农贸市场,0.90,0.40,葱头,湖北,none,2017-08-03,蔬菜,元/斤
华中,0.70,none,2018-08-25,湖北省洪湖农贸市场,0.90,0.40,葱头,湖北,none,2017-07-28,蔬菜,元/斤
华中,0.70,none,2018-08-25,湖北省洪湖农贸市场,0.90,0.40,葱头,湖北,none,2017-07-27,蔬菜,元/斤
华中,1.15,none,2018-08-25,湖北省洪湖农贸市场,1.25,0.95,葱头,湖北,none,2017-11-23,蔬菜,元/斤
华中,1.15,none,2018-08-25,湖北省洪湖农贸市场,1.25,0.95,葱头,湖北,none,2017-11-22,蔬菜,元/斤
华中,1.15,none,2018-08-25,湖北省洪湖农贸市场,1.25,0.95,葱头,湖北,none,2017-11-21,蔬菜,元/斤
华中,1.15,none,2018-08-25,湖北省洪湖农贸市场,1.25,0.95,葱头,湖北,none,2017-11-20,蔬菜,元/斤
华中,1.15,none,2018-08-25,湖北省洪湖农贸市场,1.25,0.95,葱头,湖北,none,2017-11-16,蔬菜,元/斤
华中,1.15,none,2018-08-25,湖北省洪湖农贸市场,1.25,0.95,葱头,湖北,none,2017-11-14,蔬菜,元/斤
华中,1.15,none,2018-08-25,湖北省洪湖农贸市场,1.25,0.95,葱头,湖北,none,2017-11-13,蔬菜,元/斤
华中,1.15,none,2018-08-25,湖北省洪湖农贸市场,1.25,0.95,葱头,湖北,none,2017-11-10,蔬菜,元/斤
华中,1.15,none,2018-08-25,湖北省洪湖农贸市场,1.25,0.95,葱头,湖北,none,2017-11-09,蔬菜,元/斤
华中,1.15,none,2018-08-25,湖北省洪湖农贸市场,1.25,0.95,葱头,湖北,none,2017-11-08,蔬菜,元/斤
华中,1.15,none,2018-08-25,湖北省洪湖农贸市场,1.25,0.95,葱头,湖北,none,2017-11-07,蔬菜,元/斤
华中,1.15,none,2018-08-25,湖北省洪湖农贸市场,1.25,0.95,葱头,湖北,none,2017-11-06,蔬菜,元/斤
华中,1.15,none,2018-08-25,湖北省洪湖农贸市场,1.25,0.95,葱头,湖北,none,2017-11-03,蔬菜,元/斤
华中,1.15,none,2018-08-25,湖北省洪湖农贸市场,1.25,0.95,葱头,湖北,none,2017-11-02,蔬菜,元/斤
华中,1.15,none,2018-08-25,湖北省洪湖农贸市场,1.25,0.95,葱头,湖北,none,2017-11-01,蔬菜,元/斤
华中,1.15,none,2018-08-25,湖北省洪湖农贸市场,1.25,0.95,葱头,湖北,none,2017-10-26,蔬菜,元/斤
华中,1.15,none,2018-08-25,湖北省洪湖农贸市场,1.25,0.95,葱头,湖北,none,2017-10-25,蔬菜,元/斤
华中,1.15,none,2018-08-25,湖北省洪湖农贸市场,1.25,0.95,葱头,湖北,none,2017-10-24,蔬菜,元/斤
华中,1.15,none,2018-08-25,湖北省洪湖农贸市场,1.25,0.95,葱头,湖北,none,2017-10-20,蔬菜,元/斤
华中,1.15,none,2018-08-25,湖北省洪湖农贸市场,1.25,0.95,葱头,湖北,none,2017-10-19,蔬菜,元/斤
华中,1.15,none,2018-08-25,湖北省洪湖农贸市场,1.25,0.95,葱头,湖北,none,2017-10-18,蔬菜,元/斤
华中,1.15,none,2018-08-25,湖北省洪湖农贸市场,1.25,0.95,葱头,湖北,none,2017-10-16,蔬菜,元/斤
华中,1.15,none,2018-08-25,湖北省洪湖农贸市场,1.25,0.95,葱头,湖北,none,2017-10-12,蔬菜,元/斤
华中,1.15,none,2018-08-25,湖北省洪湖农贸市场,1.25,0.95,葱头,湖北,none,2017-10-11,蔬菜,元/斤
华中,1.15,none,2018-08-25,湖北省洪湖农贸市场,1.25,0.95,葱头,湖北,none,2017-10-09,蔬菜,元/斤
华中,0.80,none,2018-08-25,湖北省洪湖农贸市场,0.90,0.70,葱头,湖北,none,2018-01-12,蔬菜,元/斤
华中,0.80,none,2018-08-25,湖北省洪湖农贸市场,0.90,0.70,葱头,湖北,none,2018-01-11,蔬菜,元/斤
华中,0.80,none,2018-08-25,湖北省洪湖农贸市场,0.90,0.70,葱头,湖北,none,2018-01-10,蔬菜,元/斤
华中,0.80,none,2018-08-25,湖北省洪湖农贸市场,0.90,0.70,葱头,湖北,none,2018-01-09,蔬菜,元/斤
华中,0.80,none,2018-08-25,湖北省洪湖农贸市场,0.90,0.70,葱头,湖北,none,2018-01-05,蔬菜,元/斤
华中,0.80,none,2018-08-25,湖北省洪湖农贸市场,0.90,0.70,葱头,湖北,none,2018-01-04,蔬菜,元/斤
华中,0.80,none,2018-08-25,湖北省洪湖农贸市场,0.90,0.70,葱头,湖北,none,2018-01-03,蔬菜,元/斤
华中,0.80,none,2018-08-25,湖北省洪湖农贸市场,0.90,0.70,葱头,湖北,none,2017-12-28,蔬菜,元/斤
华中,0.80,none,2018-08-25,湖北省洪湖农贸市场,0.90,0.70,葱头,湖北,none,2017-12-26,蔬菜,元/斤
华中,0.80,none,2018-08-25,湖北省洪湖农贸市场,0.90,0.70,葱头,湖北,none,2017-12-22,蔬菜,元/斤
华中,0.80,none,2018-08-25,湖北省洪湖农贸市场,0.90,0.70,葱头,湖北,none,2017-12-20,蔬菜,元/斤
华中,0.80,none,2018-08-25,湖北省洪湖农贸市场,0.90,0.70,葱头,湖北,none,2017-12-19,蔬菜,元/斤
华中,0.80,none,2018-08-25,湖北省洪湖农贸市场,0.90,0.70,葱头,湖北,none,2017-12-13,蔬菜,元/斤
华中,0.80,none,2018-08-25,湖北省洪湖农贸市场,0.90,0.70,葱头,湖北,none,2017-12-12,蔬菜,元/斤
华中,0.80,none,2018-08-25,湖北省洪湖农贸市场,0.90,0.70,葱头,湖北,none,2017-12-11,蔬菜,元/斤
华中,0.80,none,2018-08-25,湖北省洪湖农贸市场,0.90,0.70,葱头,湖北,none,2017-12-08,蔬菜,元/斤
华中,0.80,none,2018-08-25,湖北省洪湖农贸市场,0.90,0.70,葱头,湖北,none,2017-12-07,蔬菜,元/斤
华中,0.80,none,2018-08-25,湖北省洪湖农贸市场,0.90,0.70,葱头,湖北,none,2017-12-06,蔬菜,元/斤
华中,0.80,none,2018-08-25,湖北省洪湖农贸市场,0.90,0.70,葱头,湖北,none,2017-12-05,蔬菜,元/斤
华中,0.80,none,2018-08-25,湖北省洪湖农贸市场,0.90,0.70,葱头,湖北,none,2017-12-04,蔬菜,元/斤
华中,0.80,none,2018-08-25,湖北省洪湖农贸市场,0.90,0.70,葱头,湖北,none,2017-12-01,蔬菜,元/斤
华中,0.80,none,2018-08-25,湖北省洪湖农贸市场,0.90,0.70,葱头,湖北,none,2017-11-30,蔬菜,元/斤
华中,0.80,none,2018-08-25,湖北省洪湖农贸市场,0.90,0.70,葱头,湖北,none,2017-11-29,蔬菜,元/斤
华中,0.90,none,2018-08-25,湖北省洪湖农贸市场,1.00,0.70,葱头,湖北,none,2017-11-28,蔬菜,元/斤
华中,0.90,none,2018-08-25,湖北省洪湖农贸市场,1.10,0.70,葱头,湖北,none,2017-11-27,蔬菜,元/斤
华中,0.90,none,2018-08-25,湖北省洪湖农贸市场,1.10,0.80,葱头,湖北,none,2018-03-05,蔬菜,元/斤
华中,0.90,none,2018-08-25,湖北省洪湖农贸市场,1.10,0.80,葱头,湖北,none,2018-03-02,蔬菜,元/斤
华中,0.90,none,2018-08-25,湖北省洪湖农贸市场,1.10,0.80,葱头,湖北,none,2018-02-28,蔬菜,元/斤
华中,0.90,none,2018-08-25,湖北省洪湖农贸市场,1.10,0.80,葱头,湖北,none,2018-02-26,蔬菜,元/斤
华中,0.90,none,2018-08-25,湖北省洪湖农贸市场,1.10,0.80,葱头,湖北,none,2018-02-22,蔬菜,元/斤
华中,0.90,none,2018-08-25,湖北省洪湖农贸市场,1.10,0.80,葱头,湖北,none,2018-02-14,蔬菜,元/斤
华中,0.90,none,2018-08-25,湖北省洪湖农贸市场,1.10,0.80,葱头,湖北,none,2018-02-13,蔬菜,元/斤
华中,0.90,none,2018-08-25,湖北省洪湖农贸市场,1.10,0.80,葱头,湖北,none,2018-02-11,蔬菜,元/斤
华中,0.90,none,2018-08-25,湖北省洪湖农贸市场,1.10,0.80,葱头,湖北,none,2018-02-08,蔬菜,元/斤
华中,0.90,none,2018-08-25,湖北省洪湖农贸市场,1.10,0.80,葱头,湖北,none,2018-02-06,蔬菜,元/斤
华中,0.90,none,2018-08-25,湖北省洪湖农贸市场,1.10,0.80,葱头,湖北,none,2018-02-05,蔬菜,元/斤
华中,0.90,none,2018-08-25,湖北省洪湖农贸市场,1.10,0.80,葱头,湖北,none,2018-02-02,蔬菜,元/斤
华中,0.90,none,2018-08-25,湖北省洪湖农贸市场,1.10,0.80,葱头,湖北,none,2018-02-01,蔬菜,元/斤
华中,0.80,none,2018-08-25,湖北省洪湖农贸市场,1.00,0.70,葱头,湖北,none,2018-01-31,蔬菜,元/斤
华中,0.80,none,2018-08-25,湖北省洪湖农贸市场,0.90,0.70,葱头,湖北,none,2018-01-30,蔬菜,元/斤
华中,0.80,none,2018-08-25,湖北省洪湖农贸市场,0.90,0.70,葱头,湖北,none,2018-01-29,蔬菜,元/斤
华中,0.80,none,2018-08-25,湖北省洪湖农贸市场,0.90,0.70,葱头,湖北,none,2018-01-28,蔬菜,元/斤
华中,0.80,none,2018-08-25,湖北省洪湖农贸市场,0.90,0.70,葱头,湖北,none,2018-01-27,蔬菜,元/斤
华中,0.80,none,2018-08-25,湖北省洪湖农贸市场,0.90,0.70,葱头,湖北,none,2018-01-26,蔬菜,元/斤
华中,0.80,none,2018-08-25,湖北省洪湖农贸市场,0.90,0.70,葱头,湖北,none,2018-01-25,蔬菜,元/斤
华中,0.80,none,2018-08-25,湖北省洪湖农贸市场,0.90,0.70,葱头,湖北,none,2018-01-24,蔬菜,元/斤
华中,0.80,none,2018-08-25,湖北省洪湖农贸市场,0.90,0.70,葱头,湖北,none,2018-01-23,蔬菜,元/斤
华中,0.80,none,2018-08-25,湖北省洪湖农贸市场,0.90,0.70,葱头,湖北,none,2018-01-19,蔬菜,元/斤
华中,0.80,none,2018-08-25,湖北省洪湖农贸市场,0.90,0.70,葱头,湖北,none,2018-01-17,蔬菜,元/斤
华中,0.80,none,2018-08-25,湖北省洪湖农贸市场,0.90,0.70,葱头,湖北,none,2018-01-15,蔬菜,元/斤
华中,0.90,none,2018-08-25,湖北省洪湖农贸市场,1.10,0.80,葱头,湖北,none,2018-04-25,蔬菜,元/斤
华中,0.90,none,2018-08-25,湖北省洪湖农贸市场,1.10,0.80,葱头,湖北,none,2018-04-24,蔬菜,元/斤
华中,0.90,none,2018-08-25,湖北省洪湖农贸市场,1.10,0.80,葱头,湖北,none,2018-04-20,蔬菜,元/斤
华中,0.90,none,2018-08-25,湖北省洪湖农贸市场,1.10,0.80,葱头,湖北,none,2018-04-19,蔬菜,元/斤
华中,0.90,none,2018-08-25,湖北省洪湖农贸市场,1.10,0.80,葱头,湖北,none,2018-04-17,蔬菜,元/斤
华中,0.90,none,2018-08-25,湖北省洪湖农贸市场,1.10,0.80,葱头,湖北,none,2018-04-16,蔬菜,元/斤
华中,0.90,none,2018-08-25,湖北省洪湖农贸市场,1.10,0.80,葱头,湖北,none,2018-04-13,蔬菜,元/斤
华中,0.90,none,2018-08-25,湖北省洪湖农贸市场,1.10,0.80,葱头,湖北,none,2018-04-12,蔬菜,元/斤
华中,0.90,none,2018-08-25,湖北省洪湖农贸市场,1.10,0.80,葱头,湖北,none,2018-04-08,蔬菜,元/斤
华中,0.90,none,2018-08-25,湖北省洪湖农贸市场,1.10,0.80,葱头,湖北,none,2018-03-30,蔬菜,元/斤
华中,0.90,none,2018-08-25,湖北省洪湖农贸市场,1.10,0.80,葱头,湖北,none,2018-03-29,蔬菜,元/斤
华中,0.90,none,2018-08-25,湖北省洪湖农贸市场,1.10,0.80,葱头,湖北,none,2018-03-28,蔬菜,元/斤
华中,0.90,none,2018-08-25,湖北省洪湖农贸市场,1.10,0.80,葱头,湖北,none,2018-03-27,蔬菜,元/斤
华中,0.90,none,2018-08-25,湖北省洪湖农贸市场,1.10,0.80,葱头,湖北,none,2018-03-26,蔬菜,元/斤
华中,0.90,none,2018-08-25,湖北省洪湖农贸市场,1.10,0.80,葱头,湖北,none,2018-03-23,蔬菜,元/斤
华中,0.90,none,2018-08-25,湖北省洪湖农贸市场,1.10,0.80,葱头,湖北,none,2018-03-22,蔬菜,元/斤
华中,0.90,none,2018-08-25,湖北省洪湖农贸市场,1.10,0.80,葱头,湖北,none,2018-03-21,蔬菜,元/斤
华中,0.90,none,2018-08-25,湖北省洪湖农贸市场,1.10,0.80,葱头,湖北,none,2018-03-19,蔬菜,元/斤
华中,0.90,none,2018-08-25,湖北省洪湖农贸市场,1.10,0.80,葱头,湖北,none,2018-03-15,蔬菜,元/斤
华中,0.90,none,2018-08-25,湖北省洪湖农贸市场,1.10,0.80,葱头,湖北,none,2018-03-14,蔬菜,元/斤
华中,0.90,none,2018-08-25,湖北省洪湖农贸市场,1.10,0.80,葱头,湖北,none,2018-03-13,蔬菜,元/斤
华中,0.90,none,2018-08-25,湖北省洪湖农贸市场,1.10,0.80,葱头,湖北,none,2018-03-12,蔬菜,元/斤
华中,0.90,none,2018-08-25,湖北省洪湖农贸市场,1.10,0.80,葱头,湖北,none,2018-03-09,蔬菜,元/斤
华中,0.90,none,2018-08-25,湖北省洪湖农贸市场,1.10,0.80,葱头,湖北,none,2018-03-08,蔬菜,元/斤
华中,0.90,none,2018-08-25,湖北省洪湖农贸市场,1.10,0.80,葱头,湖北,none,2018-03-06,蔬菜,元/斤
华中,2.60,none,2018-08-25,湖北省洪湖农贸市场,3.00,2.30,小葱,湖北,none,2017-06-27,蔬菜,元/斤
华中,2.60,none,2018-08-25,湖北省洪湖农贸市场,3.00,2.30,小葱,湖北,none,2017-06-23,蔬菜,元/斤
华中,2.60,none,2018-08-25,湖北省洪湖农贸市场,3.00,2.30,小葱,湖北,none,2017-06-21,蔬菜,元/斤
华中,2.60,none,2018-08-25,湖北省洪湖农贸市场,3.00,2.30,小葱,湖北,none,2017-06-20,蔬菜,元/斤
华中,2.60,none,2018-08-25,湖北省洪湖农贸市场,3.00,2.30,小葱,湖北,none,2017-06-15,蔬菜,元/斤
华中,2.60,none,2018-08-25,湖北省洪湖农贸市场,3.00,2.30,小葱,湖北,none,2017-06-14,蔬菜,元/斤
华中,2.60,none,2018-08-25,湖北省洪湖农贸市场,3.00,2.30,小葱,湖北,none,2017-06-13,蔬菜,元/斤
华中,2.60,none,2018-08-25,湖北省洪湖农贸市场,3.00,2.30,小葱,湖北,none,2017-06-12,蔬菜,元/斤
华中,2.60,none,2018-08-25,湖北省洪湖农贸市场,3.00,2.30,小葱,湖北,none,2017-06-09,蔬菜,元/斤
华中,2.60,none,2018-08-25,湖北省洪湖农贸市场,3.00,2.30,小葱,湖北,none,2017-06-08,蔬菜,元/斤
华中,2.60,none,2018-08-25,湖北省洪湖农贸市场,3.00,2.30,小葱,湖北,none,2017-06-06,蔬菜,元/斤
华中,2.60,none,2018-08-25,湖北省洪湖农贸市场,3.00,2.30,小葱,湖北,none,2017-06-05,蔬菜,元/斤
华中,2.60,none,2018-08-25,湖北省洪湖农贸市场,3.00,2.30,小葱,湖北,none,2017-06-01,蔬菜,元/斤
华中,2.60,none,2018-08-25,湖北省洪湖农贸市场,3.00,2.30,小葱,湖北,none,2017-05-31,蔬菜,元/斤
华中,2.60,none,2018-08-25,湖北省洪湖农贸市场,3.00,2.30,小葱,湖北,none,2017-05-24,蔬菜,元/斤
华中,2.60,none,2018-08-25,湖北省洪湖农贸市场,3.00,2.30,小葱,湖北,none,2017-05-23,蔬菜,元/斤
华中,2.60,none,2018-08-25,湖北省洪湖农贸市场,3.00,2.30,小葱,湖北,none,2017-05-22,蔬菜,元/斤
华中,2.60,none,2018-08-25,湖北省洪湖农贸市场,3.00,2.30,小葱,湖北,none,2017-05-17,蔬菜,元/斤
华中,2.60,none,2018-08-25,湖北省洪湖农贸市场,3.00,2.30,小葱,湖北,none,2017-05-15,蔬菜,元/斤
华中,2.60,none,2018-08-25,湖北省洪湖农贸市场,3.00,2.30,小葱,湖北,none,2017-05-12,蔬菜,元/斤
华中,2.60,none,2018-08-25,湖北省洪湖农贸市场,3.00,2.30,小葱,湖北,none,2017-05-10,蔬菜,元/斤
华中,2.60,none,2018-08-25,湖北省洪湖农贸市场,3.00,2.30,小葱,湖北,none,2017-05-09,蔬菜,元/斤
华中,2.60,none,2018-08-25,湖北省洪湖农贸市场,3.00,2.30,小葱,湖北,none,2017-05-08,蔬菜,元/斤
华中,2.60,none,2018-08-25,湖北省洪湖农贸市场,3.00,2.30,小葱,湖北,none,2017-05-05,蔬菜,元/斤
华中,2.60,none,2018-08-25,湖北省洪湖农贸市场,3.00,2.30,小葱,湖北,none,2017-05-04,蔬菜,元/斤
华中,3.50,none,2018-08-25,湖北省洪湖农贸市场,4.00,3.20,小葱,湖北,none,2017-08-15,蔬菜,元/斤
华中,3.50,none,2018-08-25,湖北省洪湖农贸市场,4.00,3.20,小葱,湖北,none,2017-08-14,蔬菜,元/斤
华中,3.50,none,2018-08-25,湖北省洪湖农贸市场,3.90,3.20,小葱,湖北,none,2017-08-10,蔬菜,元/斤
华中,3.40,none,2018-08-25,湖北省洪湖农贸市场,3.80,3.00,小葱,湖北,none,2017-08-08,蔬菜,元/斤
华中,3.00,none,2018-08-25,湖北省洪湖农贸市场,3.50,2.50,小葱,湖北,none,2017-08-03,蔬菜,元/斤
华中,3.00,none,2018-08-25,湖北省洪湖农贸市场,3.50,2.50,小葱,湖北,none,2017-08-02,蔬菜,元/斤
华中,3.00,none,2018-08-25,湖北省洪湖农贸市场,3.50,2.50,小葱,湖北,none,2017-07-28,蔬菜,元/斤
华中,3.00,none,2018-08-25,湖北省洪湖农贸市场,3.50,2.50,小葱,湖北,none,2017-07-27,蔬菜,元/斤
华中,3.00,none,2018-08-25,湖北省洪湖农贸市场,3.50,2.50,小葱,湖北,none,2017-07-26,蔬菜,元/斤
华中,3.00,none,2018-08-25,湖北省洪湖农贸市场,3.50,2.50,小葱,湖北,none,2017-07-25,蔬菜,元/斤
华中,3.00,none,2018-08-25,湖北省洪湖农贸市场,3.50,2.50,小葱,湖北,none,2017-07-24,蔬菜,元/斤
华中,2.60,none,2018-08-25,湖北省洪湖农贸市场,3.00,2.30,小葱,湖北,none,2017-07-21,蔬菜,元/斤
华中,2.60,none,2018-08-25,湖北省洪湖农贸市场,3.00,2.30,小葱,湖北,none,2017-07-20,蔬菜,元/斤
华中,2.60,none,2018-08-25,湖北省洪湖农贸市场,3.00,2.30,小葱,湖北,none,2017-07-19,蔬菜,元/斤
华中,2.60,none,2018-08-25,湖北省洪湖农贸市场,3.00,2.30,小葱,湖北,none,2017-07-13,蔬菜,元/斤
华中,2.60,none,2018-08-25,湖北省洪湖农贸市场,3.00,2.30,小葱,湖北,none,2017-07-12,蔬菜,元/斤
华中,2.60,none,2018-08-25,湖北省洪湖农贸市场,3.00,2.30,小葱,湖北,none,2017-07-11,蔬菜,元/斤
华中,2.60,none,2018-08-25,湖北省洪湖农贸市场,3.00,2.30,小葱,湖北,none,2017-07-10,蔬菜,元/斤
华中,2.60,none,2018-08-25,湖北省洪湖农贸市场,3.00,2.30,小葱,湖北,none,2017-07-08,蔬菜,元/斤
华中,2.60,none,2018-08-25,湖北省洪湖农贸市场,3.00,2.30,小葱,湖北,none,2017-07-06,蔬菜,元/斤
华中,2.60,none,2018-08-25,湖北省洪湖农贸市场,3.00,2.30,小葱,湖北,none,2017-07-05,蔬菜,元/斤
华中,2.60,none,2018-08-25,湖北省洪湖农贸市场,3.00,2.30,小葱,湖北,none,2017-07-04,蔬菜,元/斤
华中,2.60,none,2018-08-25,湖北省洪湖农贸市场,3.00,2.30,小葱,湖北,none,2017-07-03,蔬菜,元/斤
华中,2.60,none,2018-08-25,湖北省洪湖农贸市场,3.00,2.30,小葱,湖北,none,2017-06-30,蔬菜,元/斤
华中,2.60,none,2018-08-25,湖北省洪湖农贸市场,3.00,2.30,小葱,湖北,none,2017-06-29,蔬菜,元/斤
华中,3.50,none,2018-08-25,湖北省洪湖农贸市场,4.00,3.00,小葱,湖北,none,2017-10-16,蔬菜,元/斤
华中,3.50,none,2018-08-25,湖北省洪湖农贸市场,4.00,3.00,小葱,湖北,none,2017-10-13,蔬菜,元/斤
华中,3.50,none,2018-08-25,湖北省洪湖农贸市场,4.00,3.00,小葱,湖北,none,2017-10-12,蔬菜,元/斤
华中,3.50,none,2018-08-25,湖北省洪湖农贸市场,4.00,3.00,小葱,湖北,none,2017-10-11,蔬菜,元/斤
华中,3.50,none,2018-08-25,湖北省洪湖农贸市场,4.00,3.00,小葱,湖北,none,2017-10-09,蔬菜,元/斤
华中,4.20,none,2018-08-25,湖北省洪湖农贸市场,4.90,3.70,小葱,湖北,none,2017-09-30,蔬菜,元/斤
华中,4.20,none,2018-08-25,湖北省洪湖农贸市场,4.90,3.70,小葱,湖北,none,2017-09-29,蔬菜,元/斤
华中,4.20,none,2018-08-25,湖北省洪湖农贸市场,4.90,3.70,小葱,湖北,none,2017-09-28,蔬菜,元/斤
华中,4.20,none,2018-08-25,湖北省洪湖农贸市场,4.90,3.70,小葱,湖北,none,2017-09-27,蔬菜,元/斤
华中,4.20,none,2018-08-25,湖北省洪湖农贸市场,4.90,3.70,小葱,湖北,none,2017-09-26,蔬菜,元/斤
华中,4.20,none,2018-08-25,湖北省洪湖农贸市场,4.90,3.70,小葱,湖北,none,2017-09-22,蔬菜,元/斤
华中,4.20,none,2018-08-25,湖北省洪湖农贸市场,4.90,3.70,小葱,湖北,none,2017-09-21,蔬菜,元/斤
华中,4.20,none,2018-08-25,湖北省洪湖农贸市场,4.90,3.70,小葱,湖北,none,2017-09-20,蔬菜,元/斤
华中,4.20,none,2018-08-25,湖北省洪湖农贸市场,4.90,3.70,小葱,湖北,none,2017-09-19,蔬菜,元/斤
华中,4.20,none,2018-08-25,湖北省洪湖农贸市场,4.90,3.70,小葱,湖北,none,2017-09-08,蔬菜,元/斤
华中,4.20,none,2018-08-25,湖北省洪湖农贸市场,4.90,3.70,小葱,湖北,none,2017-09-07,蔬菜,元/斤
华中,4.00,none,2018-08-25,湖北省洪湖农贸市场,4.70,3.50,小葱,湖北,none,2017-09-04,蔬菜,元/斤
华中,3.70,none,2018-08-25,湖北省洪湖农贸市场,4.20,3.20,小葱,湖北,none,2017-09-01,蔬菜,元/斤
华中,3.70,none,2018-08-25,湖北省洪湖农贸市场,4.20,3.20,小葱,湖北,none,2017-08-31,蔬菜,元/斤
华中,3.50,none,2018-08-25,湖北省洪湖农贸市场,4.00,3.20,小葱,湖北,none,2017-08-30,蔬菜,元/斤
华中,3.50,none,2018-08-25,湖北省洪湖农贸市场,4.00,3.20,小葱,湖北,none,2017-08-29,蔬菜,元/斤
华中,3.50,none,2018-08-25,湖北省洪湖农贸市场,4.00,3.20,小葱,湖北,none,2017-08-24,蔬菜,元/斤
华中,3.50,none,2018-08-25,湖北省洪湖农贸市场,4.00,3.20,小葱,湖北,none,2017-08-22,蔬菜,元/斤
华中,3.50,none,2018-08-25,湖北省洪湖农贸市场,4.00,3.20,小葱,湖北,none,2017-08-21,蔬菜,元/斤
华中,3.50,none,2018-08-25,湖北省洪湖农贸市场,4.00,3.20,小葱,湖北,none,2017-08-16,蔬菜,元/斤
华中,3.40,none,2018-08-25,湖北省洪湖农贸市场,3.80,2.90,小葱,湖北,none,2017-11-28,蔬菜,元/斤
华中,3.50,none,2018-08-25,湖北省洪湖农贸市场,3.90,3.00,小葱,湖北,none,2017-11-27,蔬菜,元/斤
华中,3.70,none,2018-08-25,湖北省洪湖农贸市场,4.20,3.20,小葱,湖北,none,2017-11-23,蔬菜,元/斤
华中,3.70,none,2018-08-25,湖北省洪湖农贸市场,4.20,3.20,小葱,湖北,none,2017-11-22,蔬菜,元/斤
华中,3.70,none,2018-08-25,湖北省洪湖农贸市场,4.20,3.20,小葱,湖北,none,2017-11-21,蔬菜,元/斤
华中,3.70,none,2018-08-25,湖北省洪湖农贸市场,4.20,3.20,小葱,湖北,none,2017-11-20,蔬菜,元/斤
华中,3.70,none,2018-08-25,湖北省洪湖农贸市场,4.20,3.20,小葱,湖北,none,2017-11-17,蔬菜,元/斤
华中,3.70,none,2018-08-25,湖北省洪湖农贸市场,4.20,3.20,小葱,湖北,none,2017-11-16,蔬菜,元/斤
华中,3.70,none,2018-08-25,湖北省洪湖农贸市场,4.20,3.20,小葱,湖北,none,2017-11-14,蔬菜,元/斤
华中,3.70,none,2018-08-25,湖北省洪湖农贸市场,4.20,3.20,小葱,湖北,none,2017-11-13,蔬菜,元/斤
华中,3.70,none,2018-08-25,湖北省洪湖农贸市场,4.20,3.20,小葱,湖北,none,2017-11-10,蔬菜,元/斤
华中,3.70,none,2018-08-25,湖北省洪湖农贸市场,4.20,3.20,小葱,湖北,none,2017-11-09,蔬菜,元/斤
华中,3.70,none,2018-08-25,湖北省洪湖农贸市场,4.20,3.20,小葱,湖北,none,2017-11-08,蔬菜,元/斤
华中,3.70,none,2018-08-25,湖北省洪湖农贸市场,4.20,3.20,小葱,湖北,none,2017-11-07,蔬菜,元/斤
华中,3.70,none,2018-08-25,湖北省洪湖农贸市场,4.20,3.20,小葱,湖北,none,2017-11-06,蔬菜,元/斤
华中,3.70,none,2018-08-25,湖北省洪湖农贸市场,4.20,3.20,小葱,湖北,none,2017-11-03,蔬菜,元/斤
华中,3.70,none,2018-08-25,湖北省洪湖农贸市场,4.20,3.20,小葱,湖北,none,2017-11-02,蔬菜,元/斤
华中,3.50,none,2018-08-25,湖北省洪湖农贸市场,4.00,3.00,小葱,湖北,none,2017-11-01,蔬菜,元/斤
华中,3.50,none,2018-08-25,湖北省洪湖农贸市场,4.00,3.00,小葱,湖北,none,2017-10-27,蔬菜,元/斤
华中,3.50,none,2018-08-25,湖北省洪湖农贸市场,4.00,3.00,小葱,湖北,none,2017-10-26,蔬菜,元/斤
华中,3.50,none,2018-08-25,湖北省洪湖农贸市场,4.00,3.00,小葱,湖北,none,2017-10-25,蔬菜,元/斤
华中,3.50,none,2018-08-25,湖北省洪湖农贸市场,4.00,3.00,小葱,湖北,none,2017-10-24,蔬菜,元/斤
华中,3.50,none,2018-08-25,湖北省洪湖农贸市场,4.00,3.00,小葱,湖北,none,2017-10-20,蔬菜,元/斤
华中,3.50,none,2018-08-25,湖北省洪湖农贸市场,4.00,3.00,小葱,湖北,none,2017-10-19,蔬菜,元/斤
华中,3.50,none,2018-08-25,湖北省洪湖农贸市场,4.00,3.00,小葱,湖北,none,2017-10-18,蔬菜,元/斤
华中,4.50,none,2018-08-25,湖北省洪湖农贸市场,5.00,4.10,小葱,湖北,none,2018-01-17,蔬菜,元/斤
华中,4.50,none,2018-08-25,湖北省洪湖农贸市场,5.00,4.10,小葱,湖北,none,2018-01-15,蔬菜,元/斤
华中,4.50,none,2018-08-25,湖北省洪湖农贸市场,5.00,4.10,小葱,湖北,none,2018-01-12,蔬菜,元/斤
华中,4.50,none,2018-08-25,湖北省洪湖农贸市场,5.00,4.10,小葱,湖北,none,2018-01-11,蔬菜,元/斤
华中,4.50,none,2018-08-25,湖北省洪湖农贸市场,4.90,4.10,小葱,湖北,none,2018-01-10,蔬菜,元/斤
华中,4.30,none,2018-08-25,湖北省洪湖农贸市场,4.50,4.00,小葱,湖北,none,2018-01-09,蔬菜,元/斤
华中,3.80,none,2018-08-25,湖北省洪湖农贸市场,4.00,3.50,小葱,湖北,none,2018-01-05,蔬菜,元/斤
华中,3.30,none,2018-08-25,湖北省洪湖农贸市场,3.50,3.00,小葱,湖北,none,2018-01-04,蔬菜,元/斤
华中,2.30,none,2018-08-25,湖北省洪湖农贸市场,2.80,2.00,小葱,湖北,none,2018-01-03,蔬菜,元/斤
华中,2.30,none,2018-08-25,湖北省洪湖农贸市场,2.80,2.00,小葱,湖北,none,2017-12-28,蔬菜,元/斤
华中,2.30,none,2018-08-25,湖北省洪湖农贸市场,2.80,2.00,小葱,湖北,none,2017-12-26,蔬菜,元/斤
华中,2.30,none,2018-08-25,湖北省洪湖农贸市场,2.80,2.00,小葱,湖北,none,2017-12-22,蔬菜,元/斤
华中,2.30,none,2018-08-25,湖北省洪湖农贸市场,2.80,2.00,小葱,湖北,none,2017-12-20,蔬菜,元/斤
华中,2.30,none,2018-08-25,湖北省洪湖农贸市场,2.80,2.00,小葱,湖北,none,2017-12-19,蔬菜,元/斤
华中,2.30,none,2018-08-25,湖北省洪湖农贸市场,2.80,2.00,小葱,湖北,none,2017-12-13,蔬菜,元/斤
华中,2.30,none,2018-08-25,湖北省洪湖农贸市场,2.80,2.00,小葱,湖北,none,2017-12-12,蔬菜,元/斤
华中,2.30,none,2018-08-25,湖北省洪湖农贸市场,2.80,2.00,小葱,湖北,none,2017-12-11,蔬菜,元/斤
华中,3.40,none,2018-08-25,湖北省洪湖农贸市场,3.80,2.90,小葱,湖北,none,2017-12-08,蔬菜,元/斤
华中,3.40,none,2018-08-25,湖北省洪湖农贸市场,3.80,2.90,小葱,湖北,none,2017-12-07,蔬菜,元/斤
华中,3.40,none,2018-08-25,湖北省洪湖农贸市场,3.80,2.90,小葱,湖北,none,2017-12-06,蔬菜,元/斤
华中,3.40,none,2018-08-25,湖北省洪湖农贸市场,3.80,2.90,小葱,湖北,none,2017-12-05,蔬菜,元/斤
华中,3.40,none,2018-08-25,湖北省洪湖农贸市场,3.80,2.90,小葱,湖北,none,2017-12-04,蔬菜,元/斤
华中,3.40,none,2018-08-25,湖北省洪湖农贸市场,3.80,2.90,小葱,湖北,none,2017-12-01,蔬菜,元/斤
华中,3.40,none,2018-08-25,湖北省洪湖农贸市场,3.80,2.90,小葱,湖北,none,2017-11-30,蔬菜,元/斤
华中,3.40,none,2018-08-25,湖北省洪湖农贸市场,3.80,2.90,小葱,湖北,none,2017-11-29,蔬菜,元/斤
华中,3.00,none,2018-08-25,湖北省洪湖农贸市场,3.30,2.80,小葱,湖北,none,2018-03-07,蔬菜,元/斤
华中,3.00,none,2018-08-25,湖北省洪湖农贸市场,3.30,2.80,小葱,湖北,none,2018-03-06,蔬菜,元/斤
华中,3.30,none,2018-08-25,湖北省洪湖农贸市场,3.50,3.00,小葱,湖北,none,2018-03-05,蔬菜,元/斤
华中,4.50,none,2018-08-25,湖北省洪湖农贸市场,4.90,4.00,小葱,湖北,none,2018-03-02,蔬菜,元/斤
华中,4.50,none,2018-08-25,湖北省洪湖农贸市场,4.90,4.00,小葱,湖北,none,2018-02-28,蔬菜,元/斤
华中,4.50,none,2018-08-25,湖北省洪湖农贸市场,4.90,4.00,小葱,湖北,none,2018-02-26,蔬菜,元/斤
华中,4.50,none,2018-08-25,湖北省洪湖农贸市场,5.00,4.00,小葱,湖北,none,2018-02-22,蔬菜,元/斤
华中,4.50,none,2018-08-25,湖北省洪湖农贸市场,5.00,4.00,小葱,湖北,none,2018-02-14,蔬菜,元/斤
华中,4.30,none,2018-08-25,湖北省洪湖农贸市场,4.80,3.80,小葱,湖北,none,2018-02-13,蔬菜,元/斤
华中,4.00,none,2018-08-25,湖北省洪湖农贸市场,4.50,3.50,小葱,湖北,none,2018-02-11,蔬菜,元/斤
华中,4.00,none,2018-08-25,湖北省洪湖农贸市场,4.50,3.50,小葱,湖北,none,2018-02-08,蔬菜,元/斤
华中,4.00,none,2018-08-25,湖北省洪湖农贸市场,4.50,3.50,小葱,湖北,none,2018-02-06,蔬菜,元/斤
华中,4.00,none,2018-08-25,湖北省洪湖农贸市场,4.50,3.50,小葱,湖北,none,2018-02-05,蔬菜,元/斤
华中,4.50,none,2018-08-25,湖北省洪湖农贸市场,5.00,4.10,小葱,湖北,none,2018-02-02,蔬菜,元/斤
华中,4.50,none,2018-08-25,湖北省洪湖农贸市场,5.00,4.10,小葱,湖北,none,2018-02-01,蔬菜,元/斤
华中,4.50,none,2018-08-25,湖北省洪湖农贸市场,5.00,4.10,小葱,湖北,none,2018-01-31,蔬菜,元/斤
华中,4.50,none,2018-08-25,湖北省洪湖农贸市场,5.00,4.10,小葱,湖北,none,2018-01-30,蔬菜,元/斤
华中,4.50,none,2018-08-25,湖北省洪湖农贸市场,5.00,4.10,小葱,湖北,none,2018-01-29,蔬菜,元/斤
华中,4.50,none,2018-08-25,湖北省洪湖农贸市场,5.00,4.10,小葱,湖北,none,2018-01-28,蔬菜,元/斤
华中,4.50,none,2018-08-25,湖北省洪湖农贸市场,5.00,4.10,小葱,湖北,none,2018-01-27,蔬菜,元/斤
华中,4.50,none,2018-08-25,湖北省洪湖农贸市场,5.00,4.10,小葱,湖北,none,2018-01-26,蔬菜,元/斤
华中,4.50,none,2018-08-25,湖北省洪湖农贸市场,5.00,4.10,小葱,湖北,none,2018-01-25,蔬菜,元/斤
华中,4.50,none,2018-08-25,湖北省洪湖农贸市场,5.00,4.10,小葱,湖北,none,2018-01-24,蔬菜,元/斤
华中,4.50,none,2018-08-25,湖北省洪湖农贸市场,5.00,4.10,小葱,湖北,none,2018-01-23,蔬菜,元/斤
华中,4.50,none,2018-08-25,湖北省洪湖农贸市场,5.00,4.10,小葱,湖北,none,2018-01-19,蔬菜,元/斤
华中,2.60,none,2018-08-25,湖北省洪湖农贸市场,3.00,2.10,小葱,湖北,none,2018-04-26,蔬菜,元/斤
华中,2.60,none,2018-08-25,湖北省洪湖农贸市场,3.00,2.10,小葱,湖北,none,2018-04-25,蔬菜,元/斤
华中,2.60,none,2018-08-25,湖北省洪湖农贸市场,3.00,2.10,小葱,湖北,none,2018-04-24,蔬菜,元/斤
华中,2.60,none,2018-08-25,湖北省洪湖农贸市场,3.00,2.10,小葱,湖北,none,2018-04-20,蔬菜,元/斤
华中,2.60,none,2018-08-25,湖北省洪湖农贸市场,3.00,2.10,小葱,湖北,none,2018-04-19,蔬菜,元/斤
华中,2.50,none,2018-08-25,湖北省洪湖农贸市场,2.90,2.00,小葱,湖北,none,2018-04-17,蔬菜,元/斤
华中,2.50,none,2018-08-25,湖北省洪湖农贸市场,2.80,2.00,小葱,湖北,none,2018-04-16,蔬菜,元/斤
华中,2.00,none,2018-08-25,湖北省洪湖农贸市场,2.30,1.80,小葱,湖北,none,2018-04-13,蔬菜,元/斤
华中,2.00,none,2018-08-25,湖北省洪湖农贸市场,2.30,1.80,小葱,湖北,none,2018-04-12,蔬菜,元/斤
华中,2.00,none,2018-08-25,湖北省洪湖农贸市场,2.30,1.80,小葱,湖北,none,2018-04-08,蔬菜,元/斤
华中,2.00,none,2018-08-25,湖北省洪湖农贸市场,2.30,1.80,小葱,湖北,none,2018-03-30,蔬菜,元/斤
华中,2.00,none,2018-08-25,湖北省洪湖农贸市场,2.30,1.80,小葱,湖北,none,2018-03-29,蔬菜,元/斤
华中,2.00,none,2018-08-25,湖北省洪湖农贸市场,2.30,1.80,小葱,湖北,none,2018-03-28,蔬菜,元/斤
华中,2.00,none,2018-08-25,湖北省洪湖农贸市场,2.30,1.80,小葱,湖北,none,2018-03-27,蔬菜,元/斤
华中,2.00,none,2018-08-25,湖北省洪湖农贸市场,2.30,1.80,小葱,湖北,none,2018-03-26,蔬菜,元/斤
华中,3.00,none,2018-08-25,湖北省洪湖农贸市场,3.30,2.80,小葱,湖北,none,2018-03-23,蔬菜,元/斤
华中,3.00,none,2018-08-25,湖北省洪湖农贸市场,3.30,2.80,小葱,湖北,none,2018-03-22,蔬菜,元/斤
华中,3.00,none,2018-08-25,湖北省洪湖农贸市场,3.30,2.80,小葱,湖北,none,2018-03-21,蔬菜,元/斤
华中,3.00,none,2018-08-25,湖北省洪湖农贸市场,3.30,2.80,小葱,湖北,none,2018-03-19,蔬菜,元/斤
华中,3.00,none,2018-08-25,湖北省洪湖农贸市场,3.30,2.80,小葱,湖北,none,2018-03-15,蔬菜,元/斤
华中,3.00,none,2018-08-25,湖北省洪湖农贸市场,3.30,2.80,小葱,湖北,none,2018-03-14,蔬菜,元/斤
华中,3.00,none,2018-08-25,湖北省洪湖农贸市场,3.30,2.80,小葱,湖北,none,2018-03-13,蔬菜,元/斤
华中,3.00,none,2018-08-25,湖北省洪湖农贸市场,3.30,2.80,小葱,湖北,none,2018-03-12,蔬菜,元/斤
华中,3.00,none,2018-08-25,湖北省洪湖农贸市场,3.30,2.80,小葱,湖北,none,2018-03-09,蔬菜,元/斤
华中,3.00,none,2018-08-25,湖北省洪湖农贸市场,3.30,2.80,小葱,湖北,none,2018-03-08,蔬菜,元/斤
